0 88
0 43
0 27
0 72
0 85
0 11
0 92
1 58
1 48
1 29
1 58
1 64
1 26
1 80
1 60
1 45
2 98
2 15
2 16
2 52
2 65
2 19
2 45
2 73
2 77
2 58
2 28
2 55
2 3
2 94
3 21
3 32
3 4
3 52
3 79
3 34
3 35
3 37
4 8
4 71
4 51
4 85
4 93
4 38
4 11
4 42
5 54
5 38
5 86
5 35
5 39
5 33
5 28
6 31
6 80
6 87
6 80
6 19
6 38
6 58
6 96
6 34
6 58
6 60
7 92
7 91
7 32
7 86
7 35
7 65
7 72
7 49
7 71
8 57
8 41
8 56
8 30
8 90
8 71
8 51
8 21
8 15
8 98
9 11
9 46
9 47
9 20
9 88
10 72
10 60
10 61
10 35
10 59
10 62
10 68
11 40
11 35
11 42
11 54
11 90
11 15
11 38
11 47
12 28
12 95
12 33
12 59
12 53
12 99
13 45
13 33
13 69
13 59
13 28
14 23
14 93
14 44
14 86
14 54
14 69
14 35
14 62
14 80
14 73
14 63
14 47
15 43
15 46
15 27
15 25
15 22
15 25
15 67
16 76
16 47
16 44
16 18
16 42
16 98
16 84
16 72
16 79
16 58
16 93
16 59
16 60
16 24
17 68
17 64
17 94
17 24
17 75
17 42
17 53
17 43
17 87
17 67
17 84
18 52
18 33
18 91
18 52
18 69
18 44
18 46
18 36
18 72
18 30
18 77
18 90
19 70
19 53
19 27
19 86
19 95
19 60
19 95
19 20
20 70
20 31
20 91
20 63
21 80
21 47
21 23
21 60
21 95
22 80
22 54
22 31
22 66
22 35
22 55
22 31
22 61
22 43
22 49
22 86
23 55
23 80
23 67
23 62
24 49
24 72
24 71
24 52
24 29
25 43
25 86
25 57
25 66
25 99
25 29
25 52
26 42
26 71
26 80
26 83
26 35
26 50
26 78
26 34
26 59
27 52
27 65
27 38
27 39
27 30
27 89
28 44
28 54
28 98
28 59
28 56
28 29
29 56
29 44
29 57
29 73
29 76
29 41
29 96
30 33
30 33
30 40
30 37
30 46
30 55
30 88
30 73
30 99
30 35
31 90
31 95
31 43
31 98
31 80
31 65
31 75
31 35
31 50
32 41
32 83
32 65
32 42
32 54
32 73
32 80
32 72
33 43
33 65
33 54
33 69
33 46
33 87
33 93
33 48
33 47
33 43
33 90
34 47
34 92
34 62
34 40
34 58
34 69
34 90
34 49
34 63
34 76
34 88
35 80
35 69
35 83
36 75
36 66
36 98
36 56
36 41
36 90
36 38
37 91
37 45
37 96
37 95
37 63
37 73
38 40
38 73
38 54
38 71
39 52
39 65
39 81
39 62
39 55
40 68
40 60
40 61
40 53
40 74
40 54
40 82
40 52
41 51
41 93
41 93
41 86
41 74
41 80
41 58
42 71
42 78
42 87
42 47
42 43
42 84
43 61
43 92
43 92
43 87
43 65
43 82
43 49
44 81
44 74
44 92
44 89
44 79
45 92
45 57
46 49
46 58
46 49
46 74
46 48
46 92
47 89
47 72
47 87
47 71
47 53
47 94
47 90
47 96
47 71
48 57
48 93
48 63
48 61
48 72
48 63
48 62
48 72
49 69
49 81
49 65
49 51
49 64
49 73
49 51
50 55
50 69
51 60
51 72
51 96
51 82
52 88
52 74
52 93
52 72
52 93
53 98
53 98
53 60
53 96
54 85
54 66
54 94
55 88
55 78
55 59
55 68
55 89
55 97
56 61
56 64
56 91
56 95
56 67
56 59
56 86
56 73
57 76
57 69
57 67
57 81
57 70
57 77
58 64
58 63
58 92
58 90
58 81
59 80
59 87
59 72
60 72
60 83
60 98
60 61
60 62
60 72
60 66
61 90
61 77
61 94
61 87
62 77
63 87
63 98
63 89
63 78
64 81
64 94
65 78
65 86
65 92
66 77
66 77
66 93
66 73
66 91
66 85
66 90
66 99
67 86
67 97
67 71
69 76
69 74
69 83
70 91
70 73
71 84
71 88
72 98
73 74
73 94
73 93
74 81
74 90
75 99
75 97
76 88
76 85
76 98
77 96
77 96
80 96
81 85
81 91
82 88
82 99
83 92
84 89
85 93
85 96
86 87
86 88
87 92
88 97
89 94
89 90
89 93
89 93
92 94
93 95
97 99
97 98
