0 44
0 68
0 37
0 54
0 53
0 47
0 60
0 54
0 73
0 98
0 93
1 16
1 51
1 45
1 73
1 27
1 43
1 97
1 95
1 67
1 37
1 45
1 15
1 92
1 23
1 28
1 96
2 80
2 10
2 78
2 51
2 21
2 73
2 92
2 18
3 85
3 43
3 10
3 90
3 89
3 71
3 33
3 61
4 88
4 42
4 29
4 50
4 88
4 13
4 91
4 38
5 39
5 13
5 31
5 60
5 22
5 74
5 79
5 81
5 54
6 71
6 57
6 51
6 28
6 45
6 45
6 46
6 94
6 39
6 81
6 95
7 81
7 34
8 17
8 91
8 85
8 12
8 13
8 81
8 54
8 72
9 95
9 62
9 79
9 43
9 77
9 48
9 48
10 23
10 71
10 83
10 63
10 59
11 79
11 16
11 43
11 64
11 29
11 77
11 41
11 78
11 94
11 39
11 80
12 95
12 52
12 51
12 39
12 76
12 97
12 33
12 51
12 32
13 73
13 67
13 52
13 57
13 36
13 96
13 56
13 99
13 51
13 68
13 29
14 64
14 89
14 51
14 57
14 43
14 76
14 16
14 80
15 71
15 34
15 57
15 27
15 99
15 68
15 47
15 99
15 36
15 25
15 28
15 62
15 82
16 67
16 44
16 77
16 42
16 74
16 80
16 43
16 24
16 17
16 70
17 75
17 33
17 43
17 89
17 93
17 76
17 35
17 88
18 23
18 58
18 79
18 20
18 70
18 83
18 84
18 52
18 99
18 37
18 46
18 42
19 33
19 68
19 36
19 93
19 79
19 77
19 97
19 95
19 94
19 28
19 44
20 52
20 53
20 36
20 24
20 45
20 83
20 40
21 29
21 57
21 49
21 22
21 24
22 39
22 42
22 25
22 62
22 97
23 69
23 96
23 24
23 43
23 94
23 94
24 43
24 43
24 52
24 41
24 79
24 60
24 40
24 71
25 42
25 83
25 27
25 75
25 28
25 71
26 61
26 51
26 61
26 83
26 48
26 64
26 48
26 95
26 82
27 65
27 53
27 97
27 95
28 35
28 66
28 74
28 52
28 48
29 86
29 42
30 34
30 91
30 89
30 38
30 55
31 33
31 51
31 69
31 73
31 94
32 37
32 72
32 42
33 61
33 42
33 55
33 87
33 61
33 81
33 82
33 99
33 89
34 99
34 54
34 43
34 99
34 75
34 44
34 84
34 88
34 85
35 88
35 63
35 61
35 90
36 93
36 77
36 89
36 92
36 85
36 52
36 63
36 60
36 91
37 84
37 42
37 43
37 47
37 40
38 91
38 58
39 99
39 61
39 94
39 50
39 64
39 62
39 97
39 49
39 75
40 48
40 92
40 97
40 65
40 42
40 83
40 81
40 49
41 97
41 67
41 79
41 66
41 53
42 45
42 96
42 98
42 77
42 86
43 60
43 69
43 70
43 78
43 54
43 64
43 61
43 83
43 89
44 77
44 95
44 69
44 49
44 51
44 85
44 55
45 56
45 92
45 47
45 66
45 93
45 70
45 68
45 88
46 50
46 87
46 68
46 70
46 69
47 57
47 68
47 85
47 54
47 57
47 69
47 83
47 67
47 90
48 67
48 79
48 52
49 81
49 83
49 77
49 67
49 95
50 81
50 78
50 60
50 69
50 77
50 61
51 94
51 99
51 84
52 75
52 96
52 87
52 58
53 77
53 79
53 91
53 57
54 81
54 76
54 69
54 88
55 64
55 92
55 84
55 56
56 73
57 64
57 64
58 89
58 65
58 88
58 87
58 59
58 89
58 78
59 96
59 95
59 81
59 93
59 81
59 65
59 68
60 65
60 72
60 78
61 82
61 92
61 96
61 71
61 87
61 68
61 62
62 73
62 85
63 88
63 88
63 98
64 98
64 72
64 98
64 83
64 78
64 80
64 78
64 74
65 92
65 76
65 85
65 74
65 70
65 92
66 75
66 91
66 73
66 92
66 68
66 81
67 96
67 97
67 79
67 91
67 84
68 84
68 89
68 98
68 76
69 88
69 91
70 88
70 86
71 75
71 86
71 84
72 80
72 95
72 73
73 76
73 83
73 88
73 91
73 90
75 76
75 91
76 93
76 91
76 99
77 91
77 93
78 81
78 81
78 85
79 81
79 95
79 91
80 91
80 88
81 98
81 87
82 95
82 96
83 89
83 92
84 87
84 90
85 96
86 98
86 89
89 94
89 95
92 95
92 95
96 99
97 99
