0 19
0 44
0 10
0 98
0 12
0 6
0 86
0 47
1 67
1 97
1 74
1 58
1 77
1 69
1 78
1 59
1 43
1 86
1 56
2 15
2 51
2 69
2 89
2 47
2 8
3 21
3 23
3 18
3 20
3 19
3 93
3 81
3 87
3 37
3 94
3 9
3 95
3 6
4 86
4 86
4 27
4 43
4 49
4 60
4 74
4 26
4 74
4 45
4 28
4 6
4 6
4 41
5 79
5 41
5 91
5 34
5 7
5 30
5 35
5 9
5 29
6 66
6 22
6 41
6 38
6 26
7 46
7 14
7 95
7 41
7 88
7 91
7 14
8 18
8 26
8 85
8 69
8 66
8 60
8 95
9 98
9 15
9 86
9 30
9 27
9 76
9 34
9 68
9 22
9 89
10 44
10 91
10 96
10 50
10 64
11 82
11 63
11 98
11 92
11 74
11 76
11 76
11 54
11 48
11 30
12 40
12 89
12 63
12 77
12 53
12 51
13 93
13 79
13 83
13 61
13 79
13 30
13 85
13 97
13 18
14 66
14 55
14 94
14 25
14 59
14 24
15 72
15 49
15 19
15 64
15 34
16 52
16 37
16 27
16 60
16 25
16 31
16 17
17 51
17 48
17 29
17 38
17 34
17 59
17 70
17 87
18 40
18 52
18 55
18 20
18 94
19 45
19 49
19 75
19 77
19 75
19 28
19 68
20 94
20 62
20 49
20 43
20 82
20 76
21 75
21 47
21 31
21 64
21 93
21 27
21 27
22 33
22 25
22 41
22 78
22 88
22 66
22 65
23 85
23 90
23 44
23 46
23 84
24 60
24 75
24 52
25 99
25 57
25 54
25 65
25 32
25 64
25 89
25 57
26 40
26 88
26 73
26 93
27 74
27 84
27 40
27 62
27 47
28 59
28 58
29 99
29 99
29 34
29 50
29 94
29 48
29 30
29 45
29 57
29 59
29 81
29 60
29 79
29 91
30 60
30 49
30 34
30 36
30 77
30 42
30 89
31 98
31 35
31 87
31 54
31 88
31 43
31 71
31 41
31 87
31 37
31 43
31 54
32 96
32 38
32 53
32 63
32 53
32 47
33 48
33 95
33 60
33 89
33 55
33 41
33 37
33 91
33 72
34 50
34 52
34 53
34 80
34 40
34 51
34 35
35 69
35 69
35 97
35 95
35 86
35 45
36 76
36 57
36 39
36 68
36 95
36 44
36 63
36 71
37 81
37 44
37 93
37 96
37 92
37 80
37 58
37 81
37 83
38 94
38 82
38 88
38 53
38 68
38 54
38 39
38 47
38 70
38 75
39 89
39 90
39 86
39 42
39 61
39 53
39 78
39 89
39 59
39 46
39 73
40 69
40 51
40 41
40 84
40 43
40 98
40 61
40 68
40 84
40 50
40 72
41 73
41 54
41 52
41 97
41 59
41 78
41 97
41 53
41 87
41 57
42 79
43 63
43 93
43 65
43 44
44 59
44 90
44 78
44 45
44 86
44 46
44 62
44 60
44 64
45 90
45 66
45 48
45 88
45 78
46 67
46 80
46 80
46 75
46 61
46 74
46 53
47 75
47 77
47 79
47 55
47 66
47 88
48 70
48 55
48 70
48 99
49 96
49 90
49 88
49 84
50 70
50 85
50 97
50 88
50 96
50 79
50 66
50 83
51 86
51 87
51 57
52 57
52 93
52 54
52 82
53 56
53 81
54 59
54 75
54 64
54 65
54 67
54 92
55 75
55 95
55 77
55 95
55 60
55 65
55 97
55 88
55 69
56 96
56 88
56 71
56 99
56 58
56 94
56 84
56 97
57 79
57 96
57 65
58 95
58 94
58 88
58 75
58 69
59 78
59 60
59 95
59 95
59 63
59 66
59 70
59 74
59 63
59 80
59 92
59 76
60 70
60 68
61 79
61 83
61 99
62 98
63 69
63 87
63 99
63 82
63 87
63 95
63 68
64 98
64 98
64 85
65 88
65 79
65 70
65 81
65 86
65 71
65 84
66 72
66 68
66 76
66 82
66 75
66 81
67 97
67 71
67 87
67 90
68 91
68 73
68 80
69 73
69 90
69 81
69 88
69 76
70 96
70 74
70 83
71 93
71 77
71 86
72 73
72 87
74 84
74 92
75 82
75 83
76 89
77 87
77 98
79 92
80 89
80 93
82 95
82 86
82 89
83 88
84 89
85 86
85 94
87 90
87 91
87 89
88 93
90 95
90 93
92 99
93 95
93 97
