0 49
0 59
0 66
0 82
0 65
0 7
0 26
0 5
0 62
1 56
1 25
1 47
1 42
1 57
1 52
1 34
1 70
2 64
2 75
2 3
2 25
2 41
2 35
2 25
2 50
2 44
2 3
2 95
2 36
2 52
3 68
3 60
3 36
3 26
3 43
3 46
3 6
3 54
4 67
4 17
4 22
4 93
4 38
4 94
4 90
4 82
4 47
4 70
5 81
5 26
5 10
5 86
5 76
5 35
6 63
6 62
6 85
6 99
6 47
6 92
6 96
7 28
7 39
7 73
7 33
7 29
7 86
7 25
8 38
8 82
8 28
8 24
8 88
8 86
8 91
8 88
8 72
8 32
8 64
8 95
8 33
8 23
8 72
9 96
9 30
9 96
9 81
9 74
9 70
9 64
9 20
9 64
9 42
9 67
10 21
10 69
10 73
10 76
10 29
10 95
10 51
10 64
10 22
10 49
11 15
11 48
11 33
11 48
11 88
11 39
11 48
11 90
12 14
12 23
12 79
12 81
12 25
12 38
12 16
12 40
12 44
12 88
13 86
13 87
13 22
13 66
13 64
13 61
14 90
14 74
14 46
14 45
14 96
14 95
14 30
14 53
14 42
14 80
14 44
15 50
15 73
15 43
15 45
15 18
16 21
16 71
16 72
16 94
16 60
16 94
16 99
16 60
17 82
17 65
17 65
17 53
17 78
18 50
18 79
18 25
18 57
18 97
18 69
18 85
18 87
18 21
18 70
18 89
19 27
19 30
19 85
19 41
19 93
20 82
20 80
20 83
20 38
20 71
20 91
20 53
20 94
20 92
20 79
20 32
20 83
20 79
20 25
20 73
20 80
21 95
21 35
21 67
21 35
21 76
21 38
22 79
22 93
22 53
22 58
22 40
22 75
22 65
23 36
23 25
23 84
23 46
23 27
23 26
24 99
24 75
24 40
24 76
24 59
24 85
24 86
24 61
24 81
24 25
24 45
24 80
24 70
24 63
24 69
25 43
25 65
25 34
25 74
25 96
25 57
25 49
25 38
25 51
25 53
26 64
26 29
26 88
26 42
26 60
26 77
26 76
27 62
27 94
27 33
27 30
28 75
28 74
28 67
28 98
28 87
28 47
28 65
28 43
28 33
29 96
29 99
29 68
29 82
29 60
29 43
29 56
29 83
29 39
30 81
30 45
30 50
30 64
30 81
30 47
30 51
30 82
30 39
31 54
31 65
31 82
31 95
31 85
31 75
31 41
31 68
32 77
32 98
32 75
32 53
32 35
32 78
32 75
32 67
32 79
32 64
33 62
33 55
33 90
33 77
33 62
33 41
33 66
33 99
34 37
34 66
34 93
34 82
34 95
34 69
34 45
35 49
35 36
35 98
35 51
35 99
36 42
36 60
36 37
36 89
36 88
36 96
37 47
37 45
37 76
37 93
37 49
37 84
38 87
38 77
38 60
38 58
38 91
38 66
38 46
38 60
38 40
38 73
39 74
39 64
39 57
39 72
39 87
39 90
40 79
40 94
40 98
40 86
40 77
40 94
40 53
41 82
41 91
41 78
41 97
42 51
42 76
43 87
43 51
43 65
43 60
43 96
43 63
43 98
44 93
44 65
44 78
45 77
45 57
45 88
45 46
45 60
46 81
46 98
46 69
46 79
46 93
46 89
46 86
46 69
47 63
47 82
47 48
48 62
48 90
48 69
48 73
48 66
48 79
49 76
49 88
49 97
49 88
50 91
50 74
50 95
51 90
52 91
52 63
53 83
53 69
53 84
53 60
53 93
54 87
54 58
54 99
54 82
54 79
54 97
55 58
55 95
55 90
56 73
56 72
56 70
56 82
57 67
57 60
57 87
57 86
57 71
58 65
58 78
58 78
58 86
59 77
59 94
59 86
60 69
60 99
60 62
61 65
61 70
62 96
62 84
62 89
62 87
63 98
63 91
63 66
64 98
64 82
65 79
65 69
65 69
65 67
65 82
66 81
66 98
67 74
67 83
67 96
68 95
68 94
68 90
69 72
69 76
69 82
70 71
70 85
71 76
71 83
71 94
71 93
72 81
72 93
72 96
72 74
74 99
75 85
75 84
75 80
76 97
76 79
76 87
76 97
76 87
76 87
77 96
77 95
77 91
78 91
79 80
79 85
79 81
79 99
80 93
80 84
81 94
81 84
82 97
82 96
83 89
83 94
83 87
84 99
84 86
85 94
86 92
86 91
87 89
87 93
88 95
89 97
91 97
98 99
