0 40
0 32
0 2
0 93
0 11
0 74
0 99
0 30
0 3
0 20
0 86
0 54
0 9
0 5
0 82
1 81
1 57
1 81
1 10
1 27
2 23
2 56
2 18
2 9
2 87
2 11
2 28
2 56
2 83
2 14
2 13
3 89
3 22
3 66
3 9
3 97
3 28
3 89
3 79
3 88
3 54
3 81
4 73
4 22
4 68
4 27
4 69
4 13
4 82
4 52
4 43
4 48
4 29
4 54
4 92
4 23
4 41
5 92
5 66
5 98
5 91
5 76
5 56
6 49
6 71
6 25
6 76
6 46
6 25
6 74
6 45
6 79
6 42
7 94
7 33
7 92
7 58
7 20
7 35
7 34
8 73
8 97
8 16
8 99
8 63
9 78
9 13
9 53
9 65
9 40
9 29
9 91
9 39
9 58
10 99
10 55
10 39
10 53
10 56
10 18
10 40
10 91
10 40
11 65
11 12
11 64
11 77
11 46
11 32
11 63
11 44
11 85
11 84
11 53
11 37
11 71
11 25
12 48
12 40
12 45
12 38
12 23
12 27
12 32
13 30
13 45
13 99
13 91
14 38
14 18
14 53
14 68
14 21
15 91
15 65
15 72
15 33
15 23
15 92
15 94
15 85
15 33
15 70
15 99
15 87
15 26
15 65
15 82
16 56
16 58
16 17
16 68
16 41
16 63
16 30
16 98
16 40
17 34
17 42
17 89
17 26
17 80
17 83
17 42
17 87
17 33
17 96
18 90
18 89
18 36
18 92
18 48
18 59
18 35
18 27
19 73
19 39
19 51
19 85
19 20
19 97
19 35
19 21
19 66
19 95
19 52
19 84
20 68
20 40
20 37
20 93
20 94
20 68
20 84
21 53
21 66
21 76
21 54
21 85
21 41
21 63
21 35
21 42
22 34
22 87
22 43
22 74
22 24
22 87
22 41
22 32
22 23
23 51
23 76
23 84
23 88
23 33
23 40
23 30
23 44
23 48
23 48
24 52
24 95
24 41
24 87
25 26
25 64
25 91
25 40
25 57
25 29
25 51
26 77
26 93
26 30
26 62
26 43
26 71
27 87
27 51
27 80
27 76
28 70
28 44
28 45
28 91
29 43
29 72
30 63
30 79
30 74
30 56
30 45
30 50
31 60
31 77
31 77
32 90
32 70
32 72
32 84
32 98
32 63
32 59
32 90
33 42
33 72
33 85
33 77
33 56
33 55
33 90
33 64
33 76
34 43
34 97
34 68
34 86
34 61
34 89
34 36
34 39
34 88
34 57
34 54
35 77
35 44
35 82
35 38
35 76
36 53
36 84
36 81
36 52
36 77
36 67
36 87
36 59
36 61
37 47
37 67
37 85
37 53
37 84
37 55
37 95
37 39
37 63
37 90
38 40
38 73
38 56
38 45
39 44
39 46
39 59
40 74
40 49
40 66
40 81
40 70
40 86
41 54
41 58
41 99
41 70
41 59
42 59
42 61
42 95
42 43
42 83
42 89
42 93
43 72
43 77
43 91
43 60
43 66
43 88
44 49
44 97
44 75
44 87
44 95
44 51
45 89
45 94
45 57
45 87
45 59
45 71
45 90
45 99
45 61
46 90
46 95
46 85
46 58
46 69
47 70
47 48
47 87
47 86
47 85
48 72
48 60
48 73
48 80
49 50
49 76
49 89
49 73
49 86
49 68
50 76
50 64
50 61
51 57
51 63
51 93
51 75
51 98
52 57
52 93
52 83
52 94
52 90
53 92
53 73
53 85
53 93
53 93
54 93
54 79
54 70
54 81
55 94
55 57
55 81
56 92
56 81
56 71
56 67
56 63
57 80
57 91
57 71
57 74
57 95
57 87
57 93
57 98
57 78
57 94
58 81
58 62
58 84
58 77
58 74
59 69
59 70
59 71
60 97
60 93
60 72
61 86
61 62
61 96
62 85
62 85
62 78
62 80
62 91
62 70
62 90
62 98
63 84
64 98
64 86
64 71
64 67
64 99
65 72
66 73
66 88
66 89
66 86
66 97
67 71
67 85
67 94
67 76
68 87
68 71
68 96
69 73
70 72
70 93
71 81
71 74
71 93
72 98
72 81
73 80
73 74
73 94
73 95
73 85
73 82
73 78
73 94
74 92
74 90
74 94
75 91
76 78
76 86
77 94
77 93
77 92
77 87
79 83
81 85
82 98
82 97
82 95
83 94
85 90
85 99
87 95
87 93
88 92
89 95
91 93
93 95
93 94
95 98
96 97
