0 38
0 34
0 5
0 62
0 58
0 21
0 41
0 5
0 79
0 62
0 51
0 6
1 84
1 7
1 60
1 31
1 52
1 57
1 35
1 45
1 96
1 69
1 55
1 51
1 62
2 17
2 85
2 34
2 29
2 82
2 21
2 51
2 80
2 11
3 21
3 70
3 99
3 20
3 12
3 64
3 15
3 89
3 51
3 93
4 66
4 94
4 47
4 35
4 70
4 80
4 72
5 21
5 69
5 60
5 12
6 25
6 57
6 88
6 85
6 80
7 75
7 40
7 25
7 33
8 64
8 68
8 60
8 54
8 64
8 56
8 47
9 55
9 59
9 41
9 20
9 22
9 94
9 81
9 65
9 90
9 63
9 20
9 20
9 48
9 50
9 85
9 44
10 77
10 11
10 89
10 49
10 13
10 50
10 71
11 32
11 39
11 62
11 78
11 29
12 72
12 33
12 56
12 57
13 96
13 87
13 56
13 42
13 92
13 89
13 36
13 50
13 23
13 64
13 59
14 55
14 30
14 26
14 77
14 81
14 77
15 36
15 31
15 29
15 61
15 87
15 74
15 55
15 86
15 61
15 58
15 52
15 27
15 57
16 30
16 46
16 63
16 33
16 39
16 25
16 33
16 84
16 47
16 48
16 21
16 78
16 86
17 49
17 25
17 53
17 38
17 77
17 75
17 43
17 19
17 40
18 82
18 56
18 33
18 33
18 63
18 33
18 28
18 66
18 24
18 25
18 68
19 67
19 52
19 55
19 78
19 44
19 26
19 86
19 60
20 59
20 36
20 78
20 47
20 93
21 41
21 32
21 39
21 55
21 39
21 31
21 66
21 31
21 64
21 88
22 29
22 76
22 81
22 95
22 92
22 53
23 33
23 78
23 53
23 24
23 39
23 65
23 48
23 86
24 73
24 76
24 32
24 46
24 28
24 69
25 54
25 65
25 47
25 66
25 89
25 67
25 57
26 96
26 62
26 62
26 74
26 80
26 99
26 43
27 57
27 99
27 72
27 49
27 46
27 56
27 54
27 47
27 93
27 91
28 69
28 64
28 72
28 31
28 39
28 78
29 63
29 82
29 87
29 81
29 49
29 51
29 37
29 41
30 65
30 50
30 64
30 39
30 53
30 37
30 66
30 44
31 95
31 68
31 88
31 53
31 81
31 59
31 53
31 37
31 34
31 37
31 64
31 71
32 84
32 57
32 90
32 50
32 83
32 67
33 38
33 97
33 46
33 54
33 85
34 74
34 36
34 60
34 96
34 42
34 63
34 52
34 41
34 59
35 56
35 87
35 98
35 48
35 74
35 80
35 62
36 50
36 54
36 61
36 68
36 71
36 86
37 88
37 77
37 40
38 97
38 41
38 92
38 74
39 75
39 63
39 45
39 92
39 98
39 61
39 72
39 78
40 87
40 64
40 91
40 67
40 60
40 97
41 79
41 69
41 71
41 46
41 95
41 49
41 74
42 90
42 73
42 94
42 52
42 80
42 80
42 51
42 44
42 91
42 97
42 94
43 81
43 93
43 75
43 94
44 89
44 45
44 76
45 91
45 54
45 56
45 81
45 84
45 63
45 77
45 96
45 69
45 62
45 54
45 84
46 77
46 87
46 80
47 70
47 69
47 92
47 70
48 53
48 92
48 61
48 99
49 88
49 61
49 59
50 87
50 92
50 84
50 58
51 60
51 56
51 87
51 89
51 98
51 61
52 97
52 55
52 80
52 76
53 92
53 58
53 60
54 55
54 58
54 84
54 93
54 64
55 96
56 91
56 81
56 71
56 93
56 73
56 79
57 72
57 86
58 86
58 97
58 88
58 83
58 87
58 70
59 75
59 96
59 86
60 89
60 77
60 74
60 98
60 72
61 70
61 98
61 82
61 78
61 62
61 87
61 96
61 79
62 71
62 87
62 80
63 72
63 69
64 91
64 86
64 79
65 79
66 97
66 92
67 83
67 84
67 68
67 82
68 77
68 78
69 82
69 81
69 88
69 72
70 97
70 92
70 73
70 96
70 81
71 87
71 99
71 87
71 94
71 87
71 83
72 95
72 88
72 82
73 83
73 98
74 81
74 88
74 88
74 99
74 95
75 84
75 85
75 87
75 91
76 98
76 93
77 80
77 84
77 90
78 95
79 98
79 86
80 86
80 93
80 82
81 99
81 82
83 84
83 93
84 89
84 95
86 98
87 93
88 98
88 90
89 91
89 97
90 95
91 96
92 98
92 99
95 96
95 99
