0 5
0 93
0 89
0 84
0 90
0 35
0 19
0 57
0 21
0 98
0 38
1 12
1 11
1 20
1 63
1 6
1 9
1 16
1 53
1 32
1 34
1 94
1 85
1 49
1 52
2 90
2 9
2 87
2 98
2 29
2 9
2 94
2 50
2 67
3 96
3 86
3 71
3 5
3 98
3 90
3 57
3 56
3 8
4 14
4 64
4 71
4 7
4 75
4 98
4 32
4 12
4 69
4 71
5 37
5 11
5 10
5 81
5 82
5 60
5 17
5 83
5 52
5 7
5 7
6 69
6 89
6 75
6 94
7 84
7 79
7 87
7 87
7 71
7 14
7 75
7 85
7 56
8 67
8 91
8 75
8 28
8 64
8 96
8 82
8 17
9 13
9 32
9 88
9 61
9 50
9 84
9 38
9 55
9 32
10 46
10 21
10 94
10 55
10 98
10 64
10 56
10 41
10 63
11 88
11 64
11 94
11 21
11 38
11 51
11 94
11 94
11 38
11 30
11 31
12 68
12 52
12 98
12 44
12 42
12 31
12 61
12 18
12 25
12 88
12 64
12 47
13 57
13 89
13 93
13 56
13 29
13 43
13 58
13 18
14 50
14 46
14 57
14 65
14 47
14 47
14 83
14 41
14 22
14 95
14 92
15 29
15 36
15 81
15 67
15 86
15 36
15 85
15 17
16 37
16 89
16 98
16 41
16 19
16 95
16 36
16 64
17 21
17 86
17 52
17 89
17 78
17 30
17 88
17 44
17 66
17 27
17 56
17 92
17 77
18 60
18 27
18 29
18 37
18 25
18 89
18 37
18 91
18 96
19 27
19 83
19 85
19 65
19 38
19 58
19 74
19 90
19 90
19 29
19 82
19 41
20 51
20 80
20 73
20 58
20 53
20 95
21 24
21 40
21 23
21 71
21 37
21 56
21 83
21 43
22 25
22 33
22 53
22 28
22 95
22 60
22 26
22 78
22 39
22 71
23 94
23 40
23 52
23 58
23 44
23 74
23 66
23 38
23 24
24 49
24 80
24 84
24 87
24 83
25 69
25 70
25 92
25 61
25 31
26 37
26 69
26 74
26 97
26 35
26 55
26 50
27 72
27 94
27 60
27 56
27 31
27 65
27 96
28 92
28 78
28 41
28 74
28 94
28 34
28 79
28 93
28 48
28 48
29 92
29 89
29 63
29 42
30 48
30 97
30 58
30 57
31 33
31 59
31 43
31 38
31 66
31 65
32 51
32 83
32 50
32 86
32 97
32 81
33 80
33 56
33 79
34 45
34 35
34 40
34 95
35 84
35 61
35 77
35 83
35 77
35 60
35 98
35 60
35 76
36 78
36 57
36 61
36 48
36 72
36 90
36 65
36 96
36 40
36 47
36 58
37 88
37 62
37 99
37 72
37 75
38 54
38 69
38 82
38 99
38 67
38 90
38 47
39 76
39 64
39 47
39 57
39 85
39 47
40 96
40 85
40 69
40 76
40 59
41 78
41 46
42 68
42 90
42 64
42 81
42 56
42 44
42 48
43 69
43 75
43 47
43 97
44 61
44 64
44 99
44 82
44 88
44 52
45 49
45 56
45 61
45 52
45 46
45 52
45 47
45 64
46 58
46 98
46 87
46 64
46 74
46 78
46 82
46 78
46 52
47 93
47 49
48 51
48 93
48 57
49 69
49 60
49 64
49 64
49 90
49 68
49 53
49 88
49 71
50 86
50 71
50 67
51 85
51 68
51 56
51 99
51 68
52 61
52 54
52 92
52 70
52 94
52 86
52 69
53 74
53 88
53 96
53 62
53 87
53 79
53 59
53 56
54 63
54 75
54 74
54 74
54 83
54 60
55 79
55 85
56 68
56 63
56 70
56 63
56 82
56 99
56 93
56 69
56 95
57 83
57 76
57 98
57 58
57 94
58 99
58 88
59 75
59 68
59 84
59 66
60 61
60 85
60 91
60 95
60 71
61 62
61 97
61 77
61 88
61 85
62 68
62 94
62 66
62 80
62 77
63 83
63 75
64 95
66 72
66 96
66 71
66 72
66 81
66 94
67 75
67 95
67 87
68 77
68 87
68 72
68 84
69 85
69 78
70 93
71 77
72 80
73 89
73 99
74 82
74 79
75 79
75 88
77 79
77 78
77 91
78 90
79 97
80 92
81 82
81 97
81 88
82 96
82 95
82 99
84 85
84 97
85 92
86 95
86 96
86 94
88 99
89 98
91 98
91 92
93 98
94 99
95 99
