0 21
0 79
0 99
0 53
0 9
0 14
0 73
0 95
1 84
1 19
1 12
1 66
1 54
2 22
2 97
2 55
2 95
2 52
2 44
2 87
2 5
3 28
3 41
3 54
3 75
3 42
3 30
3 21
3 44
3 71
3 27
3 65
4 45
4 53
4 74
4 26
4 31
4 19
4 69
4 43
4 96
4 68
5 49
5 69
5 49
5 9
5 26
5 65
5 92
5 41
5 28
5 28
5 41
5 50
5 19
6 69
6 85
6 20
6 84
6 58
6 36
6 9
6 57
6 80
7 8
7 53
7 16
7 34
7 82
7 65
7 51
7 65
7 46
7 68
7 37
7 60
7 81
7 18
7 39
8 54
8 36
8 21
8 15
9 54
9 23
9 38
9 82
9 38
9 97
9 17
9 60
9 39
9 33
9 68
9 44
10 65
10 73
10 64
10 94
11 30
11 27
11 58
11 20
11 71
11 60
11 21
11 43
11 14
11 68
11 89
12 42
12 78
12 75
12 63
12 36
12 55
13 99
13 17
13 25
13 65
13 48
13 25
13 77
13 58
13 73
14 48
14 65
14 59
14 41
14 54
14 66
14 63
14 57
15 25
15 39
15 79
15 88
15 72
15 21
15 17
15 99
15 76
15 62
15 28
15 42
15 61
15 17
16 30
16 30
16 99
16 59
16 33
16 42
16 71
16 71
17 33
17 73
17 42
17 33
17 79
17 19
17 46
18 24
18 88
18 33
18 97
18 68
18 96
18 30
19 68
19 75
19 30
19 96
19 45
19 26
19 28
20 29
20 94
20 53
20 39
20 88
20 61
20 38
20 40
21 29
21 71
21 46
21 92
21 40
21 55
21 69
21 24
21 65
21 59
21 94
21 39
22 40
22 37
22 82
22 86
22 99
22 38
22 58
23 70
23 68
23 37
23 73
23 45
23 80
23 40
24 77
24 70
24 50
24 62
24 74
24 52
24 86
25 98
25 77
25 78
25 57
25 41
26 68
26 79
26 81
26 65
26 34
27 36
27 75
27 92
27 32
27 33
28 79
28 80
28 93
28 64
28 31
28 88
28 87
28 54
29 60
29 32
29 69
29 89
29 79
29 36
29 35
29 87
30 93
30 40
30 33
30 80
30 57
30 87
30 92
30 83
30 84
30 92
30 72
30 94
31 76
31 52
31 40
31 66
31 32
31 79
31 56
31 86
31 83
31 66
31 78
31 95
32 55
32 71
32 51
32 61
32 66
32 84
32 85
32 46
33 52
33 87
33 44
33 48
33 84
33 87
33 71
33 76
33 59
33 53
34 97
34 45
34 53
34 95
34 38
34 62
35 98
35 58
35 78
35 45
35 39
35 68
36 58
37 73
37 64
37 95
37 85
37 74
37 93
38 97
38 47
38 93
38 89
38 65
38 46
38 45
38 80
38 50
39 47
39 98
39 45
39 78
40 77
40 42
40 45
40 98
40 93
41 60
41 45
41 56
41 55
41 57
42 81
42 90
42 59
42 44
42 80
42 94
42 65
43 65
43 69
43 79
44 45
44 61
44 54
44 86
44 62
44 57
44 90
44 61
45 99
45 92
45 50
45 68
47 82
47 71
47 84
47 55
47 77
47 95
48 70
48 66
48 74
48 57
48 54
48 90
49 80
49 65
49 87
49 93
49 64
49 92
50 64
50 72
50 80
50 76
50 92
51 68
51 62
51 62
52 66
52 84
52 86
52 64
52 67
52 90
52 71
52 73
53 76
53 94
53 93
53 65
54 74
55 57
55 56
55 93
55 73
55 68
55 86
55 96
55 97
55 84
56 83
56 87
56 76
56 77
56 99
56 59
56 82
57 60
57 87
57 94
58 83
58 63
58 73
58 93
58 83
59 74
59 73
59 64
59 97
59 61
60 78
60 87
60 92
60 93
61 72
61 62
61 95
62 73
62 72
62 89
63 83
63 91
63 81
64 70
64 89
64 75
65 70
65 95
66 88
66 67
67 99
67 84
67 79
67 90
68 99
68 85
68 90
68 85
69 95
70 76
70 85
70 72
71 76
71 73
71 96
71 72
71 97
72 97
72 74
73 86
73 84
73 83
73 75
73 93
74 92
74 98
74 87
75 95
75 77
75 80
76 92
76 92
77 84
77 83
78 95
78 80
78 94
79 90
79 85
79 90
80 92
80 83
81 97
81 90
83 99
83 91
83 92
83 93
84 97
84 96
85 90
86 96
86 89
87 88
91 97
92 95
95 98
96 98
