0 68
0 13
0 77
0 72
0 91
0 22
1 88
1 70
1 32
1 29
1 5
1 13
1 12
1 67
1 19
1 27
2 80
2 21
2 8
2 43
2 44
2 39
2 19
2 65
2 21
3 35
3 87
3 23
3 99
3 88
3 96
3 74
3 58
3 60
3 44
3 46
3 62
3 6
4 5
4 5
4 43
4 30
4 50
4 50
4 20
4 63
5 35
5 82
5 17
5 87
5 50
5 75
5 17
5 42
5 20
5 22
5 39
5 71
5 81
5 19
6 99
6 15
6 20
6 54
6 57
6 18
6 26
6 62
7 95
7 74
7 76
7 40
7 65
7 83
7 58
7 10
8 19
8 12
8 99
8 18
8 75
8 74
8 13
8 13
8 31
8 44
8 47
9 67
9 34
9 33
9 98
9 57
9 11
9 62
9 75
9 90
9 83
9 53
9 42
9 46
9 21
9 87
10 31
10 33
10 60
10 35
10 49
10 66
10 32
10 37
10 39
11 44
11 37
11 79
11 70
11 22
11 23
11 71
11 48
11 62
11 45
12 18
12 86
12 23
12 81
12 54
12 91
13 39
13 58
13 51
13 15
13 50
13 61
13 53
13 90
13 49
13 85
13 54
13 62
13 95
13 21
13 39
13 54
14 33
14 79
14 54
15 83
15 75
15 91
15 78
15 78
15 20
15 56
15 83
15 98
15 43
15 84
15 66
15 47
16 21
16 21
16 22
16 97
16 62
16 72
16 25
16 77
16 28
17 83
17 50
17 54
17 53
17 49
17 68
17 75
17 63
17 74
18 76
18 78
18 63
18 29
19 51
19 24
19 96
19 25
19 67
19 54
19 23
19 38
19 59
19 69
20 57
20 96
20 40
20 70
20 37
20 92
20 67
20 24
20 57
21 49
21 65
21 73
21 30
21 92
21 99
21 38
21 75
21 92
21 49
22 49
22 97
22 85
22 86
22 52
22 66
22 40
22 52
22 40
22 41
23 88
23 35
23 60
23 61
23 62
23 26
23 96
23 60
23 89
24 96
24 73
24 44
24 99
24 55
24 56
25 63
25 68
25 65
25 29
25 47
25 49
25 78
25 34
26 67
26 82
26 49
26 31
26 92
27 84
27 72
27 94
27 29
27 34
27 92
27 36
27 38
27 91
27 88
28 73
28 83
28 75
28 43
28 71
28 76
29 89
29 81
29 44
29 60
29 63
30 56
30 51
30 38
30 56
31 53
31 94
31 92
31 56
31 35
31 82
31 54
31 67
31 98
31 66
31 33
31 33
31 61
31 94
31 42
32 63
32 64
32 46
32 89
32 87
32 51
33 92
33 77
33 72
34 62
34 36
34 66
34 99
34 85
34 77
34 51
35 67
35 42
35 48
35 74
36 45
36 85
36 80
36 77
36 41
36 62
36 97
37 74
37 75
37 39
37 99
37 42
37 63
37 52
38 67
38 50
38 89
38 57
38 81
38 98
38 65
39 89
39 53
39 44
39 64
39 83
39 95
39 58
39 49
40 97
40 46
40 75
41 50
41 94
41 48
41 64
41 60
41 87
41 64
42 57
42 92
42 59
42 73
42 81
42 57
42 58
43 80
43 74
43 57
43 99
43 95
44 71
44 60
44 46
44 68
44 66
44 81
45 90
45 58
45 49
45 73
45 81
45 81
45 87
45 54
45 67
45 65
46 88
46 56
46 63
46 97
46 68
47 98
47 94
47 97
47 97
47 92
47 81
48 80
48 87
48 71
48 62
49 90
49 76
49 85
49 70
49 62
49 70
50 94
50 91
50 99
50 67
50 72
50 56
50 76
50 66
50 76
51 85
51 79
51 83
52 66
52 74
53 85
53 66
53 56
53 94
53 80
53 93
54 62
54 95
54 69
54 57
55 66
55 97
55 84
56 83
56 68
56 64
56 71
57 98
57 96
58 68
58 92
58 62
58 60
58 86
59 62
59 96
59 96
59 98
59 96
59 63
60 78
60 73
60 86
61 86
61 89
62 68
63 83
63 87
63 82
63 89
64 90
64 76
64 72
64 91
66 96
66 80
67 75
68 79
68 96
68 92
69 81
69 81
69 93
69 93
69 72
70 96
71 72
72 74
72 82
72 88
73 91
73 89
73 85
73 81
73 75
74 91
74 77
74 88
75 85
76 96
76 80
77 80
77 83
79 87
81 85
81 99
81 88
81 82
82 94
82 84
83 88
84 85
84 91
84 92
87 95
87 93
88 90
88 91
90 93
93 96
