0 31
0 22
0 56
0 79
0 51
0 90
1 7
1 40
1 37
1 4
1 3
1 2
1 9
1 89
2 77
2 14
2 19
2 21
2 56
2 58
2 50
2 97
3 35
3 84
3 49
3 17
3 5
4 17
4 13
4 24
4 56
4 17
4 6
4 18
4 47
4 42
4 94
5 46
5 51
5 32
5 39
5 76
5 36
5 9
5 50
5 64
5 35
5 11
5 30
6 90
6 69
6 34
6 94
6 41
6 69
6 95
7 52
7 41
7 72
7 47
7 10
7 30
7 33
7 25
7 74
7 98
7 52
8 41
8 79
8 98
8 39
8 94
8 15
8 91
8 74
8 41
8 81
8 27
9 37
9 13
9 86
9 62
9 17
9 46
9 62
9 99
9 73
9 11
9 46
10 74
10 30
10 70
10 86
10 41
10 80
10 65
10 31
10 98
10 35
10 59
10 85
10 50
10 88
11 31
11 37
11 50
11 80
11 33
11 16
11 22
11 95
11 79
11 63
11 86
11 64
11 90
11 72
12 74
12 67
12 85
12 66
12 90
12 40
12 52
12 98
12 80
12 54
12 38
13 34
13 20
13 46
13 28
13 81
13 81
13 74
14 35
14 74
14 74
14 41
14 77
14 57
15 98
15 25
15 99
15 50
15 61
15 80
15 83
15 37
15 39
16 26
16 64
16 78
16 96
16 94
16 79
16 89
16 30
16 25
16 50
17 81
17 80
17 35
17 84
17 79
17 89
17 30
17 54
17 83
17 37
17 68
17 69
18 90
18 21
18 54
18 96
18 38
18 24
18 64
19 75
19 95
19 50
19 40
19 52
19 48
19 33
20 87
20 39
20 34
20 34
20 86
20 42
20 68
20 35
20 44
20 76
20 87
20 55
21 22
21 67
21 77
21 38
21 60
21 43
21 97
22 74
22 33
22 81
22 61
22 37
22 99
22 43
22 33
23 86
23 59
23 91
23 75
23 56
23 64
23 28
24 91
24 94
24 58
24 57
24 91
24 51
24 37
24 97
24 91
24 60
24 63
24 57
24 38
25 83
25 44
25 90
25 97
25 40
26 69
26 57
26 67
27 62
27 44
27 78
27 56
27 87
27 76
27 47
27 64
27 45
27 95
28 60
28 38
28 74
28 92
28 32
28 67
28 83
28 75
28 37
29 31
29 82
29 89
29 36
29 85
29 91
29 95
30 79
30 40
30 35
31 90
31 64
31 64
31 75
31 33
32 58
32 60
32 85
32 60
32 51
32 81
32 51
32 89
32 92
32 47
32 83
32 88
33 95
33 60
33 37
34 93
34 43
34 80
34 86
34 64
34 87
34 45
34 56
34 35
34 53
34 43
34 83
35 81
35 83
35 79
35 44
35 40
35 63
35 94
36 37
36 82
36 61
36 54
36 82
36 48
36 98
37 56
37 54
37 52
37 40
37 45
38 66
38 64
38 72
38 80
38 41
38 71
38 80
39 95
39 85
39 66
39 85
40 51
40 89
40 94
40 53
40 41
41 54
41 66
41 48
41 86
42 92
42 60
42 89
42 72
42 44
43 68
43 50
43 68
43 92
44 97
44 79
44 96
44 77
45 71
45 64
45 97
45 50
46 73
46 98
46 99
46 58
46 48
46 89
46 59
47 83
47 52
47 72
47 79
48 57
48 50
48 83
48 87
48 68
48 82
48 65
49 79
49 94
49 77
49 91
49 78
50 79
50 83
50 51
50 65
50 63
50 85
51 53
51 98
51 69
51 55
51 77
52 87
52 88
52 70
53 78
53 97
53 74
54 80
54 55
54 71
54 90
55 89
55 80
55 69
55 76
55 96
55 88
56 94
56 79
56 91
56 67
57 97
57 85
57 61
58 85
58 92
58 90
59 64
59 77
60 67
60 69
60 63
61 69
61 68
61 96
61 78
61 64
61 65
61 95
61 80
62 86
62 75
62 84
62 74
63 89
63 83
63 85
63 81
63 96
64 98
64 77
64 92
65 91
65 67
65 85
65 92
66 69
66 68
66 79
66 93
66 81
66 70
67 87
68 94
69 80
69 74
69 87
70 91
70 74
70 76
70 86
70 71
70 71
71 84
71 93
71 75
71 93
72 82
72 88
73 76
73 96
73 88
75 80
75 99
75 91
75 93
75 93
75 93
76 82
76 85
77 84
77 81
77 78
78 81
79 95
79 88
80 90
81 94
82 96
82 92
82 86
83 90
83 88
85 88
85 86
85 98
85 90
86 96
89 91
