0 92
0 65
0 18
0 6
0 68
0 85
0 69
0 37
0 22
0 71
0 77
0 82
0 60
0 2
1 33
1 13
1 46
1 35
1 40
1 41
1 23
1 31
1 51
1 73
1 87
1 58
1 45
1 77
1 93
2 38
2 45
2 66
2 63
2 7
2 72
2 81
2 84
2 95
2 38
2 26
2 71
2 97
2 67
3 43
3 82
3 24
3 6
3 86
3 27
3 40
3 42
3 53
3 83
3 70
4 14
4 89
4 8
4 54
4 72
4 23
4 94
4 79
4 68
4 94
4 82
4 39
5 58
5 34
5 7
5 60
5 54
5 66
5 94
5 85
5 31
5 28
6 68
6 41
6 57
6 40
6 45
6 57
6 58
6 37
7 76
7 75
7 98
7 11
7 78
7 92
7 87
7 99
7 20
7 9
7 23
7 20
7 31
8 67
8 74
8 78
8 17
8 15
8 21
8 53
8 99
8 38
8 23
8 81
8 39
9 28
9 53
9 88
9 76
9 85
9 84
9 52
9 48
9 36
9 88
9 19
9 85
9 44
10 70
10 47
10 35
10 55
10 31
10 35
10 29
11 77
11 71
11 58
11 44
12 60
12 34
12 74
12 39
12 25
12 56
12 45
12 18
12 86
12 66
12 59
13 24
13 57
13 84
13 22
13 52
13 58
13 33
13 64
13 41
14 58
14 93
14 85
14 43
14 66
14 84
14 22
14 28
14 78
14 87
15 43
15 48
15 24
15 51
15 87
15 97
15 54
15 45
15 76
15 67
15 75
15 92
16 61
16 33
16 90
16 94
16 60
16 58
16 17
16 78
17 55
17 35
17 88
17 60
17 49
17 82
17 28
17 31
17 30
17 98
17 59
17 44
17 45
18 57
18 49
18 67
18 20
18 34
18 36
18 21
18 32
18 66
18 36
19 91
19 64
19 86
19 41
19 24
19 27
19 70
19 73
19 67
19 97
19 50
20 29
20 71
20 28
20 85
20 98
20 80
20 95
20 21
20 61
20 96
20 77
21 23
21 47
21 33
21 55
21 45
21 74
21 27
22 89
22 87
22 52
22 40
22 40
22 65
22 58
22 92
22 94
23 30
23 52
23 61
23 37
23 60
23 51
23 96
23 39
24 61
24 88
24 48
24 82
24 63
24 33
25 86
25 81
25 80
25 48
25 52
25 32
25 32
26 62
26 62
26 50
26 90
26 50
26 78
26 37
26 34
27 64
27 65
27 43
27 97
27 84
28 32
28 61
28 40
28 42
28 31
28 99
28 99
29 65
29 67
29 93
29 60
30 66
30 45
30 95
30 93
30 66
30 84
30 98
31 93
31 85
31 38
31 98
31 72
31 73
31 41
32 75
32 89
32 36
33 93
33 59
33 37
33 35
33 84
33 42
33 49
33 52
33 54
33 75
33 56
33 63
34 96
34 62
34 61
34 50
34 69
34 86
34 82
34 74
35 93
35 84
35 92
35 79
35 72
36 64
36 65
36 94
36 51
36 45
37 49
37 74
37 49
37 48
37 84
37 87
37 46
37 93
37 53
38 99
38 85
39 42
40 61
40 59
40 46
40 68
41 58
41 49
41 77
41 92
41 45
41 50
42 83
42 85
42 95
42 79
42 69
42 61
42 46
43 60
43 62
43 99
44 48
44 53
44 67
44 79
44 97
44 81
45 52
45 94
45 71
46 91
46 84
46 85
47 81
47 70
47 62
47 55
47 96
48 76
48 99
48 82
48 74
48 83
48 61
48 53
48 95
48 97
49 65
50 59
51 97
51 69
51 86
51 55
52 75
52 75
53 88
53 77
53 63
53 79
54 61
54 74
55 82
55 75
55 57
55 94
55 73
55 78
56 58
56 80
56 94
56 70
56 77
56 96
56 78
57 98
57 59
57 72
57 96
57 79
58 61
58 86
58 99
58 60
59 73
59 93
59 67
60 82
60 84
61 98
61 63
61 66
61 86
62 80
62 67
63 86
63 99
63 78
64 67
65 91
65 88
66 70
66 71
67 97
67 85
67 94
68 70
69 85
69 92
69 79
69 94
70 84
70 74
70 99
70 72
70 89
71 81
71 91
73 95
73 84
74 92
74 91
74 97
74 89
75 95
76 87
76 98
77 88
77 87
78 96
78 99
79 84
80 81
80 94
80 82
81 92
81 99
82 99
82 89
82 95
83 84
84 96
84 92
84 89
85 95
86 88
88 95
89 98
92 93
92 93
93 99
94 98
95 99
96 97
