0 80
0 63
0 32
0 17
0 66
0 69
0 60
0 37
0 35
1 98
1 36
1 39
1 69
1 68
1 38
2 20
2 40
2 53
2 4
2 66
2 84
2 65
2 33
3 99
3 57
3 23
3 31
3 5
3 85
3 61
3 85
3 24
4 47
4 8
4 80
4 66
4 99
4 88
4 85
4 99
4 78
4 80
4 61
5 64
5 89
5 35
5 36
6 93
6 63
6 36
6 62
6 74
6 73
6 82
6 27
6 58
6 28
6 44
7 43
7 48
7 65
7 31
7 94
7 42
7 95
7 9
7 31
7 57
7 16
8 46
8 81
8 82
8 54
8 91
8 33
8 12
8 27
9 10
9 54
9 58
9 84
9 33
9 10
9 52
9 19
10 25
10 51
10 36
10 67
10 91
10 47
10 30
11 67
11 99
11 49
11 73
11 83
11 47
11 18
11 96
12 61
12 26
12 32
12 59
12 69
13 44
13 35
13 76
13 96
13 31
13 28
13 31
13 21
13 60
13 15
13 83
13 37
14 45
14 96
14 58
14 37
14 43
14 45
14 15
15 43
15 97
15 59
15 46
15 64
15 42
15 59
15 72
15 45
16 99
16 84
16 37
16 70
16 72
16 50
16 94
16 76
17 44
17 52
17 34
17 60
17 99
18 84
18 79
18 95
18 77
18 71
18 99
19 95
19 34
19 84
19 53
19 59
19 81
19 64
19 93
19 91
19 72
19 98
20 30
20 90
20 94
20 57
20 80
20 61
20 71
21 24
21 98
21 23
21 23
21 78
21 38
21 44
22 57
22 53
22 74
22 98
22 96
22 90
22 96
22 46
22 48
22 65
23 98
23 86
23 86
23 27
23 63
23 43
24 41
24 38
24 50
24 91
24 29
24 85
24 70
24 65
24 67
24 87
24 69
24 60
25 76
25 61
25 87
25 44
25 60
25 49
26 37
26 73
26 99
26 39
26 97
26 46
26 70
26 36
26 41
26 65
27 92
27 32
27 40
27 49
27 28
27 71
27 82
27 70
27 35
28 67
28 68
28 72
28 46
28 71
28 54
29 38
29 76
29 92
29 61
29 62
29 33
29 78
29 86
29 57
29 35
30 56
30 60
30 93
30 59
30 84
30 66
30 82
30 65
31 66
31 68
31 91
32 46
32 51
32 47
32 84
32 75
32 96
32 60
33 53
33 83
33 52
33 48
33 78
33 69
33 70
33 77
33 61
33 35
33 83
34 48
34 58
34 90
34 86
34 96
34 58
34 43
34 95
34 79
34 46
35 46
35 76
35 75
35 37
35 87
35 77
35 78
36 58
36 39
36 97
36 77
36 56
37 70
37 51
37 76
37 66
37 48
37 96
38 59
38 57
38 92
38 98
38 39
38 43
38 61
38 46
39 73
39 56
39 71
39 75
40 63
40 66
40 60
40 55
40 63
41 48
41 51
41 58
41 86
41 67
41 65
41 83
42 60
42 46
42 51
42 78
42 80
43 53
43 49
43 93
44 54
44 59
44 93
45 91
45 96
45 52
45 66
45 50
45 70
45 57
46 64
46 80
46 56
46 94
46 67
46 75
46 60
46 72
46 71
46 57
47 80
48 74
48 89
49 73
49 65
49 58
49 76
49 76
50 87
50 94
50 55
50 58
50 81
50 85
50 90
50 64
51 89
52 71
52 65
52 75
52 63
52 62
52 53
53 86
53 87
53 68
54 86
54 72
54 55
54 70
54 93
54 95
55 64
55 74
55 76
55 68
56 99
57 69
57 98
57 70
58 98
58 61
58 79
58 96
58 91
58 70
59 61
59 94
59 70
59 94
59 67
59 90
60 96
60 76
60 79
61 74
61 70
61 63
61 97
61 76
61 67
61 68
61 93
61 81
62 84
62 94
62 91
62 70
62 78
62 85
62 79
63 91
63 86
63 68
63 64
64 91
64 92
64 84
65 92
65 92
65 86
66 93
66 86
66 73
66 94
66 95
66 98
67 92
67 77
67 79
67 82
67 90
67 95
67 88
67 82
68 89
68 82
68 96
68 69
68 84
69 76
69 75
69 87
69 71
69 98
70 78
71 78
71 74
71 74
72 75
72 77
72 97
73 88
73 95
74 92
74 92
75 90
75 94
76 90
77 94
77 89
77 80
77 88
77 96
78 84
78 90
79 80
79 85
79 90
80 86
81 90
81 89
82 98
83 91
83 97
83 92
83 92
84 91
85 89
87 96
89 99
90 95
90 92
93 95
94 98
