0 9
0 66
0 53
0 30
0 58
0 43
0 92
0 69
0 21
1 91
1 67
1 37
1 96
1 37
1 75
1 40
1 70
1 93
2 69
2 62
2 14
2 46
2 58
2 13
2 95
2 42
2 30
2 33
2 63
2 30
2 22
3 65
3 27
3 8
3 9
3 31
3 89
3 85
3 79
3 57
4 33
4 66
4 12
4 42
4 37
4 97
4 17
4 87
4 28
5 18
5 86
5 59
5 94
5 16
5 65
5 80
6 17
6 35
6 89
6 77
6 81
6 42
6 37
6 68
6 45
6 37
7 62
7 63
7 82
7 46
7 25
7 84
7 93
7 40
7 72
7 23
7 14
8 29
8 99
8 14
8 86
8 44
9 39
9 44
9 47
9 20
9 79
9 99
9 10
9 37
9 28
9 43
9 58
10 44
10 63
10 30
10 63
10 63
10 17
10 58
10 85
10 83
10 39
10 70
11 25
11 66
11 23
11 71
12 16
12 34
12 44
12 61
12 21
12 60
12 57
12 51
12 97
12 21
12 61
12 43
12 50
12 70
12 85
12 88
13 83
13 57
13 21
13 34
13 60
13 45
13 77
13 52
13 63
13 32
13 87
13 35
13 21
14 64
14 68
14 41
14 27
14 55
14 16
14 74
14 28
14 82
14 91
15 58
15 84
15 28
15 80
15 21
15 21
15 66
15 95
16 92
16 51
16 85
16 88
16 68
16 44
16 66
16 45
16 22
16 56
16 88
16 56
16 62
17 92
17 62
17 72
17 41
17 82
17 63
17 96
17 52
18 44
18 47
18 48
18 46
18 70
18 75
19 37
19 34
19 74
19 73
19 20
19 46
19 61
19 68
19 28
19 49
20 46
20 91
20 59
20 84
20 44
20 99
20 45
21 60
21 29
21 52
21 56
21 90
21 63
21 43
21 40
21 59
21 42
21 77
21 94
21 86
22 55
22 52
22 37
22 47
22 71
22 59
22 70
22 87
22 28
23 89
23 87
23 43
23 59
24 75
24 36
24 86
24 76
24 28
24 39
24 57
25 81
25 45
25 99
25 70
25 55
26 41
26 27
26 45
26 34
26 46
26 97
27 71
27 66
27 28
27 43
27 55
27 29
28 84
28 79
28 37
28 85
28 57
28 58
28 60
29 58
29 43
30 74
30 76
30 99
30 68
30 75
30 98
30 52
30 57
30 71
30 41
30 54
31 37
31 94
31 69
31 60
31 80
31 76
31 74
32 45
32 40
32 76
32 84
32 70
32 42
32 99
32 69
32 91
33 69
33 92
33 57
33 82
33 99
33 47
33 34
34 99
34 51
34 52
34 40
34 38
34 67
34 48
34 46
35 42
35 74
35 37
35 72
36 62
36 88
36 67
36 83
36 96
36 57
37 58
37 61
37 93
37 49
38 64
38 84
38 82
38 68
38 92
39 86
39 45
39 90
39 97
39 80
39 57
39 46
40 43
40 53
40 88
40 99
40 53
40 77
40 46
40 71
40 72
40 54
40 69
41 54
41 83
41 69
41 86
42 93
42 90
42 85
42 43
42 61
42 90
43 62
43 70
43 81
43 91
43 54
43 62
43 74
44 46
44 96
44 92
44 47
45 70
45 69
45 52
45 53
45 48
45 81
45 89
45 79
45 87
46 58
46 94
46 69
46 85
46 90
46 84
47 49
47 61
47 55
47 50
47 85
47 84
48 83
48 89
48 71
48 78
48 57
48 65
48 52
48 85
48 78
49 65
49 56
49 74
49 71
50 90
50 96
50 93
50 73
50 52
50 54
50 61
51 75
51 96
51 97
51 64
51 85
51 71
51 93
52 90
52 55
52 70
52 70
52 61
53 67
53 96
53 97
53 92
53 81
53 57
54 98
54 65
55 82
55 59
56 59
56 99
56 88
56 71
57 84
57 87
58 84
58 75
58 89
58 70
58 61
58 77
59 95
59 98
60 85
60 96
60 84
61 91
61 84
61 65
62 94
62 70
63 79
63 98
63 75
64 66
64 91
65 77
66 79
66 99
66 82
67 77
67 86
68 90
68 79
69 70
69 83
69 92
70 88
70 93
71 86
71 73
71 80
72 73
72 74
72 96
72 90
73 80
73 94
73 90
74 83
76 77
76 81
77 89
77 83
77 78
78 81
79 83
79 87
80 92
80 98
81 93
83 99
83 91
84 98
85 89
86 91
86 92
87 88
87 94
87 93
88 93
88 93
91 97
92 99
92 99
92 95
93 95
94 97
