0 22
0 86
0 16
0 34
0 47
0 80
0 94
0 16
0 18
0 16
1 63
1 35
1 36
1 73
1 17
1 65
1 78
1 70
1 82
1 9
1 75
1 55
1 4
1 33
1 94
2 90
2 54
2 49
2 7
2 27
2 63
2 59
2 81
3 77
3 98
3 67
3 27
3 85
3 26
3 61
3 94
4 75
4 39
4 34
4 90
4 28
4 85
4 94
4 96
4 40
4 48
4 61
5 60
5 58
5 38
5 66
5 94
5 53
5 72
6 47
6 38
6 11
6 95
6 48
6 10
6 35
6 74
6 77
6 14
7 99
7 83
7 54
7 86
7 51
7 45
7 23
7 47
7 37
7 15
8 38
8 80
8 47
8 17
8 58
8 27
8 18
8 89
9 75
9 16
9 73
9 87
9 54
9 89
9 50
9 32
9 77
9 88
9 81
9 90
9 48
9 20
9 77
10 85
10 23
10 61
10 60
10 49
10 62
10 64
10 35
10 25
10 26
10 22
11 27
11 34
11 92
11 89
11 29
11 37
11 24
11 53
12 61
12 98
12 21
12 32
12 22
12 57
13 45
13 79
13 46
13 29
13 49
13 60
13 81
13 46
13 28
13 86
13 69
13 59
13 67
14 78
14 77
14 28
14 65
15 83
15 17
15 97
15 60
15 64
15 61
15 38
15 76
15 85
16 60
16 23
16 64
16 79
16 32
16 72
16 86
16 63
16 96
16 62
16 59
17 38
17 22
17 90
17 83
17 21
17 62
17 55
17 87
17 76
18 23
18 67
18 97
18 24
19 51
19 99
19 61
19 76
19 63
19 73
20 31
20 50
20 58
21 52
21 23
21 36
21 96
21 95
21 51
21 30
21 90
22 44
22 31
22 26
22 38
22 23
22 55
22 59
23 42
23 72
23 66
23 69
23 97
23 55
24 57
24 33
25 63
25 36
25 55
25 57
25 88
26 92
26 86
26 74
26 56
26 70
26 37
26 79
26 96
27 55
27 28
27 30
27 87
27 53
27 62
27 86
27 61
28 66
28 53
28 41
28 38
28 63
28 56
28 69
29 38
29 99
29 84
29 33
29 64
29 59
29 93
29 61
30 72
30 88
30 56
30 59
30 37
30 72
30 31
30 61
30 36
30 61
31 32
31 81
31 46
31 52
31 67
31 54
31 84
31 81
32 67
32 67
33 87
33 72
33 89
33 63
34 49
34 36
34 76
34 83
35 77
35 67
35 81
35 74
35 44
35 58
35 66
36 96
36 71
36 90
36 86
36 53
36 95
37 71
37 62
37 88
37 38
37 58
37 69
38 97
38 46
38 98
38 45
38 40
38 41
38 46
38 58
39 67
39 96
39 54
39 80
39 45
39 82
39 66
40 41
40 69
40 48
40 56
40 63
40 78
40 44
40 80
40 43
40 73
40 59
41 87
41 96
41 48
42 73
42 55
42 57
42 76
42 91
42 51
42 84
42 72
42 98
42 88
42 73
42 83
42 91
42 64
43 73
43 50
43 49
43 54
43 86
43 44
43 92
43 83
43 47
43 92
43 98
43 66
44 75
44 51
44 52
44 73
44 47
44 92
45 94
45 74
45 47
45 64
45 93
45 78
46 85
46 57
46 72
46 68
46 90
47 98
47 50
47 76
47 62
47 70
47 92
48 64
48 59
48 93
48 81
48 49
48 78
49 95
50 72
50 82
50 57
50 88
50 58
50 89
50 64
50 58
50 82
50 64
51 85
51 96
52 93
52 83
52 81
53 69
53 63
53 90
53 61
53 69
53 56
53 84
53 58
54 88
54 73
54 97
54 74
55 69
55 88
56 75
56 65
56 81
57 87
57 58
58 76
58 60
58 69
58 66
59 82
59 99
59 72
59 99
59 83
60 81
60 94
61 92
61 88
61 83
62 75
62 72
62 65
62 89
62 81
62 78
64 93
64 78
64 72
64 90
65 84
66 67
66 74
66 92
66 93
67 85
67 84
67 79
67 82
67 99
67 76
67 76
68 82
68 79
68 88
69 85
69 74
69 90
69 82
69 70
70 91
70 84
70 88
71 99
71 87
71 83
71 93
71 86
71 74
72 83
72 90
72 93
72 95
72 89
73 78
73 85
73 78
73 81
74 84
75 98
75 98
76 77
76 95
76 79
76 92
76 89
77 81
78 94
78 82
78 91
80 95
80 82
80 98
81 90
81 86
83 98
84 90
86 99
86 98
86 95
86 87
90 98
90 92
91 94
97 98
