0 43
0 88
0 64
0 37
0 82
1 70
1 68
1 95
1 49
1 42
1 16
1 96
1 19
1 18
1 34
1 60
2 77
2 57
2 21
2 61
2 60
2 83
2 9
2 35
2 78
2 55
3 68
3 46
3 47
3 53
3 42
3 11
3 13
3 13
3 75
3 52
3 88
3 46
4 93
4 72
4 65
4 19
4 15
4 14
4 17
4 66
4 48
4 73
4 70
4 46
4 21
5 11
5 81
5 21
5 59
5 14
5 94
5 57
5 33
5 98
5 37
5 72
5 8
6 16
6 87
6 64
6 78
6 79
6 55
6 61
6 57
6 67
6 97
7 54
7 79
7 73
7 99
7 12
7 14
7 89
7 73
7 90
8 23
8 47
8 41
9 57
9 68
9 48
9 92
9 99
9 70
9 98
9 32
10 85
10 66
10 74
10 80
10 50
10 47
10 96
10 67
10 91
10 51
10 37
10 93
11 93
11 67
11 44
11 77
11 41
11 88
12 54
12 18
12 77
12 20
12 32
12 67
12 40
12 13
12 99
12 16
12 18
12 89
13 98
13 66
13 15
13 16
13 77
13 34
13 20
13 76
13 97
13 63
13 24
13 20
13 95
14 21
14 65
14 75
14 54
14 94
14 60
14 55
14 42
14 28
14 16
14 93
15 35
15 97
15 27
16 82
16 65
17 87
17 52
17 64
17 73
17 72
18 62
18 68
18 64
18 83
18 42
18 79
18 62
19 21
19 93
19 21
19 51
19 78
19 79
19 30
20 47
20 86
20 35
20 93
20 54
20 47
20 57
20 78
20 49
20 79
21 87
21 27
21 47
21 56
21 36
21 62
22 24
22 65
22 67
22 34
22 30
22 73
23 47
23 98
23 70
23 91
23 29
23 81
23 29
23 37
23 68
23 44
24 27
24 97
25 86
25 97
25 41
25 29
25 96
25 94
26 34
26 67
26 53
26 59
26 44
26 27
26 95
26 29
27 80
27 76
27 88
27 61
27 46
27 44
27 99
27 59
28 70
28 66
28 39
28 94
28 65
28 71
29 48
29 46
29 65
29 43
29 42
29 85
29 85
29 54
29 65
29 66
29 80
30 55
30 40
31 90
31 86
31 39
31 54
31 95
31 70
32 71
32 87
32 48
32 51
32 86
32 60
32 42
32 67
32 82
33 92
33 82
33 43
33 51
33 68
34 98
34 57
34 96
35 93
35 54
35 68
35 55
35 67
35 54
36 39
36 87
36 83
36 38
36 83
37 77
37 83
37 89
37 56
37 81
38 82
38 74
38 98
38 72
38 75
39 92
39 78
39 87
39 64
39 80
39 93
39 75
40 45
40 88
40 58
40 89
40 72
40 91
40 46
40 80
40 61
41 53
41 61
41 59
41 77
41 89
41 58
42 84
42 75
42 94
42 93
43 76
43 84
43 46
43 78
43 52
43 51
44 99
44 57
44 72
44 83
45 53
45 90
46 71
46 76
46 94
46 48
46 98
46 91
46 83
46 58
46 66
47 71
47 57
47 90
47 73
47 93
47 84
47 93
47 66
47 66
47 85
47 60
48 86
48 60
48 55
48 93
48 65
48 58
48 50
48 72
48 52
48 82
48 89
49 75
49 53
49 62
50 53
50 60
50 99
50 91
50 97
50 69
50 78
50 81
51 91
51 56
52 68
52 94
52 90
52 74
53 93
53 56
53 69
53 60
53 77
53 81
53 82
53 79
53 96
54 80
54 88
54 89
54 92
55 70
55 64
55 85
55 60
56 90
56 83
56 74
56 94
56 61
56 83
57 98
57 70
58 63
58 90
59 66
59 97
60 76
60 66
60 84
60 68
61 67
61 78
61 85
61 99
61 68
61 65
61 67
62 69
62 67
62 68
63 98
63 65
63 85
63 88
63 74
64 66
64 83
64 88
64 84
64 83
65 90
65 78
66 71
66 81
66 79
66 99
67 72
67 83
67 76
68 92
68 99
68 85
68 95
69 97
69 99
69 99
69 76
70 82
70 98
70 96
70 87
71 81
71 79
72 99
72 89
73 76
73 94
73 97
74 93
74 83
74 95
74 96
74 82
75 95
75 93
75 91
75 84
76 78
76 81
76 84
77 83
77 90
78 96
78 85
78 84
78 89
78 99
78 91
79 94
80 91
80 95
81 83
81 97
82 97
83 86
83 98
84 93
84 98
84 98
85 96
86 89
86 87
86 87
89 99
89 95
89 92
90 96
91 93
92 95
93 97
93 99
