0 38
0 98
0 89
0 69
0 6
0 95
1 5
1 59
1 71
1 16
1 63
1 17
1 72
2 78
2 79
2 22
2 81
2 76
2 14
2 75
2 3
2 10
2 79
2 87
3 29
3 48
3 40
3 64
3 24
3 97
3 14
3 68
3 47
3 30
4 36
4 16
4 60
4 27
4 36
4 8
4 90
4 87
4 74
5 59
5 62
5 56
5 64
5 77
6 21
6 87
6 96
6 80
6 93
6 84
7 42
7 69
7 26
7 31
7 64
8 76
8 92
8 97
8 61
8 72
8 47
8 60
8 78
8 29
8 55
8 68
8 10
9 39
9 29
9 69
9 90
9 21
10 40
10 54
10 60
10 28
10 14
10 15
10 29
10 42
10 51
10 80
11 48
11 83
11 57
11 42
11 43
11 51
11 57
11 79
11 38
11 43
11 84
11 66
11 64
12 20
12 69
12 34
12 57
12 61
12 92
12 27
12 99
12 50
12 34
12 98
12 68
12 45
13 22
13 73
13 53
13 43
13 93
13 29
13 33
13 63
13 17
13 47
13 90
14 54
14 54
14 42
14 59
14 51
14 94
14 94
15 84
15 50
15 87
15 93
15 49
15 77
15 81
15 38
15 31
15 77
15 84
15 19
15 56
16 99
16 69
16 96
16 26
16 49
16 81
16 66
17 55
17 22
17 18
17 45
17 43
17 38
17 28
18 61
18 62
18 37
18 58
18 88
18 26
18 51
18 38
18 48
18 86
19 43
19 79
19 91
19 22
19 94
19 61
19 39
19 42
19 90
19 58
19 54
20 27
20 80
20 56
20 40
20 76
21 44
21 89
21 99
21 70
21 31
21 27
21 89
21 74
21 48
21 36
22 26
22 96
22 35
22 70
22 32
22 84
22 42
22 87
23 65
23 38
23 26
23 64
23 55
23 52
23 55
23 77
24 51
24 92
24 56
24 54
24 87
24 41
24 71
24 83
24 90
25 74
25 49
25 77
25 88
25 73
25 94
25 55
25 46
26 50
26 67
26 46
26 41
26 99
27 41
27 80
27 52
27 44
27 55
27 81
27 28
27 44
28 45
28 42
28 95
28 94
28 36
28 41
28 78
28 68
28 76
29 50
29 91
29 71
29 40
29 47
30 36
30 48
30 79
30 62
31 82
31 79
31 81
31 76
31 33
32 37
32 33
32 53
32 87
32 39
32 57
32 82
32 60
32 88
32 95
32 55
32 70
33 47
33 55
33 82
33 59
33 35
33 53
34 53
34 54
34 82
34 64
34 74
34 77
34 90
35 94
35 59
35 87
35 59
36 71
36 54
36 54
36 44
36 37
37 52
37 62
37 63
37 70
37 49
38 42
38 57
38 68
38 53
38 59
38 49
38 92
39 97
39 78
39 85
39 42
39 97
40 74
40 45
40 95
40 42
40 66
41 92
41 68
41 43
41 86
41 79
42 64
42 94
42 53
42 72
42 83
42 77
43 59
43 80
43 68
43 59
44 49
44 54
44 62
44 81
44 72
44 72
44 99
44 91
44 56
45 72
45 52
45 63
45 88
45 97
46 95
46 85
46 68
46 48
46 95
47 63
47 85
47 58
47 61
47 66
47 86
47 77
47 54
47 91
48 71
49 60
49 67
50 81
50 76
50 66
50 86
50 80
50 60
50 97
50 75
51 87
51 96
52 93
52 88
52 92
52 81
52 68
52 85
52 72
53 69
53 62
54 55
54 88
54 75
55 98
55 66
55 67
55 83
55 79
55 84
55 99
56 59
56 91
56 68
56 99
57 87
57 58
57 70
57 67
57 61
57 97
57 98
58 86
58 60
58 79
58 70
58 78
58 70
58 72
58 75
59 74
59 67
59 76
59 87
59 83
59 75
60 64
60 64
60 65
60 72
61 74
61 88
61 64
61 96
61 98
62 96
62 73
62 85
62 65
62 99
63 80
63 74
63 92
63 71
64 98
64 70
64 78
64 95
65 76
65 80
65 95
65 96
65 76
65 77
65 86
66 91
66 99
66 88
66 78
67 75
67 82
67 98
67 88
67 82
67 96
68 87
68 83
68 77
68 92
69 74
69 70
72 86
72 95
73 79
73 89
73 93
74 81
75 90
75 87
76 87
76 80
77 94
77 90
78 97
78 85
79 86
79 94
79 82
80 86
80 88
81 83
81 93
81 92
82 88
82 95
84 87
85 96
87 93
87 94
89 91
89 95
89 94
90 92
91 96
91 97
92 96
92 99
94 95
