0 69
0 73
0 82
0 55
0 60
0 86
0 2
1 81
1 61
1 29
1 64
1 32
1 60
1 19
1 71
2 27
2 68
2 96
2 13
2 53
2 43
2 42
3 13
3 50
3 43
3 99
3 29
3 76
3 96
3 28
3 65
4 73
4 56
4 95
4 89
4 75
4 40
4 41
4 36
4 26
4 43
5 41
5 9
5 99
5 53
5 82
5 61
5 82
5 60
6 23
6 77
6 28
6 61
6 46
6 73
6 20
6 33
7 46
7 77
7 82
7 82
7 11
7 10
7 35
7 78
8 69
8 20
8 9
8 18
8 24
8 56
8 55
8 29
9 48
9 35
9 26
9 79
9 52
9 38
9 70
9 77
9 84
9 40
9 76
10 12
10 82
10 93
10 42
10 36
10 60
10 40
11 25
11 18
11 41
11 50
11 62
11 76
11 34
11 29
11 42
12 20
12 47
12 36
12 38
12 54
12 29
12 48
13 36
13 71
13 29
13 35
13 17
13 90
13 52
13 72
13 35
14 75
14 68
14 37
14 42
14 26
14 90
14 54
14 91
14 68
15 22
15 93
15 20
15 29
15 62
16 38
16 83
16 51
16 76
16 20
16 38
16 29
16 30
16 69
16 18
17 72
17 52
17 28
17 35
17 34
17 74
17 75
17 45
18 51
18 78
18 28
18 74
18 61
19 43
19 28
19 99
20 83
20 49
20 93
20 59
20 94
20 79
20 35
20 57
20 42
20 52
20 98
20 78
20 59
20 63
21 66
21 88
21 75
21 55
21 44
21 23
21 42
21 72
21 35
21 76
22 99
22 93
22 92
22 49
22 83
22 97
23 89
23 28
23 96
23 61
23 90
23 71
23 65
24 28
24 93
24 65
24 37
24 70
24 53
25 35
25 65
25 67
25 34
25 51
25 29
25 38
25 81
25 43
25 77
26 48
26 44
26 27
26 63
26 83
26 27
26 74
26 83
27 66
27 69
27 31
27 94
27 81
27 68
27 46
27 68
27 93
27 59
27 36
28 58
28 35
28 72
28 64
28 71
28 66
28 95
28 34
28 91
29 89
29 78
29 74
29 85
30 76
30 84
30 96
30 39
30 35
30 97
30 97
31 35
31 48
31 48
31 67
31 86
32 73
32 73
32 38
32 75
32 63
33 41
33 84
33 34
33 43
33 76
33 91
33 87
33 70
33 39
34 93
34 44
34 58
34 51
34 84
34 58
35 80
35 98
35 59
35 67
36 64
36 92
36 83
37 41
37 60
37 41
37 48
37 65
37 96
37 88
37 44
37 53
37 77
37 56
37 62
37 88
38 86
38 78
38 91
38 55
38 62
38 70
38 64
38 77
38 53
38 39
38 48
39 49
39 69
39 80
39 52
39 40
39 43
39 86
40 82
40 60
40 57
40 52
40 92
41 97
41 79
41 72
41 81
41 90
41 68
42 78
42 50
42 78
42 89
43 94
43 75
43 73
43 88
43 86
43 84
43 94
44 83
44 55
45 94
45 92
45 96
45 87
45 96
46 99
46 99
46 49
46 47
46 56
47 54
47 63
47 96
48 93
48 88
48 57
48 69
48 50
48 97
48 84
48 95
48 60
49 74
49 50
49 63
49 74
49 79
49 84
50 84
51 63
51 58
51 56
51 66
51 66
52 99
52 55
52 96
52 60
52 84
52 54
52 87
52 63
52 72
53 55
53 83
53 65
53 61
54 95
54 77
55 56
55 66
55 73
55 79
55 81
56 59
56 63
56 69
56 61
57 82
57 81
57 99
57 99
57 83
58 80
58 92
58 68
58 60
58 79
58 66
59 67
59 65
59 92
59 78
59 96
59 99
60 80
60 65
60 80
60 89
61 68
61 86
61 89
62 64
62 68
63 64
63 73
63 76
63 79
64 66
64 86
64 82
64 98
65 68
65 95
66 97
66 86
66 86
66 75
66 85
66 87
67 69
67 97
67 72
68 83
68 76
68 99
69 92
69 72
69 77
69 87
69 91
70 73
70 99
71 82
71 84
71 72
71 89
72 88
72 88
72 82
72 81
72 74
73 88
73 87
73 93
74 88
74 93
74 84
74 82
75 85
75 85
75 77
76 82
76 91
77 86
79 95
79 86
79 95
80 96
80 82
80 93
81 98
81 82
81 95
81 90
81 87
81 98
82 85
82 86
82 84
82 83
82 85
82 84
83 96
83 92
84 90
87 96
87 96
88 89
88 93
89 96
91 92
94 96
94 97
96 97
