0 64
0 1
0 78
0 75
0 99
0 62
1 87
1 98
1 36
1 6
1 4
1 71
1 60
1 11
1 86
1 78
1 68
1 48
1 68
1 25
2 92
2 10
2 53
2 80
2 25
2 7
2 89
3 21
3 15
3 58
3 94
3 75
3 6
4 56
4 60
4 29
4 91
4 41
5 53
5 28
5 18
5 61
5 32
5 50
5 55
5 99
5 70
5 92
6 99
6 14
6 34
6 26
6 63
6 50
6 38
7 68
7 73
7 70
7 8
7 47
7 25
7 55
7 65
7 94
7 31
7 88
7 8
7 66
7 11
8 34
8 86
8 69
8 67
8 48
8 73
8 99
8 88
8 20
8 59
8 26
8 87
8 9
8 39
9 26
9 89
9 83
9 28
9 21
9 10
9 35
9 50
9 59
9 77
10 55
10 15
10 79
10 80
10 89
11 51
11 57
11 82
11 68
11 25
11 97
11 20
11 47
11 46
11 64
11 57
11 54
11 55
11 87
12 43
12 44
12 51
12 56
12 49
13 64
13 17
13 93
13 20
13 60
13 32
13 86
13 53
13 73
13 96
13 16
13 56
13 37
14 62
14 73
14 57
14 92
14 54
14 89
14 49
14 80
14 56
14 55
14 40
14 26
14 50
15 86
15 42
15 28
15 58
15 85
15 54
16 76
16 90
16 42
16 37
16 25
16 72
16 81
16 66
17 34
17 50
17 54
17 20
17 90
17 82
17 94
17 46
17 92
17 56
18 45
18 55
18 33
18 85
18 92
18 99
18 31
18 77
18 30
19 42
19 29
19 53
19 95
19 93
19 76
19 33
19 22
19 29
20 21
20 82
20 76
20 26
20 25
20 56
20 36
21 72
21 25
21 22
21 23
21 50
21 61
21 46
21 74
21 62
21 64
21 57
22 57
22 57
22 60
22 59
22 97
23 62
23 58
23 68
23 85
23 45
23 76
23 24
23 45
23 85
23 64
23 33
24 51
24 69
24 25
24 62
24 28
24 46
25 47
25 57
26 71
26 77
26 79
26 56
26 80
26 29
26 28
26 31
26 97
26 64
27 92
27 77
27 46
27 36
27 41
27 93
27 65
27 85
27 54
28 79
28 66
28 56
28 87
28 32
28 57
28 56
28 39
29 92
29 46
29 32
29 55
29 71
29 69
29 84
30 67
30 39
30 33
30 83
30 62
30 48
31 53
31 92
31 41
31 67
31 47
31 54
31 77
32 56
32 39
32 60
32 43
32 92
32 67
32 65
32 93
32 76
33 59
33 48
33 39
33 66
33 51
33 44
33 36
33 64
34 41
34 92
34 81
34 42
35 53
35 68
35 45
36 43
36 37
36 76
36 94
36 77
36 37
37 62
37 88
37 82
37 73
37 64
37 52
37 72
38 73
38 68
38 93
38 78
39 41
39 52
39 84
39 45
39 96
39 77
40 83
40 52
40 46
40 60
40 55
40 78
41 62
41 81
41 46
42 69
42 92
42 62
42 58
43 89
43 76
43 57
43 55
43 99
43 84
43 81
43 93
44 53
44 69
44 80
44 77
44 62
44 96
44 82
44 74
45 86
45 55
45 92
45 87
45 87
46 55
46 91
46 59
46 96
46 93
46 86
47 89
47 98
47 51
47 93
48 78
48 74
48 87
48 80
48 58
48 54
48 75
48 55
48 70
48 91
49 50
49 74
49 54
49 51
50 88
50 58
50 99
50 60
50 51
51 60
51 73
52 69
52 97
52 88
52 73
52 63
53 84
53 73
54 64
54 97
54 80
54 95
54 74
54 72
55 82
55 81
55 62
55 68
56 99
56 94
56 60
56 82
57 74
57 62
57 95
57 87
57 62
58 81
58 92
58 78
58 85
59 97
59 80
59 65
59 87
60 70
60 66
60 66
60 79
61 91
61 73
61 88
61 80
62 75
62 92
62 86
62 63
62 83
63 86
63 79
63 78
64 66
64 97
64 66
64 92
65 98
65 97
65 74
66 83
66 83
66 98
66 93
66 74
67 91
67 79
67 91
67 84
68 97
68 80
68 70
69 81
69 92
69 84
70 84
71 78
71 87
71 78
71 81
71 78
72 76
72 86
72 73
73 98
73 99
74 86
74 99
74 80
75 87
75 82
75 83
76 91
76 91
77 90
77 85
78 93
78 81
79 99
79 86
80 90
80 86
82 90
82 98
83 85
84 93
85 88
85 88
85 99
86 99
88 95
88 96
90 91
91 96
91 96
93 98
96 98
