0 72
0 44
0 36
0 16
0 66
0 28
0 31
0 64
0 97
0 55
0 28
0 24
1 87
1 6
1 54
1 47
1 39
1 62
1 88
1 6
2 53
2 99
2 69
2 78
2 88
2 96
2 87
2 28
2 74
2 66
2 69
2 75
2 93
3 12
3 73
3 12
3 44
3 18
3 45
3 89
3 19
3 50
4 59
4 56
4 39
4 89
4 20
4 28
4 76
4 13
4 37
4 86
4 97
5 39
5 18
5 51
5 48
5 57
6 29
6 94
6 37
6 33
6 21
6 97
6 7
6 27
7 11
7 83
7 19
7 92
7 63
7 78
7 49
7 35
7 46
7 9
7 59
7 54
7 50
7 74
7 29
7 89
8 9
8 13
8 44
8 24
9 16
9 92
9 58
9 27
9 50
10 24
10 64
10 55
10 72
10 97
10 46
10 66
10 58
11 90
11 90
11 49
11 79
11 64
11 43
11 15
12 43
12 99
12 92
12 78
12 25
12 73
12 32
12 81
12 30
12 69
12 57
13 60
13 93
13 79
13 84
13 78
13 34
13 38
13 53
13 63
14 27
14 86
14 26
14 64
14 27
14 58
14 48
14 50
14 97
14 58
14 81
15 20
15 52
15 35
15 86
15 59
15 96
15 99
15 84
15 67
16 92
16 92
16 89
16 17
16 59
17 18
17 46
17 54
17 38
17 66
17 67
17 25
17 33
17 37
17 67
18 80
18 20
18 83
18 49
18 81
18 95
18 48
18 37
19 47
19 55
20 80
20 29
20 24
20 27
20 64
20 85
20 79
20 31
20 42
20 84
20 24
20 78
21 54
21 22
21 57
21 53
21 47
21 73
21 96
21 82
21 76
21 94
21 44
22 49
22 86
22 71
22 46
22 74
22 79
22 87
22 44
23 29
23 50
23 55
23 65
23 71
23 95
23 99
24 33
24 89
24 69
24 25
24 45
24 26
24 50
24 51
24 31
24 37
25 94
25 32
25 57
25 43
25 97
25 91
25 36
25 76
26 64
26 37
26 84
26 97
26 44
26 70
26 41
27 50
27 34
27 34
27 82
27 91
27 83
27 46
27 66
28 64
28 35
28 32
28 47
28 99
28 38
28 32
28 52
28 36
28 34
29 33
29 58
29 41
29 52
29 66
29 36
29 78
29 97
29 61
29 73
30 53
30 82
30 70
30 71
30 82
30 87
30 63
30 88
31 32
31 71
31 35
31 41
31 62
31 87
31 99
31 50
31 37
32 52
32 65
32 35
33 59
33 43
33 76
33 48
34 98
34 55
34 81
34 89
34 76
34 64
34 39
34 91
34 81
34 80
35 96
35 55
35 39
36 55
36 95
36 81
36 55
36 81
36 92
37 89
37 71
38 90
38 55
38 60
38 40
38 90
38 82
39 62
39 99
39 92
39 91
39 41
40 56
40 55
40 65
40 58
40 72
40 81
40 91
40 95
40 65
40 70
41 91
41 65
41 96
41 57
41 55
41 62
42 95
42 69
43 60
43 73
43 74
44 95
44 70
44 96
44 77
44 70
44 46
45 55
45 60
45 84
45 87
45 82
45 50
46 64
46 50
46 71
46 87
46 67
46 65
46 87
47 86
47 74
47 74
48 51
48 81
48 85
48 71
49 59
49 79
49 52
49 70
49 68
49 74
49 69
49 69
49 60
50 62
50 85
50 71
51 98
51 99
51 82
51 79
51 67
51 97
51 74
51 58
52 92
52 60
52 63
53 93
53 63
54 87
54 66
55 87
55 84
55 98
55 73
55 68
55 63
56 65
56 78
56 65
56 92
56 57
57 58
57 68
57 60
58 81
58 65
58 63
58 66
58 82
59 70
59 95
59 96
60 95
60 62
60 89
61 68
61 74
61 69
61 90
61 92
62 68
62 66
62 97
62 98
62 72
62 65
62 85
62 91
63 98
63 75
65 71
65 68
65 83
65 95
65 98
66 74
66 82
66 86
67 82
67 86
67 69
67 77
67 82
67 79
68 73
68 84
68 98
69 81
70 98
70 89
70 94
71 91
71 76
71 79
72 73
72 83
72 77
73 80
74 77
74 92
74 96
75 82
76 87
77 88
79 89
79 98
79 98
79 86
79 98
79 93
80 94
80 87
81 93
81 99
81 97
83 89
84 93
84 98
85 88
85 94
85 92
86 94
86 93
86 91
87 90
87 91
87 92
88 93
88 95
89 93
89 97
90 98
90 97
90 96
92 93
94 99
96 97
97 99
