0 19
0 45
0 10
0 75
0 28
0 4
0 34
0 77
0 28
1 14
1 73
1 87
1 24
1 58
1 43
1 35
1 35
1 57
1 54
1 2
1 57
1 74
1 38
1 13
1 7
1 78
1 77
2 48
2 79
2 30
2 46
2 43
3 92
3 96
3 48
3 61
3 33
3 39
4 81
4 20
4 40
4 13
4 22
4 87
4 18
4 16
4 42
5 23
5 69
5 13
5 22
5 20
5 59
5 38
5 6
5 39
5 18
5 25
5 29
6 83
6 25
6 65
6 20
6 66
6 74
6 45
6 35
6 90
6 88
6 82
6 56
6 97
7 34
7 96
7 50
7 85
7 48
7 85
7 76
7 52
7 20
8 82
8 68
8 53
8 92
8 64
8 14
8 19
8 98
8 25
9 46
9 84
9 85
9 68
9 70
9 50
9 89
9 54
9 94
9 50
9 41
9 82
9 67
9 17
10 79
10 28
10 11
10 95
10 34
11 23
11 59
11 79
11 51
11 98
11 89
11 65
11 21
11 13
11 12
12 30
12 81
12 30
12 56
12 33
12 19
12 72
12 58
12 92
12 27
13 53
13 87
13 25
13 69
13 54
13 61
13 14
13 15
13 54
13 76
14 45
14 57
14 50
14 94
14 26
14 37
14 95
14 96
14 50
15 72
15 98
15 72
15 66
15 17
15 79
15 40
15 65
16 43
16 59
16 83
16 99
16 50
16 36
16 36
16 62
16 32
17 54
17 40
17 48
17 59
17 84
17 94
17 93
17 84
17 83
17 35
17 47
17 73
17 49
17 50
18 88
18 39
18 78
18 68
18 31
19 83
19 60
19 80
19 56
19 51
19 51
19 55
19 29
19 46
19 70
19 21
19 45
19 27
20 97
20 45
20 49
21 59
21 35
21 67
21 37
21 98
21 77
22 99
22 41
22 54
22 87
22 87
22 33
22 69
22 76
22 80
22 89
23 40
23 94
23 33
23 64
23 92
23 91
23 81
23 81
23 34
23 91
24 84
24 44
24 93
24 64
24 90
24 38
25 73
25 90
25 64
25 86
25 94
26 38
26 97
26 84
26 33
26 65
26 48
26 83
26 31
26 90
27 76
27 46
27 95
27 62
27 47
27 94
27 68
27 98
28 31
28 42
28 40
28 40
28 50
28 59
28 56
29 74
29 50
29 51
29 40
29 61
29 56
29 39
29 90
29 41
30 57
30 99
30 75
30 42
30 51
30 65
30 79
30 87
31 57
31 67
31 86
31 40
31 41
31 92
32 66
32 54
32 58
32 42
33 43
33 34
34 59
34 62
34 78
34 36
34 78
34 92
35 84
35 84
35 81
35 90
35 46
35 75
35 44
36 38
36 78
36 50
36 42
37 50
37 38
37 86
37 61
37 60
37 87
37 40
37 56
37 59
37 59
38 44
38 78
38 90
38 79
38 78
38 59
39 81
39 57
39 65
39 86
39 95
39 92
39 48
39 95
40 46
40 94
40 47
40 46
41 74
41 66
42 88
42 87
42 99
42 71
42 77
42 63
42 83
43 52
43 79
43 58
43 82
44 52
44 78
45 90
45 54
45 51
45 64
45 76
45 51
46 77
46 91
46 65
46 58
46 71
46 87
46 52
46 70
46 78
47 54
47 98
47 61
47 77
47 74
47 94
47 72
47 49
47 76
48 58
48 71
48 78
48 51
48 60
48 95
49 91
49 76
49 55
49 50
49 91
49 74
49 89
49 99
50 76
51 93
51 90
51 56
51 82
51 62
52 87
52 60
53 71
53 94
53 55
53 94
54 61
54 94
54 61
54 72
54 59
55 62
55 90
55 71
55 60
55 69
56 82
56 66
56 82
57 58
57 71
57 88
58 91
58 70
58 95
58 63
59 62
59 65
59 93
59 98
59 73
59 86
59 93
61 67
61 69
62 76
62 68
62 77
63 90
63 77
64 95
64 86
64 82
64 71
64 70
64 95
65 95
65 68
66 98
66 70
66 97
66 67
66 92
66 93
67 96
67 94
67 84
67 90
67 98
67 91
67 91
68 95
68 76
68 76
68 95
69 83
69 96
70 95
71 85
71 79
72 84
73 85
73 77
73 90
73 75
73 88
74 91
74 98
74 92
74 88
75 97
75 81
76 83
76 96
77 88
77 90
77 88
78 94
78 80
78 94
78 86
78 95
80 82
81 89
83 95
84 92
85 88
85 93
86 99
89 97
89 91
91 98
92 93
94 99
96 99
97 99
