0 13
0 18
0 7
0 36
0 50
0 65
0 89
0 41
0 83
0 29
0 95
0 25
1 11
1 67
1 87
1 49
1 26
1 52
1 73
1 37
1 94
1 32
2 10
2 26
2 75
2 76
2 30
2 30
2 33
2 39
2 20
2 38
2 80
2 60
2 94
2 91
2 57
2 97
3 23
3 78
3 67
3 15
3 96
3 65
3 7
3 61
3 43
4 63
4 61
4 65
4 41
4 12
4 75
4 40
4 10
4 70
4 52
4 80
4 36
5 20
5 43
5 88
5 50
5 47
5 85
5 94
5 56
5 52
6 88
6 65
6 19
6 88
6 37
6 35
6 67
7 62
7 95
7 70
7 66
7 54
7 97
7 68
7 45
7 47
7 56
7 36
8 65
8 82
8 34
8 9
9 12
9 52
9 49
9 16
9 11
9 60
10 19
10 65
10 41
10 23
10 85
10 95
10 64
10 60
10 62
10 72
10 36
10 40
10 62
11 51
11 87
11 31
11 55
11 62
12 22
12 98
12 67
12 44
12 73
12 64
12 48
12 21
12 93
13 19
13 97
13 31
13 99
13 36
13 14
13 46
14 31
14 46
14 78
14 86
14 87
15 34
15 83
15 57
15 65
15 65
15 53
15 60
15 79
15 95
15 46
15 66
15 76
16 80
16 42
16 96
16 33
16 69
16 27
17 94
17 65
17 39
17 93
17 80
17 69
18 24
18 50
18 69
18 97
18 55
18 51
18 62
18 87
18 33
18 62
18 26
18 97
19 38
19 53
19 55
19 23
19 23
19 40
19 48
20 84
20 76
20 52
20 74
20 21
21 60
21 62
21 97
21 22
21 91
21 82
21 42
22 69
22 88
22 88
22 97
22 90
22 31
22 34
22 67
22 84
22 70
23 30
23 99
23 49
23 55
23 47
23 51
23 73
23 73
23 89
23 38
23 70
23 38
24 70
24 51
24 93
24 71
24 80
24 53
24 58
25 58
25 30
25 79
26 71
26 63
26 68
26 55
26 85
26 70
26 45
26 56
26 70
27 58
27 99
27 28
27 44
28 29
28 42
28 62
28 98
28 90
28 97
28 43
29 71
29 61
29 87
29 32
29 32
29 88
29 32
29 85
29 44
30 75
30 34
30 83
30 82
30 38
31 70
31 78
31 92
31 32
31 74
31 79
31 94
31 78
32 80
32 82
32 36
32 88
32 62
33 38
33 82
33 59
33 68
33 81
34 50
34 77
34 93
34 61
35 96
35 79
35 62
35 39
35 85
36 88
36 93
36 85
36 54
36 84
37 95
37 57
37 70
37 42
37 49
37 61
37 67
37 43
37 78
37 83
38 46
38 50
38 48
38 51
38 43
38 88
38 80
38 54
38 47
39 49
39 87
39 72
39 79
39 55
40 73
40 92
40 45
40 95
40 93
40 88
41 81
41 70
41 98
41 82
42 95
42 68
42 63
42 48
42 43
42 96
43 60
43 54
43 59
44 66
44 93
44 96
44 78
44 94
45 67
45 99
45 83
45 97
45 61
45 48
45 78
46 50
46 82
46 60
46 95
46 83
46 80
46 81
46 54
46 93
47 92
47 57
48 72
48 84
48 61
48 94
48 53
48 57
48 58
48 87
49 78
49 71
49 79
49 63
50 71
50 59
50 58
50 69
50 90
50 87
50 97
50 60
50 61
50 59
51 57
51 95
51 70
52 89
52 61
52 66
53 88
53 98
53 91
53 58
53 92
53 86
54 61
54 93
54 94
54 75
54 87
55 86
55 72
55 72
56 80
56 57
56 74
56 78
56 83
56 78
57 87
57 65
57 63
57 69
58 86
58 61
58 96
58 67
59 94
59 81
60 75
61 84
62 87
63 93
63 94
63 98
63 77
64 69
64 74
64 83
65 92
65 67
65 94
65 79
65 74
66 94
66 88
66 95
66 80
67 94
68 89
68 92
68 95
68 87
68 88
69 84
69 95
69 85
70 87
70 81
70 75
71 84
71 85
72 97
72 78
72 88
73 98
73 83
73 79
73 99
74 77
74 79
74 86
74 80
75 85
75 93
75 96
75 87
76 94
76 97
76 77
76 95
77 99
78 87
78 89
78 90
79 96
79 91
80 87
81 92
81 91
82 90
83 91
83 87
83 99
83 95
83 87
84 97
84 90
84 92
85 93
85 98
86 99
86 98
86 92
86 93
87 88
88 96
88 95
89 98
90 99
90 93
91 98
91 97
94 96
95 97
97 99
98 99
