0 54
0 47
0 88
1 26
1 76
1 9
1 95
1 82
1 34
2 96
2 75
2 27
2 90
2 63
2 39
2 45
2 91
2 21
2 54
2 78
2 6
2 98
2 22
2 16
2 45
3 32
3 46
3 42
3 20
3 42
4 94
4 20
4 60
4 25
4 70
4 65
4 65
4 57
4 10
4 42
4 59
5 58
5 7
5 76
5 97
5 57
5 90
5 87
5 14
5 51
6 94
6 36
6 79
6 40
6 55
6 9
6 7
6 38
7 80
7 44
7 80
7 10
7 23
7 77
7 39
7 78
7 25
8 61
8 11
9 43
9 31
9 95
9 90
9 32
9 73
9 56
9 81
9 81
9 82
9 14
9 11
9 96
9 78
10 60
10 51
10 52
10 58
10 49
10 58
10 84
10 45
10 55
10 14
10 13
10 41
10 59
11 74
11 61
11 86
11 37
11 38
11 79
11 20
12 47
12 36
12 77
12 19
12 76
12 38
12 22
12 20
13 60
13 41
13 34
13 39
13 43
13 47
13 45
14 65
14 94
14 54
14 57
14 25
14 88
14 52
14 49
14 28
14 95
14 42
14 16
14 35
15 24
15 73
15 86
15 54
15 96
15 66
15 97
15 57
16 71
16 39
16 39
16 51
16 36
16 62
16 54
16 75
16 78
16 78
17 35
17 18
17 95
17 48
17 65
17 41
17 99
17 73
18 83
18 65
18 44
18 38
18 80
18 73
18 35
18 62
19 91
19 92
19 31
19 23
19 75
19 99
19 94
19 78
19 94
19 42
19 69
20 99
20 35
20 49
20 30
20 48
20 33
21 89
21 45
21 99
21 78
21 41
21 41
21 32
21 59
21 65
21 88
22 80
22 26
22 50
22 29
22 33
22 27
22 29
22 95
22 76
22 45
23 74
23 73
23 92
23 58
24 28
24 94
24 79
24 79
24 84
25 88
25 55
25 45
25 40
25 73
25 47
25 64
25 94
25 70
25 86
26 40
26 62
26 29
26 77
26 32
26 33
26 27
26 68
27 92
27 96
27 61
27 97
27 59
27 96
28 88
28 31
28 43
28 61
28 56
28 43
29 77
29 89
29 72
30 74
30 83
30 46
30 90
30 47
30 64
30 99
30 59
30 32
31 61
31 38
31 80
31 56
31 54
32 80
32 66
32 68
32 57
32 60
32 96
32 84
32 68
32 45
33 38
33 61
33 56
33 54
33 72
34 87
34 40
34 69
34 87
34 76
35 97
35 85
35 43
35 68
35 65
35 93
35 67
35 77
35 70
36 60
36 42
36 94
36 46
37 88
37 50
37 49
37 48
37 82
37 88
38 87
38 80
38 81
38 61
38 56
38 94
38 99
38 63
39 45
39 64
39 75
40 67
40 63
41 65
41 69
42 79
42 44
42 79
42 79
42 87
42 46
42 71
42 56
42 62
43 71
43 53
43 85
43 64
43 86
43 58
43 51
43 56
44 93
44 93
44 69
44 83
44 82
45 85
45 57
45 90
45 56
45 88
45 75
46 93
46 86
46 76
46 75
46 77
46 48
47 72
47 84
48 94
48 62
48 96
48 78
48 53
48 86
48 90
48 65
49 54
50 80
50 53
50 58
50 62
51 88
51 59
51 79
51 84
52 61
52 64
52 96
52 61
52 67
53 55
53 95
53 90
53 99
53 55
54 71
54 98
54 74
54 74
54 93
54 68
54 83
54 56
55 94
55 59
55 80
55 82
55 86
55 59
56 87
56 87
56 88
56 89
56 75
56 57
56 60
56 75
56 98
57 85
57 88
57 64
57 83
57 98
58 83
58 98
58 59
58 66
58 72
59 63
59 94
59 80
60 81
60 85
60 93
60 72
60 71
60 84
61 62
61 66
61 66
61 83
61 87
61 89
62 68
62 91
63 69
63 68
63 64
64 71
64 91
64 94
64 82
64 94
64 92
65 71
65 87
65 98
65 80
65 78
66 90
66 67
66 91
67 78
67 97
67 78
67 76
69 87
69 98
69 87
69 80
69 89
70 76
70 97
71 83
71 79
71 84
72 99
72 82
72 79
72 95
73 93
73 90
73 86
74 81
74 77
74 90
74 79
75 80
75 88
75 87
76 96
76 82
76 96
76 78
77 99
77 99
78 92
78 79
79 91
81 98
81 90
81 99
82 90
82 89
82 86
83 99
84 86
86 99
86 97
88 91
88 93
88 95
88 94
89 96
90 93
90 94
93 95
93 94
94 96
95 96
97 99
