0 92
0 61
0 6
0 97
0 26
0 94
0 65
0 8
0 91
0 32
0 45
0 4
0 45
1 72
1 20
1 44
1 72
1 29
1 91
1 15
1 90
1 8
1 8
1 74
1 62
1 51
1 73
2 56
2 29
2 63
2 7
2 53
2 14
2 82
2 24
2 82
2 70
2 89
2 19
2 60
3 86
3 18
3 17
3 43
3 30
3 36
3 22
3 83
3 74
4 31
4 43
4 84
4 35
4 88
4 22
4 44
4 31
4 60
5 72
5 53
5 51
5 82
5 35
5 92
5 46
5 29
5 8
5 85
5 77
5 17
6 9
6 93
6 9
6 84
6 63
6 56
6 43
6 92
7 77
7 85
7 67
7 54
7 46
7 27
7 83
8 63
8 51
8 53
8 45
8 58
8 51
8 34
8 36
8 61
8 68
9 79
9 42
9 95
9 56
9 35
9 61
9 82
9 87
10 42
10 75
10 95
10 47
10 58
10 40
10 21
10 74
10 13
10 13
10 92
10 72
10 90
10 71
10 47
11 31
11 32
11 93
11 87
11 86
11 98
11 12
11 94
11 21
12 13
12 82
12 27
12 23
12 89
12 99
12 74
12 68
12 86
12 80
12 43
12 78
12 57
13 81
13 20
13 65
13 43
13 15
13 53
13 78
14 63
14 24
14 72
14 54
15 84
15 72
15 61
15 31
15 74
15 57
15 98
15 31
15 63
15 30
15 22
15 20
16 71
16 54
16 28
16 44
16 25
16 84
16 39
16 95
16 83
16 32
17 45
17 31
17 98
17 24
17 95
18 93
18 43
18 64
18 35
18 87
18 21
18 58
19 71
19 99
19 30
20 25
20 57
20 34
20 72
20 86
20 38
21 37
21 68
21 96
21 28
21 63
21 90
21 40
21 65
21 83
22 42
22 64
22 94
22 71
22 68
22 83
22 95
22 45
22 56
22 56
22 25
23 91
23 79
23 96
23 82
23 70
24 30
24 34
24 71
25 58
25 61
25 98
25 46
25 53
25 84
25 64
25 77
25 51
26 75
26 98
26 53
26 77
26 99
27 72
27 88
27 32
27 88
27 38
27 67
27 38
27 41
27 42
27 50
27 76
27 93
27 69
28 37
28 94
28 80
28 97
29 33
29 66
29 83
29 71
29 93
29 34
30 52
30 48
30 64
30 44
30 53
30 53
31 54
31 39
31 32
31 66
31 66
31 81
31 62
31 80
31 41
31 92
31 78
31 73
32 64
32 70
32 54
32 79
32 71
32 70
32 56
33 68
33 58
33 57
34 54
34 85
34 65
35 67
35 45
35 83
35 94
35 52
35 98
35 69
35 89
35 98
35 84
35 67
35 83
36 74
36 99
36 70
36 58
36 53
37 63
37 84
37 43
37 99
38 50
38 58
38 96
38 47
38 45
38 52
39 77
39 82
39 63
39 61
39 40
39 76
39 42
40 70
40 65
40 88
41 55
41 71
41 83
41 90
41 52
41 53
41 65
41 49
42 74
43 47
43 98
43 66
43 90
43 66
44 58
44 78
44 76
44 68
44 74
44 48
45 49
45 59
45 55
46 88
46 83
46 69
46 81
46 91
46 88
46 67
47 56
47 91
47 62
47 87
47 98
47 82
47 85
47 66
47 63
48 80
48 75
48 69
48 84
48 49
48 97
49 93
49 54
49 75
49 62
49 80
50 76
50 94
50 86
51 57
51 96
51 63
52 66
52 95
52 64
52 60
52 74
52 86
52 79
53 96
53 94
53 61
53 77
53 81
53 71
53 74
54 66
54 60
54 74
55 91
55 66
56 83
56 91
56 90
56 89
56 84
57 92
57 62
57 75
57 75
57 65
58 63
58 85
58 61
58 82
58 81
58 95
59 79
59 95
59 61
59 73
60 83
60 74
61 81
61 93
63 99
63 64
63 75
63 97
63 79
63 88
64 69
64 70
64 70
64 78
64 85
64 68
65 74
66 94
66 97
67 76
67 83
67 95
67 88
67 96
67 90
68 96
68 73
69 71
69 77
69 84
69 83
70 81
70 91
70 79
70 87
70 82
70 75
71 79
71 96
71 81
71 79
71 76
71 87
72 93
72 89
72 93
73 75
73 91
73 74
73 83
73 84
73 78
73 87
73 77
74 89
74 93
74 86
75 80
76 90
77 89
78 87
78 98
78 86
79 81
80 90
81 98
82 89
83 85
83 94
85 99
86 87
87 89
88 93
88 92
89 94
90 96
90 96
96 97
