0 54
0 6
0 73
0 49
0 54
0 9
0 19
0 30
0 43
0 26
0 40
1 22
1 16
1 30
1 90
1 93
1 2
1 37
1 82
1 82
1 67
1 34
1 39
1 97
1 48
1 51
1 96
2 75
2 88
2 86
2 85
2 75
2 40
2 48
2 7
2 81
2 45
2 73
2 95
2 58
3 45
3 62
3 71
3 98
3 47
3 38
3 73
3 19
3 27
3 74
3 33
3 49
3 43
3 57
4 50
4 92
4 81
4 19
4 59
4 67
4 95
4 85
4 93
5 43
5 68
5 89
5 60
5 38
5 80
5 36
6 29
6 17
6 45
6 75
6 26
6 61
6 99
6 34
6 31
6 27
6 55
6 51
6 64
7 50
7 97
7 85
7 80
7 27
7 63
7 93
7 69
7 43
8 39
8 80
8 18
8 21
8 67
8 48
8 52
8 11
8 64
9 53
9 21
9 13
9 83
9 75
9 41
9 77
10 38
10 23
10 36
10 94
10 64
10 41
10 14
10 64
10 96
11 32
11 73
11 47
11 48
11 83
11 41
11 13
12 55
12 95
12 92
12 66
12 34
12 30
12 94
13 15
13 91
13 23
13 93
13 99
13 90
13 54
13 86
14 23
14 19
14 44
14 32
14 88
14 63
14 92
14 52
14 67
14 26
14 73
15 25
15 59
15 98
15 30
15 52
15 74
16 27
16 78
16 71
16 75
16 88
17 95
17 60
17 91
17 30
17 98
17 89
17 69
17 41
18 30
18 92
18 42
18 53
18 40
18 20
18 37
18 79
18 34
19 73
19 25
19 90
19 97
19 40
19 22
19 72
19 89
20 37
20 50
20 37
20 33
20 26
20 21
20 94
21 77
21 87
21 99
21 27
21 72
21 71
21 25
21 82
21 29
21 66
21 66
21 43
21 78
22 96
22 32
22 74
22 79
22 37
22 32
22 47
23 90
23 39
23 89
23 60
23 51
23 62
24 35
24 89
24 82
24 74
24 84
24 82
24 69
24 99
24 59
25 65
25 79
25 69
25 73
25 49
25 45
26 93
26 55
26 71
26 82
26 50
26 67
26 63
26 41
27 30
27 75
27 96
27 36
27 75
27 34
27 94
27 95
27 32
28 50
28 84
28 84
28 36
28 64
29 41
29 65
29 53
29 81
29 59
29 52
30 57
30 47
30 45
30 34
30 60
30 88
30 89
30 44
31 73
31 86
31 47
31 64
31 56
31 46
31 47
31 99
32 77
32 93
32 84
32 80
32 97
32 46
32 95
33 47
33 64
33 87
33 44
33 86
33 69
33 98
33 57
33 61
33 55
34 88
34 60
34 62
34 69
35 88
35 48
35 95
35 44
35 89
35 75
35 96
36 43
36 70
36 91
36 66
37 87
37 86
38 97
38 58
38 53
38 79
38 42
38 52
38 87
38 75
38 67
38 87
38 58
38 74
39 65
39 99
39 75
39 92
39 60
39 62
39 61
39 86
39 52
39 79
40 48
40 51
40 86
40 92
40 64
41 52
41 60
41 46
41 58
41 64
42 88
42 94
42 48
42 82
42 99
43 79
43 63
43 46
43 99
43 81
43 74
44 80
44 47
44 63
44 49
45 63
45 46
45 62
45 67
45 72
46 53
46 84
46 77
46 95
47 75
47 90
47 54
47 95
47 62
48 68
48 62
48 82
48 95
48 96
48 73
49 95
49 73
49 70
50 91
50 96
50 93
50 79
51 78
51 60
51 85
51 84
51 96
51 57
52 99
52 64
52 78
53 98
53 75
53 61
53 57
53 63
54 56
54 82
54 59
54 72
54 82
54 95
55 72
55 59
55 64
55 61
56 93
56 95
56 57
56 94
57 95
57 65
57 68
57 85
57 86
58 81
58 85
58 82
59 60
59 94
59 67
59 77
60 83
60 76
61 91
61 92
61 68
61 68
61 78
62 78
62 72
62 83
62 69
62 84
62 83
63 90
63 99
63 68
64 72
65 98
65 85
66 87
66 70
66 87
66 87
67 74
67 73
67 83
67 97
67 83
67 94
68 72
68 97
69 90
69 77
69 76
69 74
69 75
69 72
70 98
70 80
70 93
71 76
71 78
72 79
72 97
72 82
73 97
73 97
73 76
74 77
74 76
75 86
76 83
76 81
77 94
77 81
78 98
78 98
78 89
79 98
79 96
79 87
80 85
81 90
82 94
82 83
83 91
83 94
85 95
85 94
91 92
92 98
93 97
93 98
93 95
