0 53
0 86
0 42
0 20
0 18
0 29
0 12
0 60
0 41
0 67
0 80
1 24
1 37
1 77
1 41
1 53
1 12
1 63
1 85
1 99
1 51
1 75
2 69
2 46
2 76
2 75
2 50
2 28
2 70
2 26
2 14
2 61
3 72
3 26
3 49
3 68
3 72
3 25
3 11
3 33
3 49
4 48
4 89
4 73
4 31
4 58
4 23
5 31
5 66
5 75
5 76
5 59
5 41
5 34
5 50
5 74
5 75
5 79
5 50
6 71
6 89
6 35
6 53
6 47
6 7
6 80
6 15
6 99
6 26
6 93
6 13
7 54
7 79
7 72
7 91
7 82
7 37
7 39
7 79
8 15
8 86
8 94
8 73
8 70
8 82
8 49
8 38
8 27
8 59
8 75
9 97
9 10
9 58
9 51
9 30
9 59
9 37
9 19
9 47
9 92
9 90
9 27
9 55
10 59
10 23
10 99
10 41
10 35
10 72
11 73
11 24
11 84
11 25
11 25
11 78
11 91
11 80
11 44
11 56
12 77
12 52
12 22
12 79
13 78
13 99
13 79
13 31
13 30
13 86
13 32
13 79
13 81
13 65
13 90
14 77
14 33
14 79
14 18
14 99
14 46
14 75
14 39
15 18
15 42
15 86
15 57
15 34
15 99
15 85
15 98
15 83
15 50
15 81
15 30
16 61
16 74
16 32
16 81
16 64
16 31
16 55
16 59
16 92
17 33
17 94
17 96
17 42
17 69
17 42
17 84
17 43
17 51
17 40
18 62
18 65
18 32
18 51
19 43
19 47
19 50
19 46
19 83
19 57
19 69
19 55
19 99
20 84
20 46
20 32
20 58
20 33
20 34
20 23
20 57
20 66
20 23
20 45
20 44
21 41
21 78
21 70
21 42
21 56
21 64
21 25
21 84
21 41
22 68
22 56
22 91
22 71
22 55
22 57
22 78
23 41
23 31
23 98
23 85
23 42
23 44
23 27
24 69
24 65
24 60
24 63
24 56
24 55
24 94
24 94
25 76
25 38
25 43
25 41
25 77
25 61
25 91
26 36
26 72
26 35
26 42
26 81
26 61
26 43
26 43
26 94
27 80
27 81
27 56
27 58
27 82
27 59
27 74
27 91
27 30
27 94
28 47
28 71
28 37
28 37
28 37
29 30
29 59
29 33
29 88
30 61
30 94
30 55
30 37
31 34
31 43
31 74
31 61
31 74
32 62
32 97
32 69
32 48
32 42
32 79
32 87
32 52
32 63
33 72
33 84
34 67
34 72
34 39
34 37
34 35
34 71
34 56
34 57
34 36
34 53
34 54
34 52
35 64
35 52
35 48
36 50
36 96
36 47
36 71
36 88
37 51
37 76
37 38
38 92
38 84
38 82
38 78
39 52
39 78
39 94
39 77
39 64
40 59
40 86
40 62
40 88
40 84
40 85
40 80
41 75
41 84
41 44
41 99
42 83
42 58
42 97
42 56
42 99
42 89
43 97
44 87
44 56
44 75
44 78
44 81
44 95
45 85
45 95
45 86
45 73
45 65
45 75
46 81
46 60
46 68
46 92
46 61
46 60
46 49
46 71
46 77
46 75
46 87
47 95
47 52
47 80
47 92
47 50
47 65
47 94
47 70
47 52
47 75
48 60
48 87
48 64
48 68
48 77
48 75
49 56
49 95
49 99
49 91
49 85
50 72
50 55
50 74
50 68
50 76
50 61
50 54
50 71
51 72
51 69
51 53
51 62
51 52
51 98
52 80
52 73
52 65
53 86
53 81
53 69
53 69
53 54
55 92
55 94
55 73
55 87
55 59
56 99
56 72
56 99
56 75
56 67
56 92
56 80
57 99
57 97
58 96
58 89
58 84
59 73
59 79
59 67
59 62
59 91
60 64
60 85
60 85
61 85
61 84
61 70
61 85
61 67
62 66
62 68
62 71
63 70
63 74
63 72
63 74
64 88
64 86
65 97
65 79
65 68
65 88
66 92
66 89
66 69
67 68
67 70
68 79
68 75
68 88
69 86
69 76
69 77
69 73
70 96
70 73
70 91
70 75
71 86
71 75
72 81
73 88
74 89
75 95
75 79
75 78
75 87
76 88
76 79
76 85
77 85
77 92
77 78
77 83
78 99
78 86
80 81
80 83
80 93
80 82
80 94
82 89
82 85
82 98
84 85
84 85
84 95
85 86
85 94
86 98
87 88
88 96
88 96
88 95
89 90
90 92
90 96
91 93
96 99
