0 23
0 32
0 7
0 33
0 88
0 7
0 78
0 84
0 96
1 61
1 43
1 68
1 78
1 99
1 21
1 66
1 31
1 7
1 26
1 19
1 4
1 94
1 21
2 75
2 35
2 11
2 8
2 43
2 48
3 18
3 91
3 60
3 65
3 92
3 31
3 93
3 71
3 94
3 12
3 64
3 40
3 5
3 58
3 38
3 8
3 71
3 7
4 45
4 73
4 84
4 49
4 66
4 25
4 15
4 59
4 59
4 23
4 52
5 12
5 10
5 65
5 94
5 78
5 56
5 9
5 41
6 91
6 38
6 65
6 50
6 54
6 11
6 17
6 79
6 80
6 7
6 40
7 73
7 88
7 24
7 50
7 15
7 73
7 93
7 61
7 48
7 18
7 82
7 35
7 60
7 18
7 58
8 92
8 55
8 93
8 89
8 42
8 36
8 29
8 17
8 40
9 52
9 59
9 26
9 28
9 52
9 76
9 70
9 59
9 35
9 57
9 24
9 91
10 23
10 61
10 61
10 37
11 18
11 13
11 66
11 75
11 95
11 79
11 93
11 40
12 55
12 48
12 71
12 94
12 30
12 82
12 72
13 92
13 57
13 29
13 79
13 68
13 82
13 34
13 28
13 70
14 28
14 44
14 48
14 77
14 76
14 22
14 84
14 80
15 89
15 31
15 67
15 57
15 58
15 24
15 53
16 56
16 47
16 53
16 60
16 21
16 76
16 84
16 25
17 42
17 29
17 40
17 20
17 95
17 87
17 62
17 77
17 30
17 44
17 82
18 42
18 71
18 71
18 47
18 97
18 78
18 63
18 94
18 92
18 58
19 69
19 86
19 88
19 35
19 41
19 89
19 52
19 58
19 55
19 43
20 38
20 37
20 72
20 35
20 40
20 90
20 49
20 63
20 30
20 93
21 35
21 31
21 42
21 26
21 64
21 69
21 87
21 56
22 48
22 36
22 91
22 71
22 48
22 68
22 93
22 76
23 76
23 62
23 93
24 28
24 57
24 34
24 29
25 54
25 56
25 29
25 69
25 40
25 93
25 59
26 42
26 76
26 83
27 40
27 50
27 92
27 95
27 47
27 53
27 28
27 52
27 87
27 76
27 81
27 80
27 50
28 30
28 88
28 74
28 85
28 62
29 75
29 74
29 78
29 62
29 35
29 67
29 49
30 48
30 46
30 86
30 57
30 37
30 82
30 37
30 92
31 80
31 88
32 59
32 42
32 66
32 95
32 77
32 51
32 99
33 37
33 80
33 34
33 85
33 49
33 96
33 74
33 77
34 81
34 89
34 94
34 68
34 37
35 93
35 94
35 47
35 80
36 56
36 46
36 57
36 64
36 48
36 43
36 67
36 85
37 43
37 80
37 67
37 93
37 48
38 66
38 47
38 93
38 47
38 70
39 63
39 48
39 52
39 61
39 75
40 46
40 61
40 71
40 43
40 75
40 42
40 78
40 89
40 81
40 91
40 90
41 46
41 77
41 82
41 84
41 85
42 43
42 48
42 52
42 86
42 86
43 53
43 65
43 45
43 52
43 48
43 87
43 89
44 75
44 65
44 86
44 67
44 72
44 67
44 84
44 53
45 71
45 60
46 92
46 90
46 55
46 80
46 66
46 91
46 75
47 84
47 64
47 66
47 60
47 96
48 86
48 99
48 76
48 78
49 89
49 91
50 88
50 65
50 76
50 88
50 63
50 56
51 86
51 86
51 53
51 57
52 71
52 76
52 60
53 66
53 76
53 62
53 89
54 74
54 62
54 61
54 79
54 93
54 77
55 89
55 91
55 59
56 97
56 89
56 87
56 77
56 88
56 59
56 96
56 82
57 62
57 78
58 72
58 70
58 87
58 84
59 80
59 87
59 75
59 99
59 65
59 92
60 97
60 61
60 87
60 93
60 74
61 85
61 92
62 83
62 96
62 91
62 76
62 77
62 69
63 95
63 82
64 95
64 95
64 66
64 93
64 81
65 72
65 86
65 98
66 71
66 77
66 80
66 71
66 81
66 80
67 94
67 86
67 80
68 81
71 82
71 98
72 84
72 99
72 79
73 86
73 94
74 83
74 92
74 90
75 98
76 99
76 99
76 87
76 79
77 83
78 96
78 96
78 82
78 91
79 88
80 99
80 93
80 81
80 81
80 98
82 84
82 83
83 97
83 88
84 95
85 87
85 95
85 89
85 95
86 89
86 91
87 94
87 94
88 89
88 90
88 99
89 94
94 96
97 98
