0 9
0 31
0 97
0 22
0 93
0 99
0 46
0 4
0 28
0 10
0 22
0 73
1 91
1 41
1 58
1 92
1 26
1 11
1 44
1 57
1 69
1 65
1 42
1 92
1 23
1 68
2 51
2 70
2 13
2 52
2 10
2 73
2 46
2 51
3 88
3 23
3 20
3 16
3 69
3 92
3 47
3 34
3 66
4 9
4 72
4 85
4 49
4 59
4 24
4 92
4 51
4 67
4 8
4 14
4 28
4 76
4 8
4 83
5 24
5 82
5 66
5 85
5 55
5 51
6 83
6 87
6 73
6 19
6 84
6 48
6 25
6 52
6 93
6 82
7 82
7 35
7 48
7 52
7 47
7 15
7 58
7 97
7 23
7 42
7 37
7 90
7 29
7 45
7 79
8 77
8 73
8 22
8 90
8 26
8 65
9 62
9 92
9 11
9 88
9 26
9 29
10 33
10 49
10 78
10 30
10 58
10 43
10 47
10 98
10 88
10 30
10 95
11 84
11 60
11 88
11 95
11 38
11 90
11 97
12 34
12 33
12 77
12 48
12 49
12 81
12 37
12 82
12 66
12 49
13 24
13 46
13 92
13 63
13 33
14 76
14 15
14 91
14 53
14 46
14 67
14 57
14 91
14 24
14 89
14 48
15 49
15 90
15 41
15 41
15 45
15 81
16 81
16 70
16 94
16 46
16 69
16 51
16 31
17 47
17 19
17 30
17 92
17 26
17 60
17 75
17 41
17 56
18 42
18 27
18 79
18 52
18 66
18 75
18 50
18 44
18 54
19 75
19 68
19 91
19 36
19 44
19 88
19 68
19 58
19 35
19 33
19 57
19 54
19 99
20 27
20 32
20 99
20 39
20 64
20 89
20 77
21 88
21 50
21 80
21 85
21 22
21 92
21 74
21 89
21 90
21 98
21 82
21 87
22 30
22 94
22 86
22 41
22 78
22 66
22 60
22 50
22 42
22 84
22 78
22 47
23 35
23 95
23 59
23 64
23 79
23 39
23 50
23 97
23 73
23 63
24 49
24 36
24 68
24 60
24 50
24 25
24 37
24 35
24 32
25 41
25 30
25 34
25 92
25 83
26 73
26 79
26 33
26 77
26 77
27 81
27 41
27 83
28 54
28 92
28 70
28 50
28 40
29 83
29 30
29 88
29 37
29 63
29 59
30 94
30 63
30 90
30 33
30 52
30 48
30 97
30 49
30 90
31 56
31 75
31 48
31 51
31 91
31 65
31 42
32 44
32 45
32 80
32 94
32 64
33 83
33 70
33 91
33 56
33 98
33 77
33 48
33 94
33 57
34 64
34 55
34 87
34 97
34 51
34 90
34 88
34 82
34 45
34 79
35 42
35 78
35 44
35 83
35 64
35 50
36 92
36 45
36 60
37 43
37 89
37 65
37 79
37 75
37 85
38 97
38 74
38 71
38 54
38 56
38 45
38 43
38 61
39 47
39 51
39 56
39 95
40 43
40 80
40 90
40 80
40 95
40 69
41 89
41 79
41 70
41 87
41 47
41 96
42 90
42 52
42 60
42 52
42 78
43 67
43 99
43 61
43 48
43 84
44 67
44 94
44 54
44 67
44 48
44 97
44 60
44 84
44 79
45 48
45 51
45 95
45 59
45 69
46 93
46 77
46 52
46 81
46 49
46 84
46 61
46 72
46 86
46 81
47 88
47 89
47 50
47 61
47 67
47 98
47 54
47 49
47 78
47 62
48 73
48 73
49 77
49 91
49 86
50 73
50 65
50 87
50 59
50 80
51 55
51 61
51 75
51 77
51 98
51 89
52 53
52 96
52 61
52 87
52 68
53 89
53 98
53 90
54 75
54 88
54 75
54 94
55 70
55 99
56 57
56 67
56 72
56 75
56 76
56 63
56 99
57 58
57 62
57 98
57 61
58 60
58 85
59 73
59 87
59 62
59 86
59 69
60 88
61 71
61 66
61 62
61 71
61 81
61 62
62 86
62 67
62 73
63 94
63 70
64 69
64 76
64 68
64 97
64 84
65 98
65 98
65 76
65 73
65 93
66 72
67 98
67 70
67 69
68 87
69 77
69 82
70 92
70 90
72 73
72 83
72 73
72 96
72 85
73 74
73 79
73 83
74 85
74 95
76 90
76 98
76 92
76 98
77 86
77 90
78 90
79 98
80 87
80 87
80 85
82 89
82 87
83 89
83 95
83 91
83 86
85 95
86 98
87 97
89 97
89 93
94 95
95 99
97 99
