0 27
0 88
0 23
0 1
0 2
0 78
0 9
0 45
1 40
1 18
1 2
1 38
1 20
1 82
1 99
1 8
1 98
2 16
2 4
2 56
2 32
2 59
2 8
2 92
2 61
2 10
2 86
2 4
2 28
2 69
2 87
3 90
3 11
3 9
3 47
3 39
3 66
3 9
3 4
3 21
3 82
4 65
4 14
4 32
4 36
4 16
4 20
4 24
4 58
4 61
4 83
4 18
4 21
5 57
5 19
5 12
5 76
5 13
5 15
5 90
5 7
5 8
6 94
6 55
6 66
6 75
6 66
6 13
6 47
6 39
6 46
6 27
7 33
7 25
7 63
7 46
7 27
7 22
7 67
7 68
7 65
8 68
8 83
8 73
8 80
8 58
8 43
8 47
8 77
8 42
8 18
9 29
9 76
9 51
9 58
9 55
9 45
9 91
9 49
9 37
9 39
9 32
9 43
9 25
9 75
9 72
9 87
9 20
9 74
10 81
10 18
10 52
10 99
10 20
10 86
10 46
10 76
10 44
11 47
11 39
11 30
11 20
11 21
11 22
11 93
11 86
11 14
11 17
11 58
11 83
11 41
12 85
12 23
12 69
12 57
12 44
12 82
12 94
12 80
13 86
13 40
13 88
13 28
13 62
13 49
13 59
13 30
14 52
14 50
14 73
14 17
14 53
14 56
14 82
14 72
14 51
15 75
15 89
15 39
15 58
15 97
15 77
15 24
15 90
16 61
16 80
16 71
16 18
16 87
16 71
16 66
17 90
17 84
17 38
17 52
17 36
17 91
17 99
17 44
18 27
18 98
18 28
18 88
18 28
18 60
18 97
19 66
19 49
19 46
19 49
19 80
19 53
19 48
19 35
20 28
20 51
20 91
20 72
20 96
21 58
21 39
21 88
21 97
21 80
21 94
21 43
21 67
21 76
21 84
22 90
22 46
22 74
22 70
22 79
23 89
23 75
23 38
23 55
23 65
23 70
23 84
23 44
23 94
23 82
23 78
23 87
23 45
24 29
24 67
24 34
24 36
24 30
24 87
24 59
24 46
25 55
25 72
25 28
25 78
25 52
25 61
26 33
26 77
26 54
26 56
26 33
26 34
27 65
27 39
27 59
27 40
27 51
27 81
28 75
28 40
28 42
28 53
29 71
29 42
29 49
29 66
29 82
30 67
30 89
30 90
30 75
31 63
31 93
31 55
31 91
31 65
31 46
31 78
31 32
31 39
32 47
32 66
32 97
32 56
33 86
33 79
33 71
33 74
33 82
33 42
34 49
34 97
34 55
34 60
34 40
34 36
34 86
35 53
35 50
35 81
35 66
35 62
35 69
35 69
35 80
36 69
36 42
36 56
36 95
37 95
37 98
37 64
37 63
37 39
37 40
37 97
37 42
37 58
38 91
38 55
38 72
38 64
38 64
38 66
38 56
38 44
38 65
39 62
39 88
39 51
39 74
39 68
39 56
40 96
40 93
40 78
40 65
40 55
40 82
40 50
40 97
41 76
41 98
41 90
41 78
41 63
41 83
42 90
42 75
42 69
42 66
42 78
43 59
43 77
43 65
43 73
43 85
44 60
44 58
44 94
44 59
44 62
44 61
44 47
45 79
45 87
45 81
46 66
46 91
46 77
46 58
46 90
47 61
47 70
47 96
47 53
47 96
47 80
48 89
48 67
48 78
48 58
48 87
49 77
49 83
49 66
49 63
49 65
49 82
50 89
50 88
51 95
51 59
52 56
52 66
52 56
52 80
52 78
53 97
53 64
53 70
53 58
53 89
53 63
53 86
53 89
53 85
54 96
54 56
54 88
54 68
54 84
55 84
55 57
55 95
56 97
56 94
56 92
56 72
57 96
57 61
57 77
57 62
57 78
57 86
57 69
57 65
58 66
59 61
59 65
59 77
59 80
59 87
59 69
60 62
60 86
60 83
60 78
61 78
62 72
62 85
62 84
62 70
63 75
63 85
63 75
63 77
63 89
63 68
64 78
64 94
64 81
64 92
65 95
65 99
66 86
66 70
66 67
66 88
66 81
66 76
67 81
68 91
68 98
69 71
69 78
69 77
70 74
71 95
71 88
72 78
72 94
72 83
72 79
73 93
73 86
74 87
74 76
74 84
74 83
75 84
77 85
77 86
78 86
78 79
79 84
80 82
81 93
81 85
81 86
82 85
83 98
83 96
84 90
85 98
86 96
86 99
87 95
87 95
89 99
89 95
90 96
90 96
91 98
98 99
