0 12
0 76
0 9
0 8
0 58
0 85
0 25
0 72
1 40
1 82
1 34
1 84
1 18
1 79
1 68
2 47
2 85
2 17
2 36
2 56
3 39
3 95
3 14
3 76
3 23
3 81
3 43
3 43
3 60
3 45
4 74
4 44
4 76
4 52
4 22
4 17
4 7
4 22
4 67
5 89
5 60
5 87
5 85
5 74
5 53
5 98
5 89
5 52
5 58
5 92
6 31
6 7
6 45
6 28
6 99
6 13
6 73
7 19
7 64
7 42
7 84
7 73
7 45
7 77
7 44
7 84
7 71
8 93
8 49
8 70
8 69
8 69
8 52
8 42
9 63
9 36
9 53
9 24
9 52
9 42
9 21
9 87
10 55
10 12
10 34
10 83
10 93
11 90
11 74
11 12
11 69
11 25
11 66
11 48
11 15
11 97
11 92
11 92
12 63
12 40
12 30
12 48
12 44
12 55
12 61
12 87
12 99
13 78
13 53
13 79
13 19
13 67
13 42
13 99
13 69
14 50
14 56
14 75
14 71
14 28
14 16
14 65
14 61
15 81
15 54
15 57
16 98
16 53
16 38
16 52
16 46
16 68
16 31
16 95
17 85
17 23
17 88
17 49
17 68
17 29
18 28
18 20
18 24
18 52
18 66
18 49
18 47
18 69
18 57
18 26
18 73
18 96
18 47
19 36
19 27
19 60
19 82
19 46
19 69
19 45
19 45
19 76
19 74
19 90
19 87
19 50
19 58
19 65
19 24
19 34
19 56
20 47
20 94
20 74
20 65
20 46
20 45
20 50
21 51
21 60
21 95
21 47
21 70
21 44
21 84
22 46
22 40
22 53
22 54
22 97
22 34
22 46
22 70
22 88
23 66
23 33
23 93
23 71
23 93
23 95
23 79
23 25
23 37
23 65
24 96
24 56
24 54
24 60
24 99
24 71
24 78
24 70
24 28
25 70
25 57
25 34
25 97
25 84
26 96
26 79
26 83
26 51
26 82
26 83
27 28
27 82
27 38
27 86
27 43
28 49
28 84
28 95
28 65
28 34
28 62
28 47
28 33
28 69
28 84
28 51
28 43
29 78
29 36
29 40
29 65
29 48
29 72
29 52
29 51
30 73
30 79
30 58
30 77
30 64
30 76
30 56
30 40
30 92
30 39
31 53
31 81
31 80
31 43
31 95
31 78
31 55
31 73
31 87
31 81
32 74
32 73
32 97
32 57
33 68
33 49
33 40
33 85
33 47
33 69
33 69
34 45
34 77
34 76
34 35
34 83
34 60
35 57
35 51
35 64
35 52
35 53
36 65
36 64
36 72
36 87
36 76
37 38
37 93
37 94
37 55
37 83
37 45
37 60
37 51
37 54
38 94
38 68
38 86
38 92
39 59
39 71
39 41
39 76
39 70
39 53
40 85
40 80
40 98
40 66
40 91
40 56
41 45
41 91
41 65
41 43
41 72
41 79
41 50
41 67
42 65
42 58
42 56
42 69
42 55
42 73
42 99
42 61
42 64
43 89
43 89
43 48
44 53
44 96
44 57
45 66
45 54
45 84
45 93
45 57
46 70
46 60
46 81
46 77
46 55
47 87
47 82
47 65
47 86
47 69
48 95
48 90
48 82
48 96
49 61
49 93
49 60
49 62
49 74
50 89
50 82
50 53
50 79
50 97
50 76
50 91
50 55
51 55
51 81
51 90
51 88
51 84
51 85
52 59
52 58
52 62
53 67
53 55
53 86
53 80
54 94
54 64
54 96
54 92
54 70
54 85
54 70
55 71
55 66
55 72
55 77
55 72
56 90
56 96
56 68
56 88
57 98
57 86
57 71
57 71
57 66
58 63
58 72
58 73
58 65
58 65
59 60
59 81
59 82
59 65
59 92
59 97
60 87
60 85
60 87
61 83
61 85
61 95
61 76
61 80
62 95
62 89
62 69
63 97
63 95
64 72
64 66
64 68
64 84
64 65
65 76
65 95
65 76
66 89
66 72
66 92
67 81
67 68
67 88
67 74
67 99
67 70
67 74
68 85
68 75
68 90
68 84
68 98
69 75
69 82
70 71
71 90
71 75
71 85
71 98
73 85
73 99
74 82
74 83
74 89
75 77
75 80
76 83
76 81
76 98
77 81
77 92
77 98
78 91
78 85
78 87
78 90
79 85
79 83
79 87
80 91
80 96
80 82
81 93
81 85
82 92
82 87
82 93
83 92
85 97
85 99
85 97
86 97
86 89
89 99
92 95
