0 39
0 10
0 37
0 49
0 55
0 47
0 85
0 51
0 69
1 46
1 31
1 79
1 64
1 13
2 72
2 10
2 65
2 55
2 6
2 59
2 16
2 79
2 94
2 87
2 23
2 41
2 37
3 47
3 77
3 58
3 34
3 12
3 39
3 33
3 17
3 78
3 85
3 95
4 80
4 16
4 51
4 94
4 59
4 27
4 44
4 10
5 22
5 73
5 96
5 80
5 98
5 80
5 59
5 89
5 49
5 48
6 41
6 23
6 39
6 65
6 14
6 87
6 34
6 49
6 64
6 99
6 20
7 60
7 49
7 68
7 20
7 24
7 72
7 44
8 9
8 71
8 61
8 9
8 81
8 50
8 56
8 60
8 45
8 77
8 21
9 60
9 68
9 23
9 14
9 61
9 85
9 55
9 98
10 12
10 40
10 75
10 72
10 36
10 35
10 78
10 18
10 82
10 61
11 97
11 30
11 73
11 62
11 66
11 83
11 99
12 66
12 84
12 98
12 13
12 41
12 93
12 41
12 13
13 77
13 34
13 93
14 53
14 90
14 51
14 28
14 83
14 86
14 88
14 75
14 18
14 41
14 44
14 95
14 53
15 49
15 43
15 57
15 28
15 42
15 70
15 89
15 28
15 94
15 85
15 96
15 16
16 62
16 63
16 65
16 91
16 77
16 83
16 54
16 94
16 21
17 18
17 22
17 67
17 94
17 38
17 74
17 67
18 46
18 63
18 72
18 41
18 47
19 57
19 95
19 74
19 84
19 94
19 91
19 38
19 49
19 84
19 25
20 39
20 55
20 46
20 91
20 66
20 21
20 94
20 81
20 81
20 86
20 84
21 57
21 56
21 27
21 77
21 71
21 71
21 91
21 28
21 79
22 48
22 48
22 34
22 64
22 80
22 89
22 58
22 55
22 69
22 66
23 44
23 47
23 79
23 50
23 83
24 68
24 58
24 79
24 88
24 31
24 70
24 42
24 55
24 96
24 76
24 52
25 53
25 36
25 57
25 31
25 99
25 39
26 65
26 35
27 40
27 88
27 59
27 61
27 62
27 94
27 65
27 94
27 51
28 62
28 78
28 76
28 58
28 66
28 54
28 63
28 98
29 73
29 53
29 76
29 42
29 74
29 73
29 85
29 86
29 36
30 50
30 58
30 87
31 71
31 48
31 91
31 86
31 75
31 99
31 96
32 56
33 36
33 87
33 95
33 57
33 69
33 76
33 77
33 50
33 41
33 38
33 34
34 70
34 36
34 66
34 40
34 70
34 59
35 88
35 37
35 88
35 57
35 44
35 64
36 90
36 80
36 38
36 54
36 96
36 80
37 46
37 38
37 81
37 70
37 99
37 82
38 44
38 54
39 66
39 46
39 81
39 62
39 73
39 40
39 77
40 60
40 53
40 82
40 65
40 93
40 58
41 97
41 45
41 87
41 66
41 97
41 77
41 58
41 88
42 92
42 95
42 58
42 76
42 97
42 91
42 43
42 66
43 60
43 49
43 85
43 47
43 82
43 51
44 51
44 98
44 56
44 54
44 54
44 83
44 59
44 57
45 64
45 91
45 69
45 84
46 66
46 93
46 87
46 53
46 80
46 58
46 90
46 68
47 94
47 82
47 48
47 98
47 82
48 97
48 72
48 84
49 77
49 65
49 92
49 91
49 74
50 55
50 66
50 58
50 82
51 82
51 96
51 85
51 64
51 53
51 96
52 62
52 91
52 85
52 53
53 90
53 68
53 98
53 94
53 90
54 58
55 60
55 80
55 78
55 65
55 63
56 68
56 66
56 57
56 92
57 97
58 78
58 99
58 86
58 98
59 82
59 99
60 84
60 93
60 93
60 68
61 66
61 67
61 89
62 98
62 95
62 94
64 85
64 65
64 92
65 76
65 68
65 92
65 69
65 82
65 80
65 70
66 94
66 96
66 77
66 82
66 72
66 90
67 77
67 99
68 87
68 86
68 81
68 80
68 75
68 80
68 84
69 96
69 83
69 85
69 89
69 79
69 79
69 74
70 79
70 74
70 85
70 81
70 71
71 78
71 96
71 84
71 84
72 87
72 81
73 74
74 87
74 88
74 98
74 77
74 76
75 96
75 84
75 81
75 92
77 95
78 87
78 89
79 90
80 94
80 87
81 98
81 84
81 94
82 89
82 94
83 95
83 91
83 87
83 93
84 90
84 91
84 86
84 89
85 93
86 93
87 89
87 91
89 97
90 93
90 97
90 93
91 95
