0 54
0 40
0 61
0 2
0 27
0 95
0 65
0 30
0 62
0 71
0 54
0 8
0 29
1 77
1 95
1 79
1 27
1 10
1 28
1 50
1 94
1 3
1 45
1 39
2 31
2 66
2 49
2 74
2 99
2 43
2 95
2 83
2 17
2 5
2 27
2 51
2 27
2 85
2 89
2 32
2 48
2 3
3 21
3 90
3 55
3 75
3 50
3 71
3 38
4 57
4 43
4 95
4 24
4 32
4 91
4 5
5 24
5 96
5 14
5 24
5 64
5 74
5 78
6 97
6 83
6 31
6 75
6 70
6 92
6 88
6 84
7 91
7 42
7 48
7 61
7 31
7 83
7 86
7 21
7 10
7 86
8 88
8 37
8 83
8 28
8 90
8 92
8 45
8 92
8 12
9 18
9 81
9 18
9 39
9 89
9 25
9 98
9 73
9 37
10 27
10 85
10 42
10 83
10 19
10 78
10 35
10 15
10 87
11 12
11 88
11 47
11 69
11 20
11 70
11 69
11 77
11 71
11 49
11 75
11 43
11 65
12 94
12 30
12 98
12 52
12 89
12 38
12 76
12 54
12 25
13 38
13 38
13 65
13 22
13 34
13 44
13 52
14 60
14 93
14 81
14 45
14 67
14 23
14 67
14 25
14 80
14 71
15 89
15 68
15 29
15 48
15 46
15 25
15 82
15 71
15 79
16 93
16 79
16 70
16 81
16 93
16 41
16 27
16 30
16 43
16 54
16 18
16 73
16 22
16 27
16 28
16 60
17 32
17 90
17 70
17 40
17 38
17 64
17 79
18 32
18 86
18 40
18 74
18 66
18 96
18 22
18 91
18 68
18 76
19 48
19 67
19 85
19 98
19 49
19 40
19 96
20 60
20 47
20 83
20 47
20 50
20 79
20 89
20 92
20 23
20 21
20 93
20 47
20 23
20 63
21 60
21 65
21 94
22 65
22 88
23 69
23 24
23 89
23 95
23 44
23 75
23 91
23 42
23 37
23 83
23 43
23 94
23 38
24 36
24 29
24 96
24 66
24 42
24 92
24 89
24 49
24 42
24 48
25 67
25 83
25 89
25 47
25 32
26 50
26 59
26 74
26 94
26 30
26 61
26 78
26 88
26 68
26 32
26 98
26 83
27 90
27 95
27 83
27 56
27 58
27 66
27 71
27 40
28 81
28 42
28 56
28 45
28 49
28 66
28 31
28 59
28 83
29 50
29 55
29 96
29 69
29 86
29 81
30 87
30 83
30 87
30 76
30 33
31 76
31 86
31 74
31 82
32 44
32 44
32 51
32 34
32 53
32 62
32 72
32 58
33 89
33 99
33 95
33 50
33 38
33 40
33 48
33 73
34 64
34 79
34 96
34 46
34 63
34 41
34 96
35 66
35 74
35 42
36 57
36 61
36 42
36 40
36 61
37 87
37 49
37 52
38 85
38 58
38 77
38 78
38 67
39 54
39 61
40 52
40 68
40 54
40 86
40 61
40 64
41 66
41 87
41 98
41 46
42 50
42 87
42 83
42 48
42 99
42 46
42 66
43 91
43 67
43 50
43 72
43 90
43 89
43 77
43 58
43 48
44 46
44 88
44 48
44 64
44 60
46 76
46 77
46 73
46 70
46 67
46 71
47 48
47 78
47 83
47 85
47 71
47 80
48 68
48 66
48 73
48 58
48 82
48 73
48 68
48 60
49 61
49 82
49 55
49 82
49 63
49 64
50 53
50 89
50 72
50 75
50 91
51 85
51 72
51 53
51 69
52 78
52 69
52 72
52 78
52 71
52 91
52 69
52 91
52 62
52 65
53 73
53 55
53 78
53 73
53 58
53 58
53 85
54 68
54 73
55 70
55 82
55 58
55 97
55 68
55 92
55 87
56 57
56 71
57 85
57 63
57 63
58 95
58 95
58 93
58 98
58 77
59 73
59 88
59 90
59 86
59 75
60 78
60 65
60 98
60 96
60 67
62 96
62 64
62 71
62 98
63 85
63 70
63 83
63 84
63 86
64 67
64 91
65 82
65 88
66 81
66 88
66 73
66 69
66 82
68 83
69 88
69 76
70 99
70 85
70 90
70 77
71 88
71 96
71 98
73 95
73 85
74 86
74 97
74 81
75 93
76 97
76 84
76 80
76 85
76 79
77 95
80 90
80 81
80 84
81 87
81 84
81 97
82 85
82 93
82 96
85 93
85 89
86 96
86 96
86 96
89 97
90 93
92 99
93 98
94 96
97 98
