0 51
0 71
0 21
0 48
1 36
1 87
1 35
1 60
1 55
1 40
2 40
2 30
2 37
2 58
2 12
2 69
2 89
2 86
2 97
2 76
2 55
2 20
2 74
2 45
2 80
2 20
3 37
3 38
3 68
3 25
3 31
3 43
3 36
3 33
3 87
4 30
4 65
4 83
4 39
4 20
4 8
4 96
4 11
4 20
4 22
4 92
4 30
4 89
4 38
5 92
5 17
5 32
5 27
5 48
5 59
5 30
5 53
6 53
6 81
6 9
6 51
6 25
6 46
6 18
7 63
7 45
7 35
7 77
7 88
7 43
7 57
8 71
8 72
8 24
8 22
8 39
8 77
8 68
8 27
8 15
8 77
8 79
8 65
8 64
8 9
9 18
9 52
9 33
9 47
9 84
9 72
9 86
9 81
9 61
9 72
9 92
10 72
10 35
10 56
10 79
10 30
10 95
10 86
10 87
10 56
10 26
10 58
10 38
11 84
11 60
11 63
11 71
11 60
11 38
11 70
11 58
11 45
11 65
11 12
12 56
12 92
12 91
12 37
12 27
12 68
12 44
13 20
13 98
13 26
13 90
13 85
13 30
13 92
13 67
13 34
14 43
14 61
14 38
14 75
14 16
14 29
14 15
14 29
14 48
14 47
15 97
15 41
15 26
15 20
15 64
15 94
15 29
15 76
16 53
16 29
16 70
16 72
16 60
16 45
16 99
16 38
16 18
16 86
16 49
16 82
16 92
16 98
17 83
17 34
17 54
17 82
17 56
17 70
17 39
17 65
18 61
18 38
18 31
18 63
18 85
19 32
19 62
19 27
19 97
19 89
20 34
20 56
20 94
20 97
20 75
20 70
20 25
20 33
21 30
21 66
21 43
21 43
21 48
21 34
21 29
22 40
22 46
22 66
22 72
22 57
22 52
22 97
23 76
23 69
23 54
23 89
23 35
24 48
24 52
24 68
24 91
24 38
24 51
24 76
25 51
25 99
25 83
25 84
25 91
26 93
26 48
26 59
26 65
26 44
26 87
27 35
27 35
27 71
27 69
27 35
27 59
27 96
27 46
27 39
28 50
28 66
28 66
28 85
28 32
28 64
28 36
28 97
29 52
29 30
29 75
29 58
29 47
29 30
30 56
30 40
30 45
30 87
30 40
30 38
30 57
31 61
31 93
31 33
32 78
32 64
32 33
32 64
32 56
32 43
32 95
33 41
33 44
33 71
33 51
33 65
33 83
33 95
33 77
34 88
34 42
34 53
34 51
34 57
34 90
34 35
34 85
35 84
35 89
35 46
35 83
35 55
35 90
35 62
36 99
36 83
36 39
36 74
37 75
37 42
37 94
37 64
37 59
37 95
37 67
38 74
38 97
38 67
38 63
38 47
38 98
39 72
39 56
39 40
39 59
39 92
40 48
40 70
40 56
40 60
40 75
40 63
40 70
40 81
41 87
41 58
41 84
41 44
41 57
41 72
41 89
41 52
42 97
43 57
43 67
43 54
43 93
43 57
43 64
43 93
44 61
44 69
44 81
44 73
44 77
45 68
45 83
45 53
45 94
45 55
45 79
45 52
45 85
45 70
45 67
46 92
46 98
46 67
46 61
46 83
47 62
47 55
47 75
47 94
47 67
47 97
47 65
47 75
47 49
47 57
47 99
48 99
48 76
48 98
48 55
48 71
48 96
49 84
49 77
49 95
49 69
49 63
49 91
50 75
50 85
50 86
51 89
51 70
51 86
51 59
51 69
52 82
52 63
52 61
52 92
53 60
53 70
53 65
53 84
53 93
53 55
53 79
53 55
54 69
54 70
54 83
54 55
54 86
55 59
55 93
55 77
55 78
56 78
56 76
56 81
56 94
57 70
57 77
57 80
59 61
59 92
60 95
60 85
60 93
60 84
60 71
61 70
62 68
63 98
63 65
63 83
63 84
63 96
64 79
64 90
65 71
65 66
65 80
66 84
66 76
66 94
66 89
66 90
66 71
67 98
67 71
67 72
67 74
67 90
68 99
68 71
68 99
71 72
71 96
71 78
72 90
72 83
73 92
73 75
73 85
74 81
74 85
74 91
74 83
75 78
75 96
75 76
75 83
75 81
75 98
76 99
76 92
76 94
77 85
77 87
77 93
77 98
77 98
78 88
79 88
80 97
80 81
80 84
80 87
81 98
81 91
82 93
83 98
83 93
83 96
84 89
85 91
86 93
87 91
87 91
87 96
89 95
91 95
91 93
92 94
92 93
