0 58
0 44
0 73
0 15
0 58
0 29
0 84
0 1
0 70
1 80
1 47
1 2
1 31
1 45
1 96
1 27
1 57
1 74
1 30
2 90
2 23
2 68
2 42
2 59
2 58
2 55
2 86
2 52
3 9
3 16
3 5
3 69
3 18
3 34
3 91
3 59
3 91
3 38
3 89
4 60
4 14
4 88
4 45
4 43
4 82
4 52
4 72
4 66
4 59
4 50
5 94
5 39
5 24
5 90
5 38
5 22
5 64
5 65
5 93
5 15
5 31
6 82
6 97
6 91
6 71
6 33
6 94
6 10
6 95
6 52
6 84
6 25
6 70
6 58
7 66
7 56
7 43
7 93
7 22
7 56
7 54
7 18
7 74
7 20
7 33
7 73
8 62
8 11
8 31
8 30
8 53
8 71
8 81
8 82
9 35
9 99
9 58
9 86
9 35
9 30
9 39
9 90
9 45
9 21
9 48
10 48
10 71
10 71
10 58
10 46
10 73
10 59
10 67
10 51
10 54
10 58
11 98
11 53
11 81
11 45
11 57
11 96
11 50
11 24
11 14
11 54
11 19
12 60
12 27
12 81
12 99
12 14
12 64
12 20
12 73
13 99
13 99
13 91
13 42
14 64
14 44
14 89
14 39
14 21
14 18
14 33
14 40
14 90
14 64
14 29
14 87
14 38
14 32
15 89
15 97
15 43
15 32
16 86
16 40
16 78
16 73
16 60
16 69
16 29
16 67
16 73
16 58
16 96
17 20
17 72
17 34
17 85
17 31
17 73
18 22
18 36
18 93
18 63
18 89
18 94
18 95
19 20
19 77
19 48
19 96
19 87
19 76
20 60
20 34
20 54
20 68
20 69
20 63
20 85
20 80
20 69
21 49
21 94
21 80
21 53
21 54
21 36
21 55
21 34
21 90
21 69
21 85
21 48
21 96
21 31
22 70
22 67
22 98
22 67
23 95
23 78
23 97
23 79
23 60
24 42
24 81
24 57
24 52
24 86
24 36
24 76
25 85
25 69
25 65
25 93
25 95
25 92
25 38
25 26
25 94
25 79
25 41
26 35
26 75
26 39
26 90
26 67
26 83
26 43
26 62
26 76
27 28
27 48
27 51
27 53
28 51
28 71
28 66
28 40
29 78
29 67
29 91
29 98
29 39
29 72
29 37
30 78
30 95
30 47
30 78
30 92
30 44
30 45
30 88
30 48
30 66
31 68
31 90
31 98
31 89
32 67
32 87
32 90
32 69
32 90
32 99
32 86
32 54
32 36
32 45
32 36
33 86
34 81
34 36
34 62
34 77
35 53
35 95
35 56
35 63
36 84
36 46
36 90
36 74
36 86
36 95
37 44
37 80
37 39
38 87
38 54
38 65
38 81
38 99
38 55
38 45
39 71
39 99
39 51
39 95
39 52
39 43
40 67
40 75
40 53
40 88
40 56
40 45
40 64
40 65
40 47
41 74
41 72
41 70
42 96
42 61
42 84
43 51
43 84
43 49
44 45
44 62
44 56
44 66
44 95
45 50
45 56
45 63
45 97
46 53
46 54
46 98
46 56
46 91
46 69
46 51
47 76
47 68
47 76
47 81
47 59
47 57
48 93
48 99
48 71
48 93
48 70
48 56
49 73
49 84
49 64
49 59
49 64
50 57
50 87
50 75
50 72
50 68
50 87
51 74
51 66
51 80
51 58
51 63
51 70
51 96
51 84
51 86
52 99
52 57
52 72
52 91
53 91
53 59
53 81
53 60
53 67
54 94
54 58
55 90
55 59
55 97
55 57
55 70
55 65
55 69
55 61
56 81
56 73
56 99
57 88
57 82
57 65
57 64
58 87
58 91
58 66
58 89
58 70
58 94
58 87
58 77
58 59
59 71
59 85
59 73
59 85
59 85
59 80
59 61
60 70
60 82
60 67
60 74
60 74
60 81
61 71
61 97
61 93
61 96
61 70
61 70
61 84
62 68
62 95
62 93
62 70
62 64
62 91
63 80
64 93
64 90
65 80
65 70
65 94
66 89
67 81
67 74
67 73
68 84
69 88
69 98
69 83
70 83
70 98
70 75
70 95
70 87
71 81
71 76
71 73
72 84
72 99
72 96
73 88
73 81
74 99
75 88
76 90
76 83
77 79
78 79
79 95
79 84
80 86
80 87
81 97
82 99
82 97
82 96
82 99
83 88
85 90
85 92
86 89
87 88
87 90
88 99
88 94
89 91
89 98
90 94
91 97
92 97
94 96
