0 17
0 33
0 11
0 98
0 52
0 91
0 65
0 33
1 67
1 8
1 33
1 48
1 11
1 52
1 5
1 81
2 14
2 77
2 68
2 30
2 95
2 99
2 53
3 50
3 47
3 18
3 51
3 72
3 66
3 87
4 44
4 64
4 28
4 13
4 89
4 8
4 13
4 62
4 55
4 13
4 47
4 86
5 25
5 89
5 86
5 87
5 40
6 69
6 55
6 23
6 27
6 49
6 43
6 43
6 52
6 60
6 49
7 24
7 20
7 82
7 59
7 25
7 75
7 63
7 87
7 37
7 66
7 31
8 71
8 18
8 48
8 50
8 83
8 87
8 58
8 99
8 13
8 89
8 96
9 67
9 65
9 43
9 51
9 77
9 88
9 15
9 86
10 89
10 97
10 53
10 43
10 80
10 41
10 70
10 76
10 45
10 20
10 72
10 39
10 15
11 36
11 36
11 71
11 71
11 80
11 58
11 24
11 90
11 71
11 74
11 21
11 35
11 69
12 27
12 42
12 16
12 68
12 57
12 69
12 78
12 91
12 78
12 87
12 61
12 98
12 78
13 59
13 82
13 24
13 61
13 64
13 68
14 32
14 44
14 80
14 59
14 55
14 61
14 27
14 81
14 48
14 40
14 88
15 71
15 70
15 35
15 35
15 78
16 80
16 77
16 56
16 68
16 42
16 63
16 65
16 56
16 24
16 18
16 43
16 54
17 33
17 68
17 49
17 50
17 99
17 39
17 49
17 27
17 80
17 88
17 68
18 49
18 93
18 70
18 89
18 43
18 29
18 53
18 59
19 92
19 99
19 94
19 89
19 85
19 69
19 32
19 78
19 62
20 28
20 65
20 74
21 27
21 65
21 88
21 89
21 64
21 66
21 43
22 42
22 48
22 40
22 72
22 41
22 44
22 39
23 87
23 28
23 40
23 51
24 74
24 79
24 43
24 42
24 60
24 76
25 48
25 85
25 94
25 32
26 80
26 28
26 95
26 67
26 80
26 48
26 64
26 81
27 35
27 51
27 48
27 61
27 90
27 93
27 28
27 88
27 60
27 97
27 28
28 65
28 78
28 82
28 99
28 30
28 68
29 77
29 67
29 46
29 63
29 64
29 96
29 87
29 32
29 53
29 48
29 89
29 76
30 55
30 68
30 57
30 34
30 94
31 52
31 88
31 72
31 69
31 79
31 90
32 47
32 60
32 78
32 95
32 97
32 49
32 87
32 60
33 75
33 96
33 59
33 35
33 38
33 49
34 95
34 69
34 97
34 77
34 86
34 47
34 60
34 76
34 47
35 47
35 46
35 69
35 81
35 43
35 45
35 71
35 51
35 69
35 87
36 94
36 38
36 81
36 97
36 48
36 65
36 41
36 54
36 76
37 53
37 44
37 76
37 40
37 64
37 97
37 99
38 61
38 85
38 73
38 61
38 98
38 65
38 56
38 42
39 78
39 74
40 67
40 73
40 88
40 67
40 81
40 50
40 74
40 42
41 80
41 55
41 84
41 43
42 87
42 86
42 82
42 45
42 56
42 46
43 89
43 97
44 97
44 78
44 90
44 47
44 72
45 84
45 78
45 73
46 49
46 57
46 82
46 93
46 69
46 83
47 81
47 84
47 77
47 66
47 93
47 95
48 54
48 96
48 96
48 78
48 50
49 61
49 87
49 71
49 59
49 58
49 82
49 84
50 85
50 89
51 75
51 69
51 85
51 71
51 78
51 89
52 66
52 63
52 65
52 85
52 92
52 95
52 98
52 81
52 68
52 79
53 68
53 78
54 55
54 92
54 95
55 83
55 84
56 65
56 90
56 72
56 89
56 98
56 73
56 77
56 76
56 73
56 74
56 73
56 96
56 60
57 94
57 70
57 78
57 98
58 64
58 87
58 60
58 88
59 61
59 79
59 64
59 89
59 89
59 77
60 87
60 82
61 73
61 96
61 90
62 92
62 64
62 80
62 70
62 78
62 70
63 78
64 98
64 94
65 67
65 81
65 85
65 73
65 73
66 95
66 79
67 76
69 72
69 78
69 84
70 77
70 86
70 93
72 84
72 90
72 89
73 98
73 82
74 80
74 94
75 84
75 86
75 77
76 87
76 78
77 83
77 88
77 92
78 80
79 99
79 98
79 90
79 87
80 89
80 92
80 91
81 94
81 95
82 92
82 90
82 83
83 99
84 96
84 98
86 96
86 94
87 92
87 89
87 90
88 98
89 93
89 93
90 97
90 98
91 95
