0 79
0 42
0 63
0 62
0 35
0 65
0 3
0 55
0 14
0 74
0 16
0 75
0 92
1 86
1 14
1 40
1 48
1 11
1 52
1 14
1 15
1 49
1 36
1 64
2 97
2 90
2 40
2 60
2 9
2 12
2 77
2 76
2 16
2 57
2 37
3 22
3 43
3 24
3 27
4 93
4 63
4 65
4 12
4 65
4 17
4 66
4 78
5 87
5 19
5 34
5 24
5 95
5 65
5 76
5 48
5 27
5 63
6 96
6 26
6 46
6 11
6 89
6 78
6 58
6 32
7 58
7 9
7 82
7 46
7 79
7 91
7 34
7 26
7 37
7 60
7 75
7 19
7 9
8 16
8 96
8 99
8 29
8 83
8 19
8 36
8 42
8 96
9 14
9 43
9 87
9 42
9 39
9 38
9 49
9 25
10 63
10 41
10 90
10 74
10 39
10 81
10 64
10 26
11 72
11 74
11 39
11 43
11 94
11 35
11 62
11 30
11 55
11 47
12 40
12 13
12 45
12 15
12 47
12 27
12 57
12 30
12 44
12 30
12 53
12 60
13 80
13 52
13 45
13 47
13 98
13 73
14 18
14 83
14 29
14 40
14 53
14 27
14 33
14 82
14 41
14 74
14 20
14 39
14 93
15 75
15 71
15 89
15 98
15 67
15 57
15 50
15 42
15 20
15 30
16 37
16 88
16 26
16 68
16 61
16 89
17 39
17 67
17 87
17 54
17 83
17 48
17 69
17 82
17 44
17 73
18 74
18 29
18 93
18 36
18 74
18 78
18 53
18 86
18 38
19 47
19 83
19 96
19 32
19 28
19 92
20 56
20 60
20 91
20 39
20 39
20 24
20 29
20 87
21 92
21 89
21 52
21 95
21 94
21 25
21 36
21 97
21 67
21 59
21 36
22 25
22 78
22 66
22 69
22 49
22 39
22 47
23 29
23 69
23 25
23 66
23 50
23 89
23 79
23 68
23 24
24 75
24 31
24 83
25 60
25 95
25 83
25 55
26 80
26 27
26 92
26 44
26 54
26 85
26 30
26 94
27 90
27 43
27 77
27 67
27 47
27 62
27 58
27 91
27 80
28 61
28 58
28 31
28 84
28 62
28 48
28 33
28 68
28 81
28 98
28 84
28 89
29 44
29 30
29 92
29 84
29 49
29 95
29 35
29 90
30 55
30 75
30 38
31 94
31 79
31 86
31 71
31 38
31 36
31 77
31 95
32 57
32 92
32 49
32 92
32 44
33 52
33 60
33 51
33 49
33 60
33 93
34 43
34 99
34 40
34 57
34 36
35 42
35 52
35 95
35 88
35 74
35 74
35 64
35 72
36 56
36 98
36 63
36 82
36 99
36 79
37 66
37 98
37 41
37 91
37 98
37 48
38 57
38 63
38 81
38 72
38 47
38 53
38 59
38 58
39 89
39 47
39 66
39 83
39 99
39 70
39 59
39 68
39 93
39 44
39 61
40 96
40 74
40 89
40 61
40 98
40 52
41 60
41 83
41 97
41 62
42 47
42 68
42 47
43 63
43 87
43 91
44 54
44 66
44 96
44 76
45 65
45 88
45 85
46 70
46 53
46 70
46 77
46 66
47 58
47 98
47 99
47 69
47 65
48 57
48 84
48 83
48 69
48 78
48 97
48 52
48 62
49 87
49 70
49 60
49 51
49 81
49 54
49 60
49 77
49 65
49 92
50 68
50 61
50 83
50 59
50 66
50 94
50 97
50 75
51 97
51 62
51 56
51 79
51 71
51 63
52 57
53 65
53 98
53 71
53 72
53 57
54 73
54 87
55 58
55 60
55 84
55 60
55 83
56 87
57 92
57 78
57 68
58 63
58 72
58 89
58 82
58 65
58 95
58 75
59 98
59 99
59 60
60 82
60 94
60 70
60 76
61 65
61 87
62 71
62 89
62 63
62 71
62 80
63 66
63 82
63 64
63 91
64 98
64 65
64 67
65 95
65 70
66 72
66 72
67 98
67 71
67 89
67 89
67 75
67 75
68 96
68 96
68 90
69 83
69 82
70 88
70 84
70 73
71 84
72 95
72 77
72 98
72 82
72 73
73 80
75 76
75 87
75 78
76 81
76 92
77 88
77 97
79 96
80 91
81 90
81 98
82 91
82 92
82 95
82 96
82 90
82 90
83 89
83 89
83 84
84 99
85 94
85 95
85 99
86 96
86 91
86 90
88 96
88 93
88 94
89 98
90 95
93 98
95 97
96 98
