0 72
0 38
0 48
0 54
0 17
0 78
0 85
0 12
0 61
0 84
1 18
1 14
1 79
1 77
1 26
1 28
1 2
1 24
1 78
1 25
2 65
2 29
2 49
2 94
2 20
2 34
2 24
3 26
3 82
3 22
3 11
3 76
3 97
3 34
3 42
3 85
3 56
3 47
3 39
3 96
4 92
4 77
4 49
4 8
4 39
4 19
5 77
5 8
5 30
5 58
5 21
5 30
5 32
5 74
5 97
6 91
6 31
6 79
6 95
6 58
6 92
6 41
6 85
6 7
6 36
6 59
7 82
7 92
7 23
7 42
7 28
7 50
7 99
7 81
7 59
7 67
8 93
8 56
8 27
8 87
8 70
8 96
8 26
8 16
8 56
8 62
8 97
8 55
9 79
9 64
9 33
9 85
9 45
9 24
9 24
9 65
9 43
10 77
10 60
10 41
10 53
10 95
10 82
10 20
10 79
10 78
10 20
11 67
11 55
11 65
11 99
11 29
12 66
12 25
12 97
13 29
13 72
13 66
13 45
14 82
14 49
14 34
14 75
14 18
14 23
14 40
14 18
14 39
14 85
14 16
15 44
15 92
15 86
15 60
15 55
15 78
15 81
15 77
15 66
15 25
15 39
16 28
16 17
16 97
16 57
16 43
16 86
16 20
16 18
16 42
17 22
17 38
17 39
17 48
18 42
18 77
18 41
18 90
18 98
18 66
18 67
18 77
18 41
19 70
19 49
19 44
19 97
19 74
19 55
19 21
19 75
19 63
19 85
20 94
20 82
20 22
20 71
20 35
21 64
21 61
21 24
21 44
21 82
22 64
22 99
22 54
22 35
22 36
22 34
22 35
23 43
23 60
23 33
23 47
23 88
23 68
24 45
24 46
24 54
24 70
24 43
24 77
24 34
24 70
24 91
25 33
25 84
25 57
25 46
25 94
25 66
25 57
25 55
25 98
26 57
26 71
26 72
26 53
26 30
26 62
26 61
26 96
26 60
27 64
27 58
27 70
27 33
27 62
27 87
27 35
27 74
27 77
27 72
27 42
27 88
27 33
28 74
28 99
28 68
28 40
28 60
28 35
28 81
28 91
29 69
29 68
29 76
29 52
29 78
29 88
29 89
29 78
30 92
30 40
30 91
30 70
30 89
30 53
30 42
31 34
31 62
31 33
31 97
31 62
31 35
31 34
31 85
31 57
32 99
32 36
32 40
32 42
32 64
33 72
33 90
33 39
33 66
34 87
34 79
34 98
34 74
34 77
34 43
34 43
34 92
35 47
35 96
35 46
35 49
36 45
36 64
36 59
36 56
36 98
36 64
36 86
36 69
36 46
36 52
36 41
36 87
37 56
37 80
37 71
37 82
37 39
37 61
38 81
38 95
38 46
38 94
38 69
38 73
38 46
39 89
39 88
39 77
39 64
39 77
39 50
39 44
39 66
39 69
39 61
39 85
40 43
40 44
40 48
40 87
40 99
40 87
40 71
41 85
41 89
41 54
41 83
41 88
41 56
41 53
42 69
42 78
43 90
43 73
43 85
43 68
43 56
43 55
43 57
43 62
44 58
44 61
44 75
44 65
45 88
45 54
45 48
45 76
45 92
46 64
46 98
46 59
46 63
47 62
47 62
47 89
47 67
48 98
48 83
48 76
48 66
49 78
49 89
49 53
49 79
49 95
49 90
50 90
50 87
50 52
50 55
51 74
52 95
52 58
52 72
52 74
52 84
52 64
52 92
52 57
53 58
53 71
53 92
53 54
53 58
53 86
53 91
54 86
54 75
54 62
55 72
55 68
55 91
55 65
55 95
55 78
55 87
56 69
56 65
56 91
56 77
57 75
57 88
57 85
58 96
58 70
58 93
58 87
59 70
59 78
59 73
59 66
60 82
60 76
60 91
61 95
62 84
62 93
62 66
62 89
62 67
63 82
63 78
63 66
63 93
63 89
63 95
63 77
64 74
64 65
65 89
65 72
66 87
66 91
66 99
66 76
66 85
67 74
67 71
67 89
68 94
68 92
68 93
68 97
68 74
69 97
69 89
71 85
71 75
71 72
71 98
72 73
72 95
73 95
73 80
73 91
74 88
74 76
74 79
75 96
75 98
76 81
77 81
78 99
78 93
78 87
80 91
80 84
80 81
80 82
82 84
82 88
83 96
84 87
84 89
85 91
86 95
86 98
87 92
88 93
88 99
88 99
88 99
89 96
90 92
91 93
91 94
91 93
92 93
94 96
95 96
