0 78
0 12
0 12
0 64
0 89
0 70
0 44
0 93
0 32
0 76
0 51
0 95
0 29
1 87
1 10
1 52
1 81
1 54
1 95
1 37
1 32
1 29
1 93
1 36
1 34
1 53
1 13
2 43
2 52
2 16
2 27
2 34
2 78
3 85
3 58
3 82
3 24
3 44
3 27
3 77
3 93
3 92
3 36
3 52
4 54
4 97
4 53
4 51
4 68
4 70
4 59
4 30
4 58
5 9
5 14
5 8
5 60
5 53
5 13
5 74
5 24
5 11
5 46
6 51
6 62
6 89
6 21
6 85
6 99
6 9
6 89
6 73
6 87
7 37
7 90
7 60
7 74
7 56
7 36
7 11
7 12
7 89
7 56
7 35
7 17
7 8
7 78
8 29
8 81
8 48
8 15
8 98
8 32
8 60
8 36
8 13
9 59
9 90
9 39
9 11
9 63
9 90
9 56
9 87
9 96
9 77
9 94
10 52
10 38
10 46
10 79
10 12
10 40
10 20
10 85
10 16
10 26
11 53
11 80
11 15
11 28
11 52
11 83
11 48
11 53
11 98
12 49
12 99
12 78
12 63
12 43
12 67
12 89
12 88
12 20
13 53
13 87
13 24
13 24
13 20
13 28
14 41
14 66
14 74
14 35
14 88
14 82
14 66
14 51
15 64
15 58
15 95
15 68
15 72
15 50
15 65
15 35
15 67
15 80
15 54
15 97
16 77
16 94
16 89
16 89
16 94
16 87
16 73
16 74
16 47
16 52
16 44
16 90
17 85
17 82
17 87
17 83
17 88
17 85
17 37
17 95
17 81
17 37
17 85
17 83
17 91
17 65
17 19
17 77
17 85
18 68
18 27
19 84
19 75
19 23
19 84
19 93
20 23
20 50
20 31
20 42
20 34
20 84
20 80
20 97
20 72
20 22
21 65
21 34
21 63
21 44
21 87
21 24
21 84
22 94
22 39
22 43
22 90
22 88
22 25
22 81
22 54
23 50
23 79
23 62
23 78
23 89
23 83
23 97
23 40
23 64
24 54
24 39
24 50
24 99
24 74
24 75
25 33
25 99
25 40
25 68
25 33
25 50
25 71
25 73
25 46
25 38
25 79
25 64
26 63
26 51
26 73
26 93
26 51
26 48
26 98
26 48
27 32
27 41
27 78
27 28
27 53
27 99
27 80
27 52
27 30
27 38
27 86
27 56
27 98
28 36
28 61
28 53
28 84
28 50
28 98
29 57
29 32
29 61
29 47
29 47
29 30
29 47
29 57
29 71
30 78
30 74
30 57
30 38
30 47
30 78
30 77
30 93
31 83
31 61
31 97
31 57
31 94
32 34
32 58
32 67
32 36
32 84
32 39
33 46
33 72
33 55
33 54
33 90
33 76
33 98
33 45
33 72
33 87
34 48
34 50
35 57
35 47
35 94
36 44
36 54
36 66
36 97
36 99
36 68
36 94
37 87
37 42
37 95
37 59
37 46
37 62
37 73
37 54
37 41
37 86
38 84
38 89
38 44
38 72
38 58
38 42
40 69
40 86
40 53
40 88
40 61
41 65
41 99
41 53
41 55
41 79
41 45
41 51
41 90
42 75
42 89
42 52
42 97
42 83
42 44
42 78
43 50
43 91
43 54
43 65
43 58
43 88
44 86
44 85
44 53
45 69
45 55
45 57
45 58
45 94
45 46
46 88
46 57
46 52
46 60
47 64
47 84
48 59
48 65
48 80
48 70
48 75
49 55
49 83
49 69
49 50
49 67
50 81
50 82
50 87
50 96
50 72
50 64
50 93
50 77
51 65
51 76
51 92
51 82
52 98
53 65
53 78
53 98
53 89
53 89
53 76
54 59
54 90
54 76
54 91
54 98
54 98
54 73
54 84
55 85
55 94
55 81
56 87
56 57
56 93
56 84
57 84
57 82
57 74
57 95
57 60
58 83
59 94
59 95
60 91
60 92
60 95
60 91
61 66
61 77
61 90
61 88
61 95
62 84
62 87
62 81
62 64
62 95
63 82
64 82
66 71
66 75
67 79
67 82
67 82
68 77
68 92
68 92
68 95
69 97
69 82
69 79
69 94
70 96
70 86
70 92
73 90
73 81
73 79
73 77
73 98
74 86
74 89
74 90
75 76
75 87
76 95
76 82
76 98
77 96
78 98
79 86
79 81
79 92
82 84
82 93
82 89
83 99
84 90
85 88
86 88
87 89
88 96
88 92
90 98
91 98
93 95
93 96
96 97
