0 5
0 16
0 30
0 54
0 99
0 57
1 70
1 88
1 18
1 22
1 22
1 85
1 99
1 89
1 14
1 18
2 3
2 26
2 68
2 28
2 49
2 6
3 46
3 55
3 48
3 18
3 10
3 37
3 76
3 61
3 24
3 7
3 63
3 81
3 23
3 41
4 72
4 27
4 65
4 43
4 94
4 81
4 50
5 42
5 15
5 50
5 23
5 82
6 86
6 25
6 57
6 84
6 76
7 68
7 28
7 33
7 85
7 74
7 90
7 81
7 39
8 49
8 11
8 45
8 66
8 56
8 84
9 51
9 22
9 98
9 52
9 32
9 41
9 89
9 26
9 29
9 70
9 34
9 66
9 12
9 38
9 64
9 72
9 88
9 61
10 78
10 30
10 86
10 32
11 86
11 67
11 57
11 74
11 58
11 31
11 98
11 22
11 94
11 88
12 18
12 39
12 30
12 66
12 41
13 40
13 38
13 45
13 73
13 56
13 66
13 80
13 64
14 56
14 39
14 22
14 73
14 52
14 28
15 84
15 58
15 81
15 77
15 66
15 88
15 84
15 49
16 45
16 27
16 37
16 30
16 74
16 17
16 63
16 77
17 91
17 93
17 57
17 45
18 43
18 76
18 64
18 52
18 48
18 59
18 69
18 26
18 24
18 69
18 93
18 85
19 54
19 69
19 94
19 39
19 24
19 74
19 26
19 97
19 37
20 80
20 67
20 71
20 49
20 40
20 66
20 62
20 65
20 40
20 77
20 81
20 90
20 92
21 44
21 91
21 64
21 60
21 92
21 27
21 46
21 98
21 72
22 56
22 30
22 90
22 59
22 30
22 98
22 49
22 69
22 41
22 50
22 89
23 49
23 96
23 55
23 98
23 99
23 74
23 34
24 63
24 67
24 37
24 54
24 38
24 73
24 56
24 78
24 96
25 55
25 44
25 31
25 98
26 74
26 93
26 96
26 87
27 55
27 46
27 42
27 49
27 96
27 84
27 73
28 32
28 39
28 31
28 34
28 96
28 58
28 57
28 98
29 55
29 39
29 50
29 99
29 72
29 98
29 94
30 66
30 46
30 90
30 54
30 62
30 34
30 74
30 57
30 74
30 57
31 90
31 46
31 62
31 78
31 85
31 90
31 98
32 57
32 47
32 42
32 80
32 93
32 62
32 66
33 62
33 71
33 81
33 62
33 99
33 60
33 55
33 73
33 98
34 44
34 38
34 85
35 78
35 83
35 74
35 97
35 96
35 50
35 37
35 86
36 50
36 95
36 93
36 67
36 48
36 60
36 39
36 44
37 83
37 44
37 67
37 52
37 82
38 39
38 91
38 87
38 69
38 45
38 89
38 76
39 96
39 78
39 99
39 79
40 76
40 73
40 86
40 81
40 67
40 53
41 57
41 90
41 85
41 95
41 99
41 59
41 47
42 93
42 74
42 93
43 93
43 80
43 55
43 46
43 77
43 86
43 96
44 45
44 63
44 86
44 91
44 59
44 70
44 48
44 74
45 55
45 87
45 50
45 46
46 56
46 68
47 86
47 91
47 54
47 79
48 56
48 70
48 55
48 65
48 90
48 70
49 62
49 69
49 69
49 55
49 61
49 86
49 65
50 95
50 69
50 84
50 96
50 66
50 56
51 96
51 53
51 52
51 77
51 83
51 84
51 73
52 94
52 61
52 93
52 62
52 91
53 72
53 73
54 80
54 61
54 66
54 85
55 76
55 84
55 82
55 94
55 94
56 79
56 69
56 68
57 68
57 74
57 58
57 94
57 68
58 65
58 99
58 96
59 75
59 68
59 79
59 66
59 85
60 82
60 76
60 77
60 62
60 77
60 78
61 82
61 66
62 97
62 82
62 73
62 83
63 67
63 70
63 77
63 72
63 88
64 95
64 84
64 96
64 74
64 81
65 67
65 74
65 77
65 74
65 72
65 78
66 67
66 91
67 85
67 98
68 86
68 91
68 93
68 97
69 70
71 76
71 76
71 89
72 74
72 86
72 92
72 81
72 78
72 88
73 78
73 95
73 81
74 95
74 77
75 90
75 81
76 96
76 85
77 89
77 93
77 98
77 92
78 93
78 96
78 97
78 98
79 85
79 96
80 97
80 91
80 90
80 84
80 97
80 87
81 89
81 84
81 83
81 84
82 96
83 85
83 89
84 90
84 94
85 98
85 99
85 93
85 87
86 99
86 90
86 87
87 92
88 90
90 97
90 99
91 95
92 98
92 95
95 97
