0 13
0 45
0 20
0 27
0 76
1 84
1 82
1 27
1 5
1 96
1 92
1 13
1 27
1 11
1 77
2 38
2 83
2 97
2 7
2 74
2 85
3 65
3 63
3 66
3 61
3 65
3 78
3 85
3 77
3 29
3 35
3 8
4 70
4 46
4 58
4 5
4 35
4 76
4 62
4 39
4 28
4 44
4 39
5 14
5 40
5 61
5 66
6 10
6 50
6 45
6 78
6 62
6 91
6 93
6 49
6 33
6 70
7 99
7 31
7 69
7 15
7 90
7 24
7 89
7 45
7 30
8 85
8 46
8 89
8 31
8 84
8 72
8 65
8 58
8 15
8 63
9 71
9 41
9 22
9 40
9 84
9 97
9 26
9 57
10 96
10 74
10 88
10 11
10 65
10 89
10 72
10 94
10 44
10 29
10 11
10 61
10 87
10 96
10 74
10 75
11 67
11 55
11 26
11 57
11 16
11 62
11 32
12 92
12 51
12 49
12 80
12 29
12 15
12 65
12 86
12 70
12 79
12 18
13 72
13 65
13 19
13 32
13 90
14 68
14 40
14 87
14 98
14 18
14 20
14 27
14 84
14 31
14 81
14 59
15 23
15 45
15 71
15 80
16 18
16 29
16 96
16 78
16 82
16 40
16 97
17 32
17 87
17 90
17 47
17 84
17 67
17 84
17 28
17 34
17 30
18 53
18 47
18 46
18 64
18 46
18 40
19 53
19 73
19 49
19 55
19 90
19 95
19 41
20 96
20 44
20 84
20 51
20 37
21 28
21 98
21 46
21 92
21 60
21 56
21 35
21 40
22 43
22 82
22 44
22 78
22 37
22 96
22 92
22 23
22 48
22 61
23 63
23 85
23 48
23 49
23 81
23 53
23 73
24 62
24 54
24 54
25 77
25 59
25 74
25 68
25 28
25 93
25 56
25 42
25 69
26 75
26 84
26 39
26 62
26 52
26 51
26 62
26 56
27 37
27 75
27 35
27 46
27 74
27 92
27 50
27 75
27 55
28 98
28 89
28 67
28 89
28 95
28 81
28 62
28 75
28 83
29 61
29 35
29 38
29 54
29 88
29 39
29 46
29 34
29 55
29 38
29 62
29 37
30 85
30 51
30 80
30 54
30 49
31 69
31 40
31 84
31 72
31 79
31 43
31 59
31 98
32 33
32 48
32 36
32 66
32 69
32 36
32 65
32 34
32 74
33 75
33 91
33 56
33 48
33 85
33 92
33 98
33 52
34 48
34 98
34 74
34 52
34 79
34 40
34 43
34 91
34 87
35 55
35 57
35 40
35 52
36 95
36 62
36 82
36 55
36 66
37 40
37 55
37 76
37 93
37 64
37 93
37 77
37 75
38 74
38 93
38 97
38 63
38 77
38 57
38 64
39 48
39 85
39 47
39 91
39 59
39 65
39 78
39 91
39 84
40 94
40 60
40 80
40 94
41 56
41 71
41 78
41 69
41 82
41 83
41 64
41 44
42 96
42 67
42 90
42 62
42 50
42 72
42 68
42 99
43 71
43 70
43 75
43 94
44 68
44 65
44 72
44 45
44 88
44 80
45 47
45 59
45 97
46 78
46 91
46 47
46 69
46 76
46 68
46 90
46 56
47 64
47 62
47 90
47 57
47 56
47 75
47 87
47 53
48 82
48 65
48 74
48 71
48 55
48 85
49 98
49 99
49 70
49 53
49 67
49 85
49 60
49 55
49 93
49 99
49 83
50 74
50 81
50 66
50 63
50 67
50 73
50 94
51 75
51 97
51 88
51 56
51 59
51 68
52 68
52 56
52 67
52 61
52 98
53 77
53 55
53 76
54 65
54 67
54 89
54 68
55 91
55 95
55 97
55 99
56 71
56 94
56 71
57 93
57 87
57 77
57 70
58 63
58 75
58 87
58 77
58 69
58 95
58 72
58 60
58 94
59 60
59 76
59 73
59 87
59 89
59 67
60 91
60 97
60 79
61 83
61 87
61 78
62 83
62 79
62 91
62 64
62 89
62 89
63 77
63 82
63 75
63 99
63 91
64 69
64 90
65 71
65 98
65 93
65 94
65 66
65 72
66 81
66 93
66 91
67 80
67 87
67 90
68 99
68 84
69 81
70 85
71 78
72 75
72 79
72 85
72 96
73 94
75 86
75 93
75 99
76 92
76 78
76 93
76 99
77 93
79 81
79 90
81 86
82 83
83 85
83 90
83 94
85 91
85 97
86 96
88 98
90 95
91 94
91 97
