0 48
0 97
0 95
0 45
0 46
0 95
0 43
1 19
1 43
1 67
1 66
1 32
1 53
1 83
2 10
2 30
2 89
2 54
2 20
2 26
2 20
3 45
3 20
3 63
3 28
3 61
3 18
3 66
3 18
3 4
3 15
3 93
3 32
3 80
3 45
3 85
4 51
4 41
4 99
4 92
4 64
4 54
4 52
4 72
4 54
4 39
4 60
4 42
4 59
5 76
5 24
5 6
5 63
5 30
5 46
5 98
5 79
5 37
5 68
5 65
5 45
5 68
5 27
5 74
5 84
5 28
6 8
6 42
6 18
6 67
6 73
6 44
6 50
6 41
6 49
6 8
6 86
6 29
6 23
7 39
7 33
7 93
7 14
7 65
7 92
8 31
8 12
8 92
8 84
8 58
8 21
8 75
8 80
9 72
9 14
9 37
9 99
9 29
9 78
9 97
9 91
9 13
9 49
9 46
9 51
10 63
10 32
10 24
10 46
10 44
11 56
11 83
11 58
11 41
11 75
11 81
11 45
11 51
12 58
12 99
12 15
12 57
12 54
12 49
12 69
13 70
13 81
13 42
13 87
13 72
13 61
14 79
14 61
14 90
14 19
14 50
14 56
14 29
14 91
14 20
14 19
14 86
15 97
15 38
15 90
15 72
15 72
16 89
16 77
16 44
16 35
16 34
16 37
16 51
17 53
17 39
17 69
17 27
17 56
17 21
18 64
18 46
18 67
18 88
18 20
18 36
18 24
19 28
19 95
19 68
19 68
19 88
19 76
19 90
19 32
20 87
20 39
20 45
20 71
20 86
20 48
20 70
20 91
20 24
21 93
21 84
21 56
21 41
21 34
21 73
22 63
22 59
22 59
22 92
22 68
22 97
22 73
22 83
22 96
22 86
22 30
22 53
22 75
22 70
22 41
23 57
23 67
23 42
23 87
23 71
23 48
23 48
23 27
23 98
24 54
24 52
24 75
24 48
24 97
25 45
25 71
25 31
25 52
25 56
25 99
26 60
26 82
26 37
26 45
26 59
26 60
26 71
26 97
26 98
26 30
26 82
26 87
26 32
27 74
27 62
27 82
27 38
27 38
27 75
28 35
28 55
28 44
28 35
28 55
28 58
28 52
29 47
29 96
29 98
29 56
29 60
29 64
29 94
29 65
30 91
30 33
30 60
30 40
30 79
30 55
31 84
31 71
31 58
31 84
31 75
31 99
31 89
32 62
32 80
32 72
33 79
33 94
33 48
33 34
33 38
33 88
34 81
34 59
34 54
34 69
34 64
34 51
34 49
34 96
34 59
35 77
35 55
35 67
35 62
35 98
35 47
35 66
35 96
36 46
36 88
37 52
37 59
37 85
37 65
37 57
38 40
38 65
38 43
38 73
38 96
38 88
39 57
39 45
39 76
39 43
39 55
39 70
39 43
40 93
40 78
40 54
41 47
42 68
42 91
42 57
42 84
43 76
43 51
43 66
43 77
43 50
43 97
43 81
43 55
44 88
44 62
44 61
44 56
44 89
44 88
44 85
44 84
45 81
45 90
45 50
45 89
45 80
45 77
46 66
46 68
46 67
46 62
46 63
46 87
46 90
46 83
46 70
46 61
47 83
47 91
47 87
47 84
47 53
47 71
47 56
47 83
48 75
48 55
48 50
48 97
48 66
48 94
49 56
49 55
49 60
50 54
50 52
50 97
50 75
50 70
51 83
51 63
51 66
51 63
51 98
51 53
51 58
51 94
51 77
52 84
52 87
52 77
52 64
53 81
53 73
53 59
53 60
53 56
54 61
54 67
54 63
54 78
54 91
55 91
55 91
55 96
55 68
56 63
56 97
56 59
56 70
56 86
56 80
56 73
57 68
57 87
57 76
57 64
57 85
57 67
58 71
58 86
58 73
58 69
58 64
58 67
58 73
58 62
59 95
59 82
60 90
60 91
60 76
60 73
60 66
61 90
61 81
61 79
61 73
62 84
62 77
63 95
63 69
64 97
64 84
64 97
65 69
65 69
65 87
65 96
66 80
66 95
66 73
66 87
67 79
68 78
69 73
69 85
69 72
69 70
70 78
71 94
71 85
72 97
72 96
72 97
73 81
73 78
73 96
74 83
74 92
74 76
75 79
76 97
76 94
76 98
76 91
78 93
78 90
78 82
79 85
79 88
80 93
80 84
80 92
81 87
81 91
82 94
82 98
84 99
85 96
86 97
87 99
89 90
89 96
90 98
91 95
94 97
96 97
97 98
