0 95
0 35
0 30
0 86
0 85
0 54
0 11
0 94
0 88
0 69
1 2
1 64
1 67
1 28
1 83
1 40
1 82
1 3
1 10
2 66
2 67
2 64
2 59
2 44
2 6
2 31
3 46
3 25
3 38
3 46
3 55
3 50
3 43
3 11
3 51
3 62
4 31
4 67
4 15
4 67
4 80
4 8
4 88
4 91
4 39
4 26
4 32
4 36
4 64
4 57
5 6
5 98
5 52
5 56
5 71
5 31
5 73
5 64
5 14
5 68
5 97
5 24
5 73
5 61
5 29
5 22
5 49
6 58
6 78
6 81
6 37
6 70
6 58
6 66
6 59
7 30
7 44
7 86
7 22
7 12
7 67
7 44
7 96
7 32
7 52
8 12
8 54
8 94
8 10
8 84
9 14
9 15
9 58
9 22
9 83
9 71
9 34
9 65
10 29
10 22
10 71
10 63
10 81
10 35
11 41
11 56
11 83
11 61
11 44
11 88
11 31
11 93
11 18
11 52
11 60
12 94
12 81
12 73
12 32
12 16
12 45
12 69
12 20
13 26
13 15
13 86
13 24
13 18
13 64
13 49
13 75
13 50
13 79
14 21
14 47
14 26
14 72
14 21
14 93
14 97
14 70
14 49
14 66
14 63
14 53
15 36
15 24
15 62
15 88
15 81
15 56
15 69
15 73
15 41
16 18
16 57
16 38
16 98
16 88
16 38
16 52
16 87
17 62
17 54
17 86
17 46
17 40
17 93
18 24
18 70
18 54
19 46
19 45
19 98
19 88
19 38
19 20
20 29
20 49
20 84
20 90
20 37
20 50
20 67
20 92
20 32
20 89
20 23
20 56
21 64
21 42
21 38
21 25
21 26
21 45
21 66
21 78
21 98
21 80
21 59
21 53
22 97
22 63
22 68
22 57
22 34
22 33
22 85
22 23
22 57
22 60
22 83
22 76
22 61
22 62
22 60
23 48
23 45
23 93
23 39
24 90
24 62
24 61
24 46
25 42
25 90
25 63
25 93
25 61
26 30
26 32
26 68
26 58
26 95
27 32
27 34
27 93
27 69
27 44
27 69
27 28
27 99
27 97
27 73
28 35
28 69
28 52
28 79
28 82
28 89
28 56
28 84
28 45
28 60
29 89
29 49
29 46
29 86
29 77
29 88
29 86
29 50
30 39
30 76
30 64
30 57
30 49
30 32
30 72
30 57
31 84
31 61
31 47
31 50
32 46
32 72
32 97
33 71
33 52
33 38
33 77
33 38
33 40
33 82
34 99
34 51
34 40
34 71
34 71
34 81
35 50
35 77
35 95
35 40
35 93
36 72
36 69
36 57
36 97
36 63
36 54
36 41
37 94
37 82
37 91
37 50
37 40
37 86
37 73
37 81
38 39
38 46
38 68
38 97
39 49
39 49
39 44
39 75
39 53
39 49
40 44
40 70
40 67
40 83
40 78
40 80
40 95
40 64
40 66
40 47
41 79
41 68
41 74
41 70
42 60
42 63
42 55
42 76
42 53
42 49
42 70
42 59
42 74
42 86
43 81
43 90
43 90
43 72
43 99
44 50
44 58
44 56
44 68
44 83
44 64
45 68
45 69
45 54
45 88
45 91
46 91
46 71
46 97
46 87
46 69
46 99
46 55
47 88
47 73
47 74
47 65
47 49
47 91
48 91
48 78
48 89
49 67
49 94
49 63
49 56
50 82
50 78
50 62
51 64
51 53
51 77
51 96
51 86
51 79
51 60
51 95
52 91
52 79
52 56
52 98
52 59
53 80
53 96
53 76
53 67
54 76
54 82
54 64
55 73
55 76
55 96
56 89
56 99
56 63
56 71
56 88
57 98
57 83
57 99
57 58
57 60
57 81
58 82
58 71
58 59
58 94
59 68
59 89
60 86
60 90
60 86
60 68
60 80
61 99
61 95
61 86
61 79
62 67
62 83
63 89
63 87
63 76
64 89
64 98
64 97
66 73
66 79
66 68
66 90
67 91
67 88
67 98
67 87
67 91
67 74
68 98
68 86
68 79
68 96
69 81
69 92
70 77
70 82
70 91
71 76
71 84
71 72
71 79
72 94
72 85
73 76
73 86
74 76
74 75
74 90
74 83
75 87
76 84
76 88
76 88
77 87
78 98
79 97
79 95
79 82
79 94
80 96
80 84
82 96
82 87
84 93
85 90
85 92
86 94
86 91
87 93
88 90
88 98
89 97
90 93
90 94
91 95
92 96
93 95
95 98
