0 21
0 10
0 3
0 22
0 9
0 82
0 33
0 75
0 94
0 79
1 53
1 28
1 52
1 2
1 79
1 10
1 73
1 30
1 76
1 6
2 77
2 54
2 54
2 32
3 20
3 4
3 67
3 12
3 28
3 44
3 77
4 23
4 92
4 22
4 28
4 36
4 7
4 78
4 35
4 61
4 32
5 63
5 99
5 80
5 81
5 90
5 46
5 83
5 98
5 80
5 24
5 26
5 61
5 80
5 80
6 64
6 80
6 88
6 25
6 86
6 22
6 73
6 53
6 62
6 97
6 61
7 73
7 85
7 91
7 26
7 86
7 94
8 74
8 81
8 44
8 54
8 67
8 42
8 31
8 28
8 15
8 71
8 75
8 46
9 81
9 28
9 94
9 11
9 95
9 28
9 83
9 14
10 68
10 12
10 92
10 76
10 72
10 62
10 58
11 92
11 54
11 97
11 84
11 61
11 65
11 26
11 82
11 74
11 60
11 72
11 38
11 41
12 65
12 75
12 73
12 78
12 50
12 70
12 77
12 95
12 44
13 50
13 51
13 36
13 89
13 38
13 54
13 56
13 23
13 46
13 55
14 79
14 22
14 94
14 20
14 76
14 37
15 65
15 35
15 45
15 82
15 95
15 92
15 45
15 40
15 30
15 36
15 52
16 61
16 24
16 24
16 26
16 62
16 60
16 43
16 95
16 87
17 86
17 90
17 83
17 31
17 20
17 40
17 53
17 70
17 76
18 87
18 44
18 42
18 45
18 30
18 50
18 48
18 59
19 45
19 89
19 22
19 80
19 75
20 63
20 27
20 52
20 88
20 71
21 92
21 57
21 69
21 58
21 86
21 64
21 78
21 88
21 53
21 81
21 59
21 90
22 80
22 95
22 48
22 33
22 30
22 67
22 80
23 86
23 80
23 86
23 84
23 70
23 96
23 40
24 50
24 55
24 80
24 60
24 53
24 25
24 65
24 30
24 75
24 52
25 52
25 38
25 59
25 50
25 29
26 92
26 57
26 55
26 79
26 70
26 70
26 57
26 44
27 36
27 83
27 65
27 76
27 45
27 94
27 34
27 91
28 99
28 68
28 40
28 49
28 36
29 57
29 62
29 70
29 61
29 95
29 69
29 92
29 93
30 47
30 95
30 31
30 51
30 45
30 35
30 75
30 68
30 41
30 46
30 63
30 95
31 56
31 37
31 85
31 62
32 67
32 76
32 88
32 38
32 41
32 34
32 40
33 80
33 78
33 49
33 47
34 62
34 70
34 61
34 40
34 83
34 48
34 85
34 95
35 68
35 68
35 36
35 36
35 85
36 82
36 63
36 47
36 97
36 71
36 95
36 53
36 93
36 49
36 61
36 81
36 45
37 92
37 65
37 73
37 68
37 84
37 70
37 67
38 98
38 85
38 86
38 95
38 90
38 55
38 97
38 66
38 55
38 69
38 41
38 94
38 46
39 97
39 84
39 98
39 84
39 41
39 72
39 72
39 55
40 61
40 74
40 53
40 87
40 92
40 99
41 49
41 84
41 88
41 74
41 94
41 92
41 94
42 58
42 44
42 43
42 71
43 66
43 97
43 88
43 53
44 45
44 94
44 56
45 89
45 55
45 98
45 79
46 91
46 52
46 52
47 83
47 54
47 67
47 54
48 66
48 81
48 89
48 78
48 77
49 68
49 94
49 72
49 51
49 82
50 90
50 64
50 53
50 99
51 71
51 96
51 76
52 74
52 81
52 84
53 63
53 95
54 93
54 92
54 98
54 96
54 72
55 66
55 81
55 78
55 72
56 73
56 83
56 58
56 91
57 93
57 92
57 62
57 59
57 92
58 80
58 60
58 62
58 75
58 67
59 83
59 90
59 82
59 79
60 98
60 70
60 73
61 62
61 93
61 83
62 87
62 67
62 75
62 96
63 69
63 65
63 82
63 95
63 91
63 89
64 94
64 67
64 90
64 83
65 97
65 75
65 70
66 92
66 82
66 77
67 90
67 77
67 76
68 89
68 99
69 71
69 81
69 89
69 94
69 81
69 84
70 89
70 82
70 75
71 74
71 81
71 94
72 93
72 78
73 74
73 82
73 83
73 76
74 89
75 89
75 77
76 84
77 93
77 84
78 99
79 95
80 88
80 97
80 81
81 99
81 98
82 95
82 87
82 95
82 94
83 95
83 99
83 84
84 99
85 97
85 87
87 97
87 98
87 99
89 94
91 99
92 96
92 93
94 98
95 99
95 96
