0 39
0 33
0 47
0 21
0 12
0 58
0 34
0 35
0 97
0 25
0 26
0 81
1 68
1 37
1 92
1 80
1 61
1 24
1 38
1 17
2 66
2 91
2 26
2 33
2 39
2 71
2 30
3 95
3 61
3 26
3 75
3 6
3 4
3 93
3 89
3 46
3 69
3 67
4 51
4 10
4 82
4 80
4 96
4 75
4 35
4 79
4 10
4 49
4 46
4 28
5 64
5 24
5 74
5 51
5 55
5 6
5 93
5 52
5 45
5 73
5 52
5 48
6 51
6 15
6 52
6 53
6 83
6 28
6 76
6 73
6 20
6 62
7 33
7 88
7 19
7 26
7 87
7 40
7 64
7 85
8 39
8 21
8 53
8 25
8 87
8 16
9 31
9 66
9 68
9 52
9 99
9 20
9 45
9 23
9 44
9 62
9 80
9 35
9 79
10 53
10 67
10 78
10 22
10 94
10 33
10 98
11 97
11 36
12 47
12 98
12 87
12 38
12 29
12 27
12 45
12 64
12 63
13 44
13 52
13 21
13 91
13 57
13 24
14 25
14 22
14 98
14 72
14 38
14 85
14 94
14 42
15 17
15 76
15 81
15 38
15 45
15 39
15 64
15 61
15 50
15 28
15 59
16 53
16 82
16 70
16 96
16 78
16 79
16 40
17 67
17 26
17 95
17 31
17 51
17 51
17 44
17 47
17 88
18 95
18 62
18 77
18 31
18 53
18 48
19 44
19 73
19 63
19 79
19 80
19 48
19 65
19 86
19 27
20 44
20 42
20 91
20 40
20 45
20 66
20 91
20 38
20 79
20 42
20 24
21 27
21 70
21 69
21 67
21 77
21 41
22 97
22 93
22 69
22 81
22 84
22 89
22 64
23 66
23 99
23 26
23 92
23 66
23 33
23 90
23 27
23 95
23 69
24 82
24 27
24 51
24 69
24 43
25 79
25 91
25 78
25 91
25 35
26 72
26 66
26 30
26 91
26 61
26 85
26 33
26 47
26 66
27 53
27 76
27 91
27 82
27 36
27 30
27 65
27 58
27 51
27 44
28 91
28 52
28 89
28 32
29 56
29 57
29 32
29 73
29 69
29 92
29 34
30 48
30 53
30 36
30 72
30 75
30 81
30 60
30 45
30 49
30 90
31 99
31 81
31 89
31 73
31 77
31 55
31 46
31 48
31 82
31 38
31 82
32 92
32 43
32 45
32 96
32 48
32 95
33 52
33 95
33 65
33 52
33 45
33 83
33 76
33 93
33 74
34 61
34 38
34 61
35 98
35 79
35 63
35 68
35 58
35 39
36 51
36 54
36 42
36 39
36 55
36 60
37 93
37 84
37 57
37 98
37 83
37 48
37 78
37 76
37 91
37 79
38 40
38 43
39 88
39 74
39 86
39 88
39 61
39 69
40 74
40 97
40 51
40 56
40 95
40 56
41 63
41 86
41 67
41 92
41 72
41 65
41 70
41 87
41 56
41 89
41 57
42 47
42 61
42 59
42 92
42 44
42 85
43 89
43 52
43 73
43 64
44 89
44 50
44 51
44 98
44 58
44 52
44 64
45 46
45 70
46 51
46 63
46 65
46 54
46 48
46 78
47 73
47 79
47 51
47 82
47 98
47 74
48 83
48 71
48 50
49 83
49 69
49 99
49 94
49 58
49 50
49 85
50 97
50 63
50 87
51 98
51 99
51 52
51 93
51 60
51 57
52 84
52 64
52 96
52 72
53 81
53 92
53 79
53 92
53 55
54 65
54 69
54 59
54 90
54 56
54 66
55 82
55 99
55 57
55 87
56 88
56 72
56 57
56 86
56 81
57 74
57 86
57 67
57 90
57 69
57 83
57 75
57 60
57 85
58 71
58 84
58 76
59 76
59 88
59 66
60 93
60 71
60 71
61 79
61 75
61 81
62 76
62 86
62 95
62 65
63 66
63 71
63 83
63 66
63 71
63 76
63 87
64 83
64 98
64 97
65 90
66 87
66 82
66 94
66 78
66 97
67 91
67 99
67 69
68 80
68 99
70 75
70 89
70 72
71 91
71 88
72 92
72 81
72 79
73 89
73 83
73 89
73 78
74 84
74 81
75 93
75 78
76 84
76 77
77 91
77 96
77 79
77 78
78 83
78 91
79 83
79 80
79 83
80 87
81 87
82 89
82 92
82 86
82 92
82 85
83 97
84 90
84 90
84 93
85 87
86 93
88 98
88 91
89 99
90 97
90 94
92 97
94 98
