0 83
0 29
0 12
0 53
0 56
0 4
0 69
0 3
0 92
0 51
0 11
0 6
0 53
0 96
0 49
1 82
1 61
1 16
1 23
1 67
1 10
1 47
1 13
1 62
1 93
1 42
1 42
1 41
2 91
2 90
2 99
2 38
2 4
2 57
2 30
3 28
3 50
3 77
3 98
3 67
3 64
3 51
4 44
4 35
4 54
4 95
4 93
4 77
4 51
4 22
4 83
4 61
4 97
5 32
5 45
5 32
5 39
5 56
5 83
5 18
5 84
5 15
5 55
5 29
6 85
6 83
6 60
6 57
6 71
6 70
6 65
6 7
6 90
6 24
6 95
6 71
7 23
7 81
7 98
7 10
7 27
7 22
7 41
8 66
8 73
8 23
8 87
8 36
8 88
8 51
8 75
8 79
8 18
8 61
8 87
8 63
8 74
8 91
8 62
8 22
8 74
9 39
9 57
9 92
9 89
9 99
9 64
9 47
10 84
10 38
10 58
10 49
10 52
10 93
11 77
11 30
11 24
11 58
11 43
11 80
11 69
11 13
11 90
11 57
12 89
12 91
12 55
12 47
12 78
12 93
12 48
13 24
13 76
13 46
13 76
13 17
13 96
13 65
13 65
13 27
14 78
14 74
14 59
14 44
14 52
14 57
15 66
15 61
15 45
15 77
15 77
15 96
15 49
15 91
15 87
15 55
15 95
15 58
15 85
16 25
16 54
16 35
16 94
16 58
16 96
16 50
16 23
16 93
16 29
16 41
17 84
17 55
17 83
17 71
17 68
18 75
18 76
18 63
18 79
18 97
18 99
18 51
19 33
19 33
19 80
19 94
19 71
19 80
20 91
20 39
20 94
20 71
20 34
20 93
20 68
20 73
20 71
20 37
21 49
21 41
21 42
21 99
21 42
21 76
21 28
22 43
22 52
22 89
22 81
22 30
22 91
22 54
22 23
22 25
22 61
23 55
23 92
23 78
24 59
24 74
24 29
24 62
24 74
24 34
24 59
24 99
25 63
25 80
25 28
25 37
25 97
25 44
25 79
25 37
26 94
26 58
26 30
26 48
26 79
26 50
26 71
26 86
26 49
27 97
27 78
27 43
27 67
27 84
28 61
28 73
29 53
29 91
29 66
29 84
29 54
29 54
29 38
29 35
30 86
30 98
30 93
30 74
30 41
31 80
31 86
31 93
31 42
31 83
31 97
31 87
31 81
32 90
32 87
32 39
32 99
32 67
33 45
33 69
33 75
33 54
33 64
33 51
33 89
33 88
33 76
33 50
34 90
34 78
34 81
34 35
35 38
35 87
35 72
35 46
35 36
35 72
35 75
35 41
36 86
36 61
36 63
36 60
36 73
36 66
36 51
36 80
36 93
36 40
36 78
36 60
37 56
37 38
37 71
37 98
37 87
38 59
38 83
38 71
38 56
38 54
38 86
38 69
38 66
38 97
38 44
38 82
38 48
38 48
39 80
39 40
39 58
40 98
40 88
40 41
41 70
42 76
42 95
42 86
42 97
42 72
42 97
42 77
43 69
43 59
43 99
43 62
43 59
43 49
44 47
44 95
44 86
44 82
44 89
45 92
45 73
45 56
45 91
45 72
45 97
46 80
47 49
47 79
47 85
47 95
47 53
47 49
48 92
48 95
48 66
48 93
48 98
49 61
49 95
49 70
49 90
49 67
50 60
50 73
50 96
50 63
51 74
51 58
51 94
51 71
51 64
51 80
51 96
52 91
52 98
52 82
53 89
53 72
53 94
53 62
53 60
54 64
54 98
54 94
54 75
55 81
55 89
55 89
56 71
56 93
56 62
57 79
57 63
57 73
57 94
57 63
58 94
58 85
58 64
59 98
59 91
59 60
59 86
60 88
60 69
60 65
60 85
61 85
61 79
61 90
62 75
62 96
62 97
62 89
63 69
63 90
64 68
64 76
64 72
64 99
65 85
65 77
65 94
65 98
65 99
65 73
66 98
67 90
67 79
67 85
67 90
68 91
68 89
68 90
68 75
68 91
69 81
69 85
69 76
69 89
69 81
69 88
70 75
70 88
70 95
71 97
71 80
71 88
71 79
71 90
71 81
71 89
72 82
72 85
72 73
73 87
73 78
73 93
74 89
74 83
74 94
75 88
75 96
75 80
76 88
77 94
77 83
77 92
78 84
79 84
80 88
81 92
82 95
82 91
84 97
85 90
85 98
85 98
86 97
88 96
88 92
88 95
89 98
92 97
93 95
97 98
