0 50
0 78
0 87
0 11
0 11
0 88
0 56
0 98
0 49
0 58
1 69
1 14
1 52
1 17
1 32
1 72
1 70
2 5
2 76
2 58
2 60
2 36
2 66
2 80
2 36
2 30
2 58
2 48
3 6
3 7
3 23
3 8
3 43
3 79
3 25
3 22
3 58
3 7
4 65
4 23
4 11
4 62
4 53
4 18
4 74
4 73
4 37
4 31
4 32
4 91
4 98
5 38
5 26
5 67
5 15
5 84
5 59
5 94
5 93
5 75
5 94
5 25
5 73
5 20
5 86
5 9
5 95
5 71
6 17
6 39
6 64
6 80
6 46
6 48
6 86
6 61
6 34
6 47
7 22
7 44
7 30
7 95
7 56
7 65
7 29
7 25
7 89
7 63
8 37
8 13
8 56
8 97
8 79
8 17
8 82
8 52
9 79
9 14
9 82
9 91
9 60
9 90
9 43
9 74
9 91
9 46
9 18
9 23
10 97
10 20
10 69
10 24
10 40
10 91
10 88
10 15
11 41
11 58
11 23
11 72
11 36
11 62
11 85
11 66
11 49
11 70
11 69
12 68
12 52
12 52
12 83
12 84
12 24
12 73
12 28
12 90
12 41
12 66
12 77
12 88
13 51
13 84
13 67
13 50
13 36
13 54
13 62
13 23
13 91
13 73
13 40
13 23
14 79
14 56
14 46
14 52
14 45
14 38
14 27
14 83
15 46
15 81
15 32
15 32
16 51
16 58
16 60
16 80
16 84
16 68
16 32
16 95
17 45
17 97
17 87
17 69
18 40
18 26
18 60
18 91
18 93
19 83
19 90
19 57
19 54
19 59
19 29
19 85
19 52
19 51
20 63
20 30
20 49
20 27
20 54
20 33
20 93
21 33
21 53
21 73
21 91
21 58
21 90
21 22
22 91
22 23
22 97
22 32
23 49
23 30
23 58
23 64
23 47
23 63
23 83
23 46
23 69
24 74
24 71
24 68
24 92
24 34
24 85
24 78
25 93
25 58
25 97
25 96
25 73
25 57
25 81
25 83
25 96
25 45
26 88
26 63
26 48
26 32
26 36
26 73
26 70
26 79
26 87
26 63
26 77
26 68
26 73
27 77
27 65
27 52
27 88
27 50
28 89
28 86
28 53
28 35
28 85
28 90
28 71
28 38
28 84
29 50
29 31
29 52
29 34
30 41
30 59
30 35
30 93
30 94
30 82
30 47
31 80
31 74
31 61
31 37
31 68
31 34
32 64
32 51
32 38
32 98
32 58
32 47
32 77
32 72
33 60
33 67
33 53
33 72
33 52
33 65
33 45
33 93
33 43
33 81
34 53
34 43
34 41
34 78
34 67
35 83
35 50
35 66
35 45
35 97
35 89
35 78
35 54
36 97
36 72
36 46
36 59
37 86
37 94
37 93
37 83
38 54
38 93
38 79
38 79
39 93
39 80
39 57
39 61
39 95
39 41
39 60
40 95
40 57
40 47
40 77
40 53
40 99
40 58
40 54
40 80
41 63
41 46
41 75
41 85
42 50
42 71
42 77
42 65
42 79
43 63
43 51
43 84
43 97
43 70
43 63
44 78
44 72
45 56
45 70
45 85
45 93
46 91
46 81
46 98
46 63
46 81
47 74
47 50
47 85
47 95
48 68
48 99
48 93
48 59
49 82
49 97
49 74
49 64
49 93
50 71
50 86
50 66
50 71
50 58
50 78
51 62
51 74
51 65
51 68
51 99
51 53
51 93
52 99
52 96
52 62
52 84
53 98
53 84
53 89
53 74
53 86
53 68
53 93
54 68
54 70
54 72
54 75
54 64
55 88
55 79
55 65
55 65
57 86
57 67
57 69
57 61
57 65
57 84
58 85
58 76
58 97
58 84
58 84
58 94
58 75
58 83
59 76
59 95
59 85
59 72
60 76
60 75
61 88
61 96
61 97
61 68
61 82
61 64
62 94
62 71
62 91
63 88
63 78
63 80
63 94
64 88
64 84
64 77
65 71
65 80
65 91
66 68
66 68
66 77
67 69
67 93
67 69
69 94
70 99
70 81
70 74
71 77
71 77
72 80
72 95
72 93
72 93
73 99
73 77
73 90
73 91
74 89
75 77
75 80
75 94
75 88
76 92
76 81
77 89
79 80
79 92
79 95
80 95
80 95
81 91
81 98
82 86
82 89
82 83
82 97
84 86
84 99
84 90
85 87
87 88
87 93
88 98
89 98
89 90
89 94
90 92
92 97
92 99
