0 53
0 1
0 81
0 61
0 26
0 70
0 36
1 20
1 63
1 30
1 99
1 78
1 32
1 74
1 90
1 38
1 32
1 94
1 59
1 21
1 23
2 66
2 92
2 45
2 39
2 91
2 46
2 32
2 59
2 37
2 29
2 3
3 58
3 79
3 80
3 17
3 53
3 42
3 76
3 92
3 63
3 4
3 98
3 19
3 87
4 49
4 74
4 45
4 41
4 47
4 80
4 63
4 71
4 80
4 25
5 9
5 31
5 98
5 56
5 28
5 70
5 63
5 72
5 33
5 39
5 92
5 42
6 43
6 88
6 92
6 51
6 36
6 72
6 25
6 25
6 51
6 79
6 11
7 58
7 80
7 61
7 11
7 11
7 51
7 13
7 75
7 69
7 21
7 44
8 55
8 60
8 77
8 41
8 50
8 81
8 93
8 52
8 57
8 31
8 26
8 58
9 90
9 85
9 26
9 81
9 89
9 41
9 38
9 32
9 23
9 11
9 51
9 95
9 41
9 32
10 11
10 74
10 90
10 81
10 20
10 91
10 71
10 16
10 48
10 60
10 64
11 14
11 86
11 92
11 12
11 74
11 50
12 83
12 59
12 54
12 74
12 93
12 32
12 38
12 62
12 25
12 67
13 49
13 14
13 53
13 16
13 62
13 52
13 72
13 35
13 43
14 75
14 69
14 65
14 78
14 37
14 15
14 48
14 24
14 53
15 84
15 57
15 70
15 17
15 83
15 68
15 47
15 19
16 60
16 51
16 68
16 87
16 71
17 75
17 72
17 33
17 53
17 75
17 59
17 64
17 76
18 63
18 34
18 60
18 40
18 55
18 79
18 73
19 48
19 91
19 67
19 50
19 87
19 98
20 44
20 25
20 35
20 54
20 95
20 74
20 48
20 91
21 43
21 23
21 95
21 82
21 76
21 92
21 63
22 56
22 91
22 54
22 43
22 36
22 60
22 87
22 57
22 72
23 28
23 96
23 66
23 51
23 91
23 25
23 30
24 29
24 43
24 34
24 85
24 28
24 57
24 44
24 66
24 41
24 87
25 48
25 56
25 86
25 82
25 72
25 31
26 77
26 27
26 77
26 93
26 29
26 62
26 54
27 78
27 91
27 53
27 31
27 56
27 35
28 87
28 35
28 80
28 71
28 95
28 57
28 33
28 46
28 82
29 31
29 56
29 47
29 57
29 52
30 54
30 75
30 47
30 39
30 71
30 74
30 58
30 85
30 57
31 90
31 93
31 89
31 39
31 77
31 58
31 55
31 88
32 82
32 55
32 95
32 33
32 88
32 92
32 41
33 98
33 72
33 48
33 36
33 56
34 90
34 77
34 56
34 92
34 66
34 69
34 70
35 83
35 96
35 85
35 44
35 40
35 90
35 78
36 38
36 90
36 68
36 77
37 39
37 54
37 45
37 79
37 62
38 80
38 83
38 60
38 39
39 53
39 76
39 95
39 97
39 74
39 70
40 69
40 97
40 99
40 41
41 50
41 66
41 73
41 67
41 87
42 72
42 64
42 97
42 90
43 49
43 72
43 86
43 76
43 93
43 56
43 55
43 46
44 87
44 65
44 60
44 92
44 68
44 79
44 57
44 99
44 71
44 89
44 89
46 93
46 89
46 72
46 90
46 73
47 68
47 63
47 55
48 78
48 73
48 92
48 93
48 70
48 69
48 52
49 83
49 74
49 99
50 60
50 52
50 73
50 95
50 97
50 88
50 76
50 88
50 87
51 79
51 62
51 79
51 66
51 82
51 59
52 63
52 93
52 53
53 61
53 69
53 98
54 92
54 93
54 58
54 66
54 82
54 58
54 83
54 96
55 87
55 87
55 80
56 64
56 77
56 82
56 79
56 93
56 88
57 70
57 64
57 74
57 77
57 62
57 90
58 89
58 79
58 75
58 72
60 96
61 62
61 62
61 90
62 90
62 95
62 91
62 69
62 76
62 95
63 92
63 94
63 70
64 98
64 80
65 94
65 98
66 95
66 68
66 67
66 68
67 94
67 74
67 79
67 76
68 81
68 73
68 76
69 96
69 90
69 99
71 99
71 85
71 83
72 85
72 82
72 86
72 97
72 87
73 74
73 86
73 75
74 91
74 87
74 98
74 97
75 81
75 97
75 96
75 79
75 81
76 80
77 97
79 80
79 83
79 82
81 91
82 93
82 86
83 94
83 84
83 87
85 92
85 86
86 88
86 91
86 99
87 90
89 91
90 99
93 95
94 98
