0 33
0 95
0 79
0 82
0 66
0 56
0 22
0 52
0 81
0 81
0 25
1 51
1 23
1 68
1 36
1 99
1 3
1 9
1 32
1 9
1 62
2 86
2 67
2 91
2 22
3 31
3 91
3 68
3 50
3 32
3 24
4 73
4 35
4 27
4 28
4 66
4 51
4 11
4 22
4 69
4 49
4 80
4 39
5 35
5 39
5 64
5 50
5 81
5 61
5 57
6 74
6 29
6 80
6 82
6 97
6 76
6 70
6 38
7 73
7 62
7 47
7 60
7 68
7 9
7 12
7 23
7 92
8 32
8 53
8 70
8 30
8 61
8 41
8 78
8 89
8 97
8 74
8 34
9 56
9 97
9 65
9 66
9 97
9 28
9 10
9 19
10 65
10 60
10 14
10 45
10 61
10 20
10 99
10 83
10 57
10 84
10 94
10 85
10 38
11 13
11 22
11 28
11 95
11 43
11 41
11 72
11 21
11 60
11 28
11 60
11 24
12 71
12 85
12 96
12 83
13 44
13 96
13 80
13 14
13 68
13 76
13 28
13 65
13 96
13 17
13 70
13 33
13 43
13 89
13 71
13 76
14 35
14 59
14 45
14 85
14 92
14 89
14 35
14 52
14 27
14 32
14 42
15 27
15 84
15 33
15 42
15 30
15 54
15 92
15 27
15 63
15 46
15 95
15 96
15 27
15 32
16 74
16 42
16 54
16 20
16 77
16 43
16 56
16 98
16 20
16 64
16 44
17 79
17 81
17 23
17 61
17 78
18 26
18 27
18 99
18 56
18 94
18 26
18 82
19 70
19 72
19 72
19 82
20 35
20 66
20 47
20 31
20 99
20 21
20 29
20 91
20 66
20 49
20 93
20 25
21 37
21 23
21 44
21 27
21 99
21 38
21 40
22 47
22 96
22 38
22 85
22 86
22 65
23 72
23 50
23 85
23 85
23 63
23 59
24 94
24 68
24 59
24 60
24 59
25 49
25 69
25 67
25 98
25 34
26 28
26 55
26 93
26 74
26 65
26 81
26 76
26 36
26 63
27 37
27 88
27 65
27 58
27 61
28 68
28 47
28 84
28 53
28 83
28 50
28 63
28 60
28 37
29 98
29 48
29 58
29 93
29 90
29 71
29 97
30 44
30 85
30 98
30 98
30 58
30 86
30 51
30 60
30 46
31 67
31 36
31 77
31 46
31 80
31 35
31 60
31 48
32 45
32 37
32 96
32 57
32 64
32 94
32 97
33 84
33 53
33 94
33 99
33 58
34 53
34 80
34 99
35 41
35 52
35 69
35 86
35 85
35 85
35 75
35 85
35 90
35 48
36 74
36 38
36 77
36 84
37 88
37 56
37 85
37 70
37 76
37 43
37 74
37 73
37 88
37 94
37 85
37 70
37 88
37 51
37 85
38 78
38 47
38 90
38 71
38 59
39 79
39 44
39 68
39 78
39 48
40 42
40 70
40 49
40 44
40 66
40 42
40 53
40 75
41 45
41 87
42 69
42 67
42 68
42 51
42 97
42 56
42 83
43 74
43 54
43 65
43 57
44 90
44 81
44 95
44 88
44 56
44 59
44 57
44 68
44 65
44 66
44 93
44 54
44 63
45 55
45 46
45 87
45 48
46 88
47 90
47 96
47 87
47 87
47 81
48 73
48 52
48 67
48 52
48 66
48 84
49 53
49 62
49 61
49 95
50 68
50 76
50 86
50 52
50 86
51 77
51 72
51 93
52 90
52 74
52 56
52 83
52 62
52 87
52 69
52 78
52 86
53 58
54 57
54 65
55 96
55 83
55 71
55 71
56 78
56 60
56 82
57 92
57 97
58 80
58 87
58 69
58 98
59 63
59 77
59 63
59 86
60 89
60 93
60 68
61 90
61 78
61 79
61 93
61 85
61 67
61 85
61 91
62 90
62 81
62 68
62 83
62 72
62 86
62 67
62 77
63 70
63 98
63 88
63 65
65 68
65 66
65 74
65 73
66 73
66 95
66 92
66 81
67 89
67 74
67 75
68 80
68 89
69 78
69 76
69 89
69 76
69 93
69 71
69 71
69 80
70 86
70 71
70 85
71 80
71 92
71 86
72 86
73 83
74 89
75 78
75 79
76 78
76 77
77 87
77 95
78 90
78 89
79 87
79 99
80 90
80 84
81 83
81 92
82 97
84 88
84 89
84 99
85 97
85 92
85 93
86 95
86 94
86 92
87 98
89 93
89 94
90 94
90 96
91 96
94 95
