0 27
0 81
0 70
0 7
0 62
0 29
0 50
0 19
0 37
0 40
0 80
0 40
0 62
0 90
1 56
1 55
1 8
1 82
1 27
1 32
1 9
2 32
2 86
2 74
2 78
2 80
2 10
2 93
2 33
2 10
2 16
2 81
3 34
3 21
3 35
3 61
3 91
3 50
3 50
3 54
3 80
3 91
3 72
3 39
3 81
3 15
4 75
4 74
4 68
4 15
4 62
4 85
4 67
5 23
5 78
5 66
5 32
5 57
5 6
6 61
6 9
6 39
6 43
6 27
6 76
6 82
6 49
6 80
6 97
6 62
7 77
7 50
7 83
7 62
7 73
7 67
8 99
8 67
8 80
8 53
8 36
8 14
8 70
8 19
8 80
8 91
8 23
8 86
9 10
9 82
9 85
9 44
9 54
9 71
9 13
9 24
9 29
9 95
9 51
9 45
9 40
9 51
9 96
9 11
9 84
9 56
9 52
10 53
10 14
10 92
10 13
10 68
10 98
10 50
10 20
10 34
10 64
10 35
10 85
11 74
11 52
11 24
11 15
11 41
11 99
11 96
11 67
11 25
11 84
12 30
12 81
12 43
12 20
12 54
12 19
12 37
12 20
12 71
12 74
12 89
13 80
13 99
13 99
13 86
13 17
13 86
13 18
13 33
13 64
13 27
13 70
13 15
13 36
13 79
13 94
14 41
14 47
14 21
14 69
14 74
14 34
15 45
15 75
15 88
15 49
15 72
15 89
15 36
15 39
16 87
16 40
16 34
16 26
16 99
16 80
16 91
16 96
17 59
17 86
17 67
17 51
17 26
17 30
17 99
17 36
17 31
17 83
17 99
17 96
17 79
17 36
18 21
18 49
18 83
18 39
18 71
18 63
18 72
19 70
19 75
19 22
19 49
19 47
19 98
19 47
19 45
19 54
19 98
20 73
20 43
20 91
20 43
20 85
20 35
20 27
20 51
20 55
21 35
21 86
21 81
21 72
22 38
22 81
22 56
22 91
22 65
23 62
23 74
23 66
24 78
24 69
24 79
24 96
24 31
24 86
24 72
24 49
25 27
25 26
25 48
25 95
25 59
25 43
25 33
26 27
26 67
26 29
26 58
26 40
27 30
27 37
28 91
28 92
28 89
28 83
28 47
28 61
28 70
28 41
28 34
28 41
29 93
29 79
29 74
30 83
30 40
30 57
30 93
30 33
30 65
30 32
30 60
31 77
31 42
31 54
31 38
31 53
31 32
32 81
32 80
33 90
33 70
33 66
33 67
34 87
34 40
34 91
34 72
34 47
34 97
35 85
35 46
35 65
35 70
35 77
36 77
36 40
36 83
36 37
36 91
36 95
36 47
36 79
36 80
36 47
37 58
37 99
37 68
37 96
37 70
37 41
37 48
38 93
38 93
38 84
39 69
39 90
39 64
39 68
39 61
39 45
39 66
39 47
39 47
40 54
40 50
40 68
40 89
40 49
40 82
40 58
41 44
41 74
41 70
41 74
41 66
41 78
41 97
42 56
42 66
42 83
42 93
43 48
43 65
43 87
43 82
44 47
44 57
44 95
44 55
45 46
45 90
45 83
45 85
46 67
46 91
46 47
46 72
47 96
47 65
47 67
48 65
48 92
48 70
48 92
48 89
48 77
49 84
49 86
49 71
49 53
50 60
50 78
50 81
50 95
50 63
50 81
50 79
50 69
51 88
51 68
51 53
52 89
52 90
52 70
52 97
52 53
52 71
52 70
53 92
53 96
53 90
53 63
53 82
54 64
54 55
54 88
55 82
56 96
56 92
56 90
56 64
57 96
58 73
58 82
58 92
59 93
59 63
59 86
59 74
60 67
61 78
61 69
61 84
61 62
61 62
61 94
61 64
62 94
62 65
62 96
63 81
63 88
63 84
63 93
63 87
63 76
64 98
64 90
64 72
64 83
65 66
65 84
65 82
65 94
65 85
65 71
66 91
66 83
66 77
67 85
67 82
67 83
68 87
68 70
68 86
68 79
68 88
68 88
69 95
69 84
70 90
70 79
70 88
71 97
71 84
71 88
71 99
72 96
72 93
74 82
74 94
74 99
74 82
74 80
74 90
74 88
75 86
75 88
76 99
76 95
76 95
77 87
77 89
78 93
78 94
78 92
78 80
80 89
80 87
81 83
82 84
82 87
82 91
83 85
84 91
84 93
84 93
86 97
87 94
87 92
87 88
87 97
88 96
88 93
88 89
89 95
92 96
93 96
94 96
