0 68
0 89
0 95
0 22
0 90
0 53
0 1
0 44
0 16
0 22
1 71
1 12
1 41
1 7
1 29
1 34
1 78
1 48
1 80
1 9
2 20
2 68
2 11
2 4
2 65
2 18
2 95
2 87
3 7
3 67
3 34
3 53
3 68
3 8
4 64
4 22
4 11
4 77
4 10
4 69
4 85
5 66
5 47
5 29
5 11
5 82
5 24
5 29
5 96
5 57
5 69
6 37
6 58
6 81
6 10
6 71
6 39
6 12
7 59
7 54
7 46
7 44
7 19
7 10
7 64
7 89
7 75
7 23
8 72
8 51
8 10
8 53
8 17
8 95
8 88
8 15
8 60
9 85
9 59
9 26
9 84
9 96
9 51
9 17
9 26
9 94
9 83
9 17
9 23
9 23
9 15
9 94
9 82
9 26
9 58
10 57
10 78
10 37
10 43
10 40
10 43
10 62
10 90
10 23
10 68
10 29
10 39
10 16
11 66
11 58
11 28
11 67
11 89
11 64
11 66
11 31
11 52
11 16
11 70
11 13
11 68
12 94
12 20
12 25
12 44
12 15
12 41
12 31
13 61
13 20
13 62
13 72
13 45
13 17
13 21
13 73
13 95
13 82
13 69
14 76
14 82
14 31
14 72
14 48
14 46
14 19
14 49
14 53
14 40
14 98
14 52
14 96
15 76
15 95
15 44
15 79
15 62
15 59
15 78
15 20
15 74
16 57
16 27
16 29
16 25
16 46
16 91
16 42
17 81
17 73
17 76
17 75
17 27
17 45
17 93
17 61
18 72
18 79
18 46
18 27
18 51
18 54
18 89
18 97
19 36
19 47
19 81
19 75
19 55
19 95
19 48
19 58
20 26
20 47
20 81
20 25
20 28
20 92
20 72
20 70
20 53
20 70
20 73
20 53
21 62
21 34
21 45
21 88
21 90
21 23
21 97
22 82
22 33
22 52
22 84
22 67
22 96
23 80
23 81
23 46
23 86
23 93
23 47
23 81
23 96
24 79
24 36
24 70
24 88
24 64
24 35
24 41
24 89
24 94
24 53
24 59
25 87
25 54
25 76
25 59
25 77
25 42
25 90
26 62
26 95
26 57
26 45
27 45
27 53
27 34
27 46
27 64
27 92
27 50
27 58
27 31
28 29
28 33
28 34
28 79
28 88
28 36
28 77
29 95
29 70
29 96
29 61
29 70
29 38
29 36
30 66
30 95
30 43
31 82
31 62
31 37
32 62
32 46
32 75
32 43
32 36
33 66
33 47
33 64
33 79
33 47
34 81
34 49
34 93
34 69
35 50
35 46
35 57
35 36
35 81
36 48
36 76
36 71
36 37
36 66
36 93
37 84
37 90
37 77
37 75
37 76
37 47
37 64
37 76
37 70
37 89
37 39
37 45
37 90
37 79
38 46
38 81
39 59
39 67
40 99
40 94
40 48
40 96
40 74
40 78
40 48
40 92
41 84
41 53
41 74
41 88
41 71
41 62
41 73
41 67
42 45
42 52
42 72
43 65
43 96
43 86
43 75
43 48
43 63
44 50
44 76
44 68
44 65
44 83
44 57
44 76
45 98
45 80
45 82
45 92
46 80
46 67
46 62
46 89
46 88
46 90
47 88
47 75
47 73
47 77
47 99
48 93
48 92
48 52
48 76
49 63
49 61
49 81
49 56
49 75
50 65
50 70
50 62
50 99
50 56
50 61
50 85
51 87
51 67
51 84
51 78
51 95
52 74
52 77
52 93
53 99
53 94
53 57
53 72
53 99
54 98
54 67
54 59
54 88
54 58
54 71
54 56
54 56
55 88
55 67
55 56
55 89
55 68
56 91
57 96
57 98
57 93
57 72
58 78
58 94
58 97
58 66
58 97
58 79
59 94
59 87
59 62
59 79
59 62
59 91
60 68
60 78
60 91
60 74
60 99
61 71
62 65
63 74
64 90
64 94
64 76
65 98
65 86
65 74
65 83
66 92
66 79
67 83
67 79
67 91
68 77
68 79
69 87
69 79
69 99
71 87
71 93
71 85
71 81
71 93
72 92
72 95
72 83
73 78
73 79
74 97
74 82
74 76
75 79
76 99
76 84
76 95
76 77
76 77
77 90
77 88
77 84
77 78
78 94
78 97
79 96
79 81
79 85
79 80
79 82
80 96
80 93
80 87
83 86
83 87
83 86
83 96
84 96
84 85
84 99
85 94
85 96
86 97
87 91
88 99
88 95
93 96
93 96
93 95
94 96
