0 37
0 11
0 93
0 53
0 16
0 64
0 25
0 33
0 39
0 12
1 40
1 31
1 11
1 6
1 96
1 97
1 44
1 18
2 80
2 45
2 98
2 55
2 66
3 69
3 55
3 21
3 48
3 93
3 53
3 65
3 40
3 32
4 73
4 64
4 45
4 7
4 98
4 64
4 7
4 64
4 56
5 37
5 84
5 67
5 53
5 23
6 68
6 25
6 89
6 54
6 46
6 64
6 84
6 91
6 29
7 67
7 40
7 88
7 71
7 94
7 10
7 93
7 23
7 46
7 35
7 37
7 18
7 93
8 12
8 94
8 34
8 65
8 15
8 27
8 19
8 33
8 70
9 51
9 61
9 65
9 55
9 83
9 39
9 90
9 60
10 84
10 14
10 35
10 63
10 33
10 39
10 49
10 44
10 79
10 33
10 47
10 92
10 75
11 56
11 50
11 90
11 80
12 15
12 85
12 70
12 30
12 18
12 40
12 64
13 90
13 64
13 89
13 96
13 78
13 63
13 63
13 22
14 77
14 80
14 72
14 94
14 53
15 64
15 36
15 63
15 86
15 36
15 63
15 22
15 45
15 47
15 22
15 59
15 53
16 81
16 47
16 42
16 31
16 57
16 99
16 45
16 85
16 56
16 52
16 44
16 49
17 38
17 33
17 46
17 89
17 18
17 20
17 24
17 87
17 96
17 32
17 53
17 34
18 80
18 68
18 65
18 38
18 69
18 97
18 55
19 96
19 29
19 52
19 75
19 49
19 66
19 86
19 21
19 34
19 84
19 30
19 81
20 53
20 97
20 78
20 35
20 61
20 52
20 71
20 99
20 26
20 58
20 35
21 97
21 53
21 39
21 54
21 87
21 44
21 89
21 53
21 93
22 39
22 81
22 80
22 48
22 34
23 45
23 35
23 96
23 97
23 59
23 39
23 77
24 83
24 40
24 95
24 44
24 33
24 47
24 37
25 60
25 81
25 74
25 82
25 75
25 93
25 99
25 91
25 80
26 46
26 89
26 47
26 28
26 51
26 67
26 58
26 59
26 46
26 65
26 77
26 67
26 38
27 53
27 90
27 42
27 82
27 70
27 89
28 78
28 68
28 79
28 80
28 88
28 89
28 54
28 36
28 98
29 60
29 57
29 44
29 35
29 85
29 79
29 73
29 34
29 74
30 55
30 99
30 42
30 44
30 41
30 57
30 93
30 80
31 42
31 65
31 74
31 81
31 37
31 96
31 85
31 77
31 92
32 74
32 73
32 47
33 64
33 57
33 89
33 68
33 84
34 82
34 81
34 93
34 91
34 57
34 66
34 53
35 63
35 81
35 76
35 95
35 38
36 62
36 89
36 92
36 94
36 53
37 71
38 66
38 90
38 47
38 54
38 90
38 57
38 58
38 83
38 84
39 45
39 44
39 47
39 55
40 81
40 75
40 91
40 67
40 79
41 68
41 76
41 77
41 82
41 75
41 68
41 80
41 73
41 47
41 63
42 95
42 94
42 96
42 47
42 63
42 82
42 69
43 91
43 50
43 70
43 84
44 69
44 48
44 65
45 99
45 54
45 79
45 86
45 54
45 98
45 75
45 62
46 62
46 91
46 89
46 70
46 99
46 98
46 74
46 61
46 96
47 50
47 78
47 62
47 85
47 64
47 56
47 56
48 71
48 53
48 64
48 60
48 94
48 54
48 91
48 84
48 82
48 96
48 86
49 78
49 52
49 77
49 65
49 81
49 75
50 66
50 52
50 72
50 64
50 57
50 57
51 64
51 61
51 58
52 73
52 65
52 80
52 69
52 80
52 93
53 76
53 63
53 76
54 81
54 65
54 85
54 80
54 56
54 57
55 88
55 91
55 66
55 66
56 85
56 58
56 88
57 72
57 62
57 71
57 63
57 92
57 69
58 89
58 98
58 67
59 76
59 99
59 80
59 81
61 76
61 62
62 71
62 90
62 73
63 74
63 66
63 95
63 72
64 76
64 88
64 94
64 98
64 85
65 73
65 81
66 82
66 98
66 74
67 92
67 68
67 73
67 72
67 82
68 92
68 96
68 82
68 76
69 77
69 83
70 92
70 80
71 88
71 72
72 76
72 74
73 79
73 80
75 90
76 89
76 94
77 90
77 94
78 81
78 83
78 85
78 96
79 84
81 95
81 85
81 94
82 86
82 98
82 88
82 85
85 86
85 88
85 87
85 96
86 90
87 98
89 92
89 90
90 94
92 95
95 98
95 97
98 99
