0 59
0 92
0 39
0 29
0 41
0 23
0 51
0 84
0 34
1 25
1 64
1 64
1 50
1 99
1 77
1 4
1 52
1 18
1 37
2 50
2 57
2 99
2 98
2 56
2 47
2 84
2 16
2 63
3 48
3 37
3 36
3 11
3 10
3 10
3 41
3 25
3 92
3 28
3 35
4 32
4 38
4 38
4 47
4 28
4 64
4 63
4 44
4 59
5 23
5 58
5 40
5 52
5 88
5 77
5 56
5 25
5 7
5 87
5 46
5 93
6 94
6 90
6 33
6 92
6 7
6 95
6 9
6 32
7 87
7 48
7 39
7 81
7 27
7 81
7 99
7 41
7 76
7 29
8 89
8 43
8 10
8 30
8 58
8 84
8 20
8 82
8 61
8 76
8 29
9 25
9 52
9 30
9 85
9 70
10 53
10 43
10 92
10 18
10 59
10 80
10 63
10 14
10 35
10 64
10 75
10 98
11 64
11 70
11 24
11 97
11 27
11 31
11 98
11 84
11 29
11 25
12 81
12 51
12 43
12 52
12 28
13 16
13 83
13 29
13 37
13 76
13 33
13 55
13 89
13 91
14 50
14 37
14 31
14 70
14 27
14 29
14 38
14 32
14 26
15 69
15 76
15 80
15 53
15 98
15 46
15 82
15 98
15 76
16 37
16 91
16 45
16 52
16 96
16 43
16 68
16 77
16 67
16 75
16 30
17 19
17 83
17 47
17 70
17 60
17 35
17 83
17 22
17 21
17 73
17 23
17 54
17 22
18 82
18 36
18 23
18 60
18 27
18 60
18 81
18 61
18 63
19 54
19 34
19 43
19 55
19 48
19 71
19 98
19 61
19 70
20 76
20 82
20 67
20 89
21 34
21 50
21 48
21 76
21 83
21 79
21 60
21 30
21 35
21 58
22 61
22 76
22 89
22 59
22 57
22 79
22 55
22 83
22 81
22 26
22 29
22 95
22 69
22 43
23 28
23 73
23 95
23 71
23 32
23 51
23 68
23 30
23 70
23 67
23 65
23 41
23 46
24 48
24 74
24 51
24 29
25 58
25 74
25 58
25 82
25 53
25 55
25 66
25 74
25 94
25 28
25 73
25 62
25 76
26 65
26 28
26 83
26 82
26 83
26 84
26 81
26 35
27 51
27 47
27 34
27 41
27 65
27 42
27 47
28 72
28 38
28 31
29 92
29 31
29 47
29 77
29 43
29 94
29 57
30 54
30 40
30 43
30 83
30 80
30 57
30 58
30 47
30 71
31 41
31 57
31 47
31 74
31 61
32 77
32 90
32 91
32 97
32 71
33 40
33 88
33 74
33 86
33 90
34 46
34 53
34 49
34 58
34 78
34 95
35 77
35 67
35 69
35 85
35 80
36 58
36 65
36 97
37 95
37 39
37 54
37 98
38 88
38 40
38 67
38 66
38 83
38 59
38 79
39 70
39 71
39 69
39 41
39 66
39 69
39 40
40 74
40 56
40 79
41 49
41 69
41 79
41 91
41 93
41 92
42 98
42 49
42 92
42 55
42 95
43 82
44 59
44 78
44 81
44 84
44 82
44 66
44 98
45 68
45 68
45 59
45 85
46 99
46 53
46 84
46 59
46 71
47 64
47 72
47 78
47 50
47 79
48 51
48 95
48 71
48 86
48 80
49 96
49 96
49 62
49 60
49 57
49 69
50 71
50 75
50 84
50 76
50 76
51 58
51 83
51 91
51 83
52 71
53 63
54 70
54 66
54 84
55 92
55 77
55 92
55 62
55 65
55 93
55 59
56 90
56 90
56 71
56 81
56 89
57 59
57 73
57 63
58 99
58 95
59 89
60 95
60 91
60 78
60 95
61 97
61 93
61 94
61 67
61 92
61 69
61 91
62 94
62 71
62 83
62 86
62 81
62 82
62 78
63 65
63 79
64 79
64 77
64 88
65 80
65 97
65 99
65 74
65 90
66 93
66 91
66 89
66 99
67 76
68 80
69 81
69 98
69 87
70 81
70 75
70 96
70 83
71 91
71 75
71 72
71 78
71 85
71 76
72 99
72 94
73 89
73 99
73 78
73 84
73 95
74 86
74 99
74 84
75 98
75 94
75 81
76 99
76 84
76 97
76 89
77 84
77 85
77 80
77 96
77 78
78 93
78 85
81 93
82 94
82 84
82 97
83 86
84 93
84 85
85 87
85 93
85 91
85 94
86 88
86 88
86 95
86 91
88 91
89 92
89 99
93 97
94 96
95 97
