0 35
0 48
0 62
0 15
0 23
0 83
0 87
0 94
0 2
0 65
1 18
1 77
1 11
1 71
1 56
1 38
1 93
1 79
1 69
1 41
1 78
1 74
1 86
1 32
1 76
2 20
2 11
2 81
2 82
2 24
2 13
2 30
2 81
2 83
2 66
2 60
2 90
2 36
2 55
2 59
2 48
3 44
3 43
3 6
3 97
3 48
3 25
3 61
4 98
4 29
4 64
4 26
4 48
4 36
4 64
4 62
5 55
5 58
5 39
5 8
5 47
5 31
5 78
5 21
6 53
6 13
6 43
6 60
6 20
6 23
6 54
6 96
6 61
6 43
6 94
6 94
7 51
7 66
7 59
7 71
7 14
7 55
7 57
7 27
7 22
7 81
7 64
8 11
8 47
8 87
8 37
8 25
8 87
8 18
8 77
8 29
9 83
9 77
9 59
9 57
10 49
10 75
10 28
10 96
10 12
11 69
11 78
11 63
11 19
11 97
11 69
11 73
11 78
11 12
12 93
12 94
12 52
12 55
12 68
12 89
13 59
13 60
13 80
13 66
13 69
13 25
13 43
13 41
13 58
13 58
14 18
14 64
14 50
14 99
14 34
14 20
14 47
15 20
15 26
15 34
15 59
15 40
15 43
16 76
16 92
16 45
16 61
16 19
16 90
16 85
16 61
16 54
16 70
17 99
17 91
17 57
17 18
17 35
17 34
17 77
17 77
17 87
17 39
18 98
18 94
18 45
18 44
18 90
18 96
18 93
19 96
19 70
19 36
19 35
19 43
19 86
19 70
20 93
20 78
20 85
20 32
20 38
20 44
20 33
20 67
20 21
20 50
21 49
21 83
21 76
21 44
21 78
21 56
21 81
21 54
21 83
22 80
22 57
22 92
22 93
22 97
22 45
22 74
23 32
23 54
23 70
23 32
23 71
23 37
23 74
23 60
23 70
23 47
24 37
24 59
24 93
24 87
24 54
24 27
24 39
24 73
25 63
25 53
25 83
25 30
25 96
25 91
26 64
26 29
26 44
26 92
27 42
27 90
27 87
27 28
27 47
27 29
28 73
28 63
28 34
28 58
28 70
28 92
29 60
29 74
29 76
29 43
29 59
29 78
29 74
29 57
29 64
30 45
30 35
30 91
30 92
30 76
30 44
30 99
30 45
31 71
31 58
31 77
31 69
31 63
31 98
31 75
32 60
32 83
32 70
32 33
32 38
32 59
32 48
32 76
33 94
33 40
33 38
33 51
33 81
33 63
33 78
33 40
33 64
33 95
34 41
34 84
34 88
34 39
34 68
35 55
35 92
35 88
35 54
35 83
35 79
35 86
35 91
35 95
36 54
36 73
36 82
36 42
36 51
36 56
36 46
37 38
37 85
37 97
37 50
37 56
38 97
38 68
38 49
38 66
38 40
39 67
39 57
39 83
40 45
40 85
41 94
41 84
41 81
41 52
42 54
42 74
42 64
42 94
42 95
42 87
42 92
42 99
43 93
43 56
43 89
43 53
44 96
44 64
44 84
44 73
44 67
44 74
45 94
45 86
45 84
45 79
45 57
46 81
46 96
46 56
46 98
46 85
47 96
47 84
47 85
48 53
48 71
48 77
48 68
48 98
49 71
49 93
49 81
50 66
50 77
51 99
51 55
51 59
51 55
51 89
52 91
52 54
52 63
52 67
52 64
52 79
53 74
53 61
53 86
54 56
54 73
54 96
54 62
54 63
55 71
55 82
55 56
55 69
56 69
56 60
56 86
56 76
56 91
57 78
57 70
57 65
57 94
57 89
58 61
58 83
58 74
58 85
58 80
59 68
59 82
59 60
59 78
59 60
59 91
59 76
59 71
60 70
60 61
60 85
60 97
61 70
61 92
61 75
61 66
61 96
62 97
62 96
62 79
62 71
62 79
62 99
63 70
63 64
63 92
63 79
63 72
64 74
64 93
64 84
65 97
66 68
66 86
66 91
67 91
67 80
67 85
67 78
68 95
68 96
68 84
68 86
69 75
69 92
69 82
69 70
69 89
69 93
69 81
69 87
71 74
72 94
72 94
72 78
73 75
73 96
73 93
74 83
74 85
75 91
76 86
76 91
76 91
77 82
78 85
78 84
78 98
78 97
78 88
79 91
79 89
79 95
79 81
80 83
80 88
80 97
80 94
81 99
81 94
82 95
82 84
83 99
84 90
85 99
85 92
86 93
87 89
87 94
88 92
88 98
90 96
90 96
96 97
96 99
96 99
