0 77
0 6
0 92
0 18
0 59
0 66
0 48
0 52
0 43
0 70
0 83
0 33
1 56
1 55
1 74
1 79
1 55
1 81
1 38
1 26
1 59
1 22
1 74
1 59
2 42
2 48
2 66
2 44
2 27
2 17
3 11
3 33
3 54
3 71
3 41
3 42
3 98
3 91
3 83
3 59
3 94
3 75
3 24
3 19
3 67
4 19
4 69
4 39
4 70
4 86
4 67
5 8
5 63
5 63
5 83
5 8
5 12
5 47
5 42
6 30
6 38
6 54
6 52
6 7
6 43
6 39
6 55
6 40
6 77
6 8
6 97
6 97
6 73
6 51
7 90
7 41
7 73
7 68
7 99
7 82
7 23
8 89
8 95
8 77
8 72
8 73
8 9
8 12
8 55
8 54
8 86
9 44
9 67
9 34
9 16
9 67
9 77
9 66
9 28
9 98
9 91
10 84
10 56
10 65
10 77
10 48
10 61
11 44
11 91
11 89
11 29
11 16
11 16
11 40
11 38
11 83
12 24
12 83
12 29
12 96
12 49
12 13
12 80
12 62
12 80
12 78
12 89
12 15
12 91
13 26
13 69
13 88
13 87
13 30
13 43
13 29
13 62
13 94
13 94
13 37
13 95
14 44
14 52
14 15
14 52
14 56
14 57
14 46
14 70
14 39
14 69
15 47
15 30
15 48
15 21
15 32
15 47
15 97
15 64
15 91
15 50
16 90
16 64
16 47
16 24
16 88
16 21
16 19
16 85
16 40
16 87
16 60
17 69
17 52
17 55
17 64
17 73
17 26
17 45
17 72
17 98
17 63
17 55
17 20
18 36
18 95
18 27
18 65
18 19
18 38
18 67
18 23
18 61
18 89
18 31
19 46
19 50
19 65
19 43
19 54
19 83
19 74
19 35
20 28
20 51
20 85
20 64
20 45
20 21
20 78
20 27
21 37
21 74
21 65
21 88
21 66
21 28
21 76
21 75
21 38
21 40
21 96
21 60
21 97
21 67
22 57
22 87
22 53
22 95
22 83
22 79
22 25
22 31
22 48
22 92
22 27
23 74
23 32
23 40
23 86
23 98
23 37
23 54
23 47
23 85
24 95
24 26
24 67
24 31
24 35
24 30
24 80
24 70
24 76
25 64
25 30
25 33
26 41
26 59
26 84
26 64
26 88
27 36
27 91
27 33
27 80
27 42
28 42
28 72
28 57
28 78
28 34
28 72
28 30
29 51
29 86
29 66
30 38
30 97
31 67
31 48
31 83
31 56
31 78
32 90
32 40
32 82
32 84
32 99
33 68
33 35
33 88
33 88
33 79
33 82
34 95
34 60
34 41
34 75
34 91
34 86
34 72
35 70
35 67
35 92
35 87
35 56
35 77
36 39
36 97
36 74
36 69
37 39
37 71
37 52
37 54
37 67
37 76
38 94
38 81
38 80
38 48
38 60
38 85
39 93
39 96
39 84
39 71
39 45
40 94
40 54
40 78
40 96
40 92
41 42
41 55
41 61
41 86
42 50
42 45
42 66
42 76
43 93
43 99
43 91
44 58
44 49
44 54
44 57
44 73
44 60
44 53
45 63
45 57
45 76
45 52
46 80
46 58
46 56
47 69
47 57
47 72
47 62
47 58
48 49
48 60
48 52
48 55
48 97
48 74
49 77
49 78
49 73
49 54
50 78
50 94
50 62
51 94
51 95
51 74
51 63
51 64
51 54
51 59
51 63
51 98
52 96
52 72
52 77
52 93
52 94
52 67
52 81
53 55
53 59
53 92
53 55
54 94
54 80
55 97
55 56
55 57
55 89
55 62
56 81
56 83
57 89
57 62
57 85
57 67
58 85
58 64
58 84
59 72
59 95
59 92
59 94
59 61
60 72
60 90
60 92
60 91
60 62
61 82
61 73
61 71
61 94
62 65
62 98
62 66
63 78
63 82
63 89
63 80
64 93
64 78
64 67
64 87
65 78
65 72
66 76
67 82
67 86
67 91
68 91
68 96
69 86
69 81
69 83
69 90
69 93
69 71
69 98
70 92
70 83
70 77
70 91
71 88
71 75
71 88
72 90
72 81
72 83
73 85
73 87
73 92
74 94
76 88
77 99
77 81
77 93
77 83
78 89
79 98
79 99
80 85
80 81
80 95
81 82
81 85
81 82
82 96
83 84
83 94
84 86
85 90
85 93
85 88
86 95
86 92
86 97
87 98
88 94
88 93
91 95
93 98
93 98
94 98
94 96
95 98
