0 24
0 53
0 54
0 27
0 24
0 44
0 16
0 64
0 98
0 11
0 14
1 77
1 87
1 15
1 55
1 60
1 40
1 13
1 19
1 49
2 40
2 29
2 8
2 59
2 59
2 75
2 57
2 96
2 58
3 49
3 24
3 36
3 33
3 87
3 17
3 40
3 39
4 90
4 65
4 51
4 47
4 98
4 13
4 33
4 20
4 79
4 6
4 70
4 63
4 31
5 15
5 17
5 89
5 76
5 39
5 43
5 41
5 71
5 88
5 31
6 78
6 82
6 93
6 36
6 33
6 45
6 46
6 80
6 86
6 8
6 96
7 53
7 24
7 47
7 87
7 34
7 52
7 81
7 16
7 99
7 60
7 99
7 8
7 70
7 48
8 14
8 26
8 9
8 53
8 64
8 49
8 11
8 18
8 81
8 96
8 46
8 9
8 25
9 83
9 22
9 16
9 83
9 57
9 81
9 74
9 11
9 69
9 73
9 92
9 10
10 37
10 98
10 66
10 13
10 98
10 19
10 54
10 73
10 23
10 25
10 52
11 81
11 68
11 92
11 82
11 62
11 44
11 91
11 21
11 51
11 17
11 68
11 70
11 41
11 29
11 54
11 27
11 30
12 91
12 45
12 21
12 15
12 52
12 14
12 56
13 69
13 66
13 95
13 91
13 15
13 72
13 34
14 30
14 78
14 73
14 22
14 32
14 99
14 36
15 88
15 25
15 32
15 75
15 18
15 38
15 32
15 40
15 21
16 56
16 64
16 99
16 50
16 76
16 94
16 38
16 70
16 61
17 63
17 27
17 57
17 21
17 62
17 72
17 96
17 53
18 60
18 35
18 77
18 69
19 45
19 63
19 42
19 64
19 56
19 68
19 71
19 38
19 72
19 29
20 27
20 57
20 89
20 21
20 94
20 40
21 77
21 74
21 25
21 25
21 63
21 96
22 37
22 61
22 84
22 92
22 36
22 88
22 88
22 46
23 30
23 55
23 52
23 42
23 70
23 58
23 96
23 25
24 25
24 60
24 81
24 46
24 41
24 52
25 79
25 27
25 71
25 81
25 31
26 53
26 73
26 48
26 75
27 95
27 69
27 31
27 86
27 92
27 42
27 99
27 82
28 50
28 44
28 80
29 43
29 77
29 76
29 69
29 66
29 92
30 73
30 91
30 84
30 73
30 78
30 89
31 91
31 72
31 41
31 43
31 77
31 39
32 77
32 72
32 64
32 79
32 51
33 78
33 98
33 80
33 72
33 67
33 71
33 50
33 34
34 73
34 48
34 64
34 63
34 35
34 54
34 94
34 76
34 72
34 80
34 91
35 66
35 42
35 43
36 70
36 95
36 67
36 88
36 92
36 69
36 77
36 87
37 41
37 59
37 49
37 56
37 41
38 62
38 67
38 39
38 74
38 44
38 55
39 43
39 92
39 66
39 64
39 66
40 62
40 55
40 88
40 81
40 80
40 79
40 97
41 44
41 77
41 52
41 89
41 72
41 88
41 69
41 62
41 78
42 50
42 84
42 76
42 88
42 50
42 59
42 90
42 54
42 85
43 54
43 46
43 61
43 84
43 86
43 76
43 67
43 66
44 99
44 71
44 57
45 79
45 71
45 99
45 95
46 57
46 68
46 56
46 66
46 70
47 81
47 77
47 87
47 77
47 48
47 72
47 79
48 85
48 53
49 90
49 85
49 65
50 96
50 76
51 58
52 82
52 81
52 87
52 53
52 65
52 89
53 57
53 72
53 74
53 61
53 70
53 58
54 65
54 87
54 79
55 86
55 70
55 65
55 88
56 82
56 77
57 82
57 84
57 67
58 83
59 96
59 96
59 66
59 93
59 71
59 71
60 78
60 94
60 83
60 91
60 88
60 76
60 76
61 97
61 86
62 93
62 75
62 92
62 85
62 66
63 66
63 69
64 76
64 76
64 92
64 79
64 94
64 91
64 80
65 87
66 90
66 83
66 84
66 84
67 98
67 91
67 81
68 93
68 82
68 73
68 89
68 92
69 73
69 77
69 81
69 97
69 96
70 89
70 89
71 91
71 94
72 86
72 77
72 92
73 94
73 80
73 98
73 78
73 85
74 86
74 92
75 81
75 96
76 87
76 88
76 93
76 78
77 81
77 98
77 85
79 85
79 89
80 88
80 83
80 96
81 90
81 87
82 95
82 88
83 92
83 86
84 87
84 89
84 87
84 94
85 89
85 94
86 97
87 93
87 97
91 96
92 93
94 98
