0 21
0 62
0 13
0 87
0 28
0 17
0 14
0 64
0 81
0 6
0 59
0 1
0 78
1 82
1 41
1 63
1 61
1 4
1 34
1 77
2 11
2 47
2 50
2 28
2 42
2 26
3 99
3 34
3 32
3 63
3 72
3 14
3 99
3 16
3 39
4 42
4 93
4 39
4 45
4 76
5 88
5 27
5 42
5 51
5 54
5 86
5 88
5 92
6 63
6 85
6 7
6 88
6 31
6 63
6 60
6 69
6 35
6 47
6 64
7 77
7 87
7 20
7 17
7 56
7 16
7 24
7 56
7 72
7 13
7 83
7 76
7 52
7 58
7 88
8 64
8 74
8 61
8 34
8 23
8 85
8 57
8 37
8 94
8 21
8 94
8 78
8 11
8 45
9 47
9 10
9 31
9 21
9 92
9 28
9 76
9 71
9 13
9 52
10 80
10 97
10 75
10 72
10 61
10 76
10 95
10 63
11 83
11 61
11 88
11 26
11 12
11 54
11 56
11 18
11 79
11 94
11 24
11 76
11 83
12 80
12 75
12 51
12 42
12 40
12 46
12 74
12 72
12 68
12 98
12 54
13 18
13 18
13 42
13 87
13 96
13 88
13 41
14 94
14 31
14 98
14 73
14 70
14 78
14 49
14 47
14 53
14 43
14 46
14 62
14 87
14 24
14 67
14 29
14 57
15 99
15 35
15 33
15 41
15 99
16 64
16 60
16 35
16 98
16 87
16 44
16 19
16 63
16 35
16 22
16 73
17 62
17 62
17 33
17 25
17 80
17 30
18 67
18 35
18 24
18 41
18 71
18 94
19 88
19 23
19 47
19 57
19 29
19 70
19 62
19 79
19 47
19 32
19 66
20 55
20 50
20 72
20 50
20 30
20 35
20 80
20 96
21 56
21 50
21 41
21 75
21 84
21 67
21 85
21 69
21 36
22 57
22 88
22 31
22 66
22 37
22 90
22 43
23 75
23 40
23 98
24 89
24 55
24 51
24 94
24 62
24 72
24 77
25 74
25 85
25 59
25 56
25 75
25 76
25 51
25 67
25 39
25 84
25 26
25 79
25 91
25 38
25 78
25 83
26 31
26 89
26 89
26 42
26 49
27 84
27 68
27 62
27 62
28 89
28 64
28 78
29 31
29 61
29 87
29 54
29 34
30 61
30 82
30 82
30 46
30 71
30 48
30 53
30 89
30 89
30 58
30 70
31 48
31 67
31 72
31 93
31 96
32 63
32 87
32 71
32 51
32 47
32 47
32 90
33 65
33 97
33 51
33 65
34 65
34 50
34 69
34 82
34 64
34 66
34 63
35 48
35 76
36 41
36 86
37 83
37 87
37 39
37 49
37 96
38 48
38 41
38 91
38 97
38 93
38 66
38 76
38 94
39 86
39 65
39 84
40 63
40 59
40 62
40 73
40 88
41 50
41 44
41 90
41 60
41 91
42 93
42 54
42 45
42 53
42 55
42 96
43 55
43 76
43 83
43 90
43 81
43 53
43 47
43 55
43 96
43 53
44 71
44 55
44 68
44 62
45 55
45 98
45 71
45 46
45 87
45 72
45 56
45 92
45 66
45 84
45 97
45 83
45 98
45 88
46 77
46 86
46 49
46 77
46 71
47 67
47 56
47 53
47 87
47 59
48 86
48 74
48 82
48 58
48 57
49 90
49 63
49 79
50 69
50 81
50 86
50 52
51 79
51 60
51 72
51 79
52 67
52 80
53 64
53 56
53 74
53 62
53 64
53 65
53 94
54 82
54 81
54 98
54 94
55 66
55 62
56 65
56 86
56 65
56 65
57 79
57 64
57 96
57 69
57 97
57 87
58 75
58 94
58 69
58 99
58 88
58 80
58 79
59 72
59 73
59 84
60 66
60 64
60 74
61 95
61 70
61 66
62 72
62 88
62 83
62 97
63 75
63 78
63 83
63 75
63 97
64 74
64 67
64 78
64 73
65 99
65 91
65 76
66 82
66 70
67 96
67 75
67 90
68 85
68 90
68 78
68 92
69 85
69 71
69 79
70 76
70 81
70 76
71 83
71 86
71 81
72 84
72 78
72 86
72 81
72 93
72 88
73 86
73 83
74 87
74 95
75 76
75 91
75 92
76 95
77 90
78 81
78 96
80 82
80 85
81 89
81 99
83 88
83 97
84 96
84 96
84 86
85 90
85 93
85 95
85 91
87 93
88 95
89 90
89 97
90 94
91 93
94 99
95 98
96 97
96 98
97 98
