0 82
0 95
0 21
0 55
0 6
0 34
0 51
0 24
0 72
0 2
0 27
0 55
1 69
1 18
1 84
1 67
1 82
1 51
1 52
1 23
1 83
1 27
1 77
1 37
1 58
2 74
2 42
2 73
2 61
2 35
2 19
2 60
2 47
2 66
2 34
2 30
2 99
2 59
2 97
2 93
2 93
2 8
3 15
3 73
3 82
3 15
3 39
3 55
3 81
3 48
3 70
4 31
4 50
4 52
4 50
4 76
4 13
4 33
4 51
4 48
4 52
4 18
4 74
5 54
5 90
5 23
5 52
5 55
5 90
5 26
5 75
5 61
5 7
5 37
5 75
5 85
5 76
6 74
6 39
6 13
6 86
6 60
6 38
6 88
6 62
6 10
6 97
6 14
6 18
6 20
6 32
6 51
7 84
7 19
7 22
7 61
7 40
7 72
7 74
7 61
7 89
7 10
7 47
7 44
8 38
8 57
8 89
8 22
8 27
8 90
8 11
8 95
8 60
8 10
8 79
8 45
9 28
9 54
9 57
9 18
9 65
9 65
9 76
10 40
10 33
10 64
10 83
10 73
10 70
10 79
10 81
10 46
11 97
11 60
11 90
11 26
11 12
11 50
12 32
12 35
12 39
12 54
12 73
12 85
12 37
13 38
13 39
13 65
13 74
13 82
13 80
13 25
13 29
13 48
14 97
14 25
14 84
14 96
14 62
15 65
15 77
15 49
15 20
15 43
15 95
15 28
15 83
15 54
16 25
16 89
16 39
16 32
16 56
16 43
16 59
16 94
17 35
17 20
17 25
17 38
17 27
17 39
17 47
17 27
17 71
18 82
18 81
18 90
18 23
18 30
18 33
18 94
18 84
19 95
19 56
19 26
19 33
19 92
19 22
20 67
20 97
20 50
20 29
20 27
20 33
21 53
21 73
21 42
21 95
22 65
22 40
22 40
22 85
22 78
22 57
22 95
22 24
22 54
22 46
23 81
23 85
23 55
23 38
23 61
23 56
23 98
23 65
24 83
24 81
24 41
24 86
24 90
24 51
24 86
24 47
25 28
25 78
25 53
25 81
25 37
25 59
25 54
25 99
25 63
25 99
26 44
26 31
26 76
26 54
26 66
26 88
26 43
26 92
26 94
26 66
26 57
26 49
27 54
27 68
27 61
27 66
27 93
27 49
28 44
28 98
28 29
28 64
28 33
28 53
29 74
29 41
29 86
29 66
29 97
29 42
29 86
29 37
30 46
30 43
30 71
30 42
30 99
31 36
31 37
31 90
31 82
31 62
31 75
32 50
32 46
33 48
33 47
33 78
33 51
33 93
33 85
33 39
34 75
34 82
35 96
35 99
35 96
35 50
35 90
35 68
35 46
35 72
35 75
36 75
36 37
36 83
37 79
37 61
37 56
37 90
37 80
37 72
37 45
37 44
38 50
38 95
38 91
38 90
38 40
39 86
39 61
39 48
39 82
39 93
39 82
40 44
40 82
40 76
40 99
40 48
40 61
40 61
41 51
41 67
42 99
42 61
42 84
43 94
43 81
43 66
43 80
43 92
44 92
44 80
44 47
44 50
44 99
45 99
45 83
45 58
45 57
45 96
45 60
45 79
46 84
46 79
46 82
46 60
46 94
47 65
47 75
47 53
47 88
47 56
47 85
47 84
47 70
48 86
48 79
48 80
48 79
48 66
48 69
48 91
48 99
48 85
48 68
48 99
49 76
49 89
49 83
50 58
50 54
50 81
51 78
51 69
51 57
51 99
51 96
51 67
52 64
52 75
52 96
52 99
52 54
52 73
52 58
53 59
53 94
53 74
53 79
53 80
53 91
53 93
53 81
53 67
54 78
54 63
54 55
54 83
54 84
55 99
55 94
55 72
55 82
56 64
56 60
56 72
57 89
58 87
58 92
58 76
58 72
58 60
59 81
59 94
59 63
60 92
60 63
60 97
60 73
61 82
61 69
61 68
61 69
62 97
62 69
63 77
64 66
64 79
64 92
64 75
64 99
65 97
65 70
65 92
66 87
66 93
66 72
66 72
66 67
67 71
67 84
67 89
67 91
67 72
68 85
68 83
69 88
69 75
69 99
70 74
71 94
71 83
72 74
73 75
73 75
74 81
74 91
74 92
75 93
76 87
76 95
76 89
77 99
80 82
80 99
81 98
81 94
81 96
82 90
82 88
82 93
83 97
85 92
86 92
86 88
86 90
87 92
87 92
88 94
88 90
90 92
96 98
96 98
