0 66
0 16
0 89
0 72
0 1
0 49
0 17
0 45
0 15
0 59
1 90
1 20
1 5
1 58
1 38
1 10
1 51
1 28
1 97
1 63
2 76
2 14
2 55
2 42
2 49
2 73
2 5
2 64
2 81
3 48
3 66
3 32
3 9
3 84
3 97
3 57
3 23
3 94
3 65
3 43
3 95
3 18
4 93
4 81
4 17
4 35
5 31
5 67
5 68
5 33
5 61
5 9
5 34
5 48
5 18
5 15
5 43
5 98
5 95
5 85
6 30
6 37
6 25
6 13
6 39
6 98
7 10
7 73
7 99
7 71
7 43
7 79
7 27
8 80
8 40
8 9
8 39
8 27
8 57
8 62
8 35
8 12
8 48
9 62
9 35
9 72
9 27
9 78
9 85
9 45
10 98
10 73
10 13
10 31
10 60
10 66
10 50
10 66
10 76
10 45
10 27
11 12
11 75
11 53
11 18
11 13
11 89
11 91
11 97
11 32
11 40
11 55
12 36
12 25
12 66
12 14
12 15
12 48
13 85
13 88
13 89
13 36
13 99
14 44
14 85
14 60
14 77
14 75
14 95
14 58
14 36
14 31
15 63
15 81
15 82
15 51
15 78
15 23
15 99
15 70
15 92
16 37
16 70
16 58
16 65
16 98
16 52
16 97
16 17
16 87
16 48
16 91
16 44
16 67
17 84
17 22
17 56
17 66
17 47
17 95
17 32
17 73
17 32
18 62
18 64
18 85
18 36
18 22
19 89
19 36
19 71
19 35
19 87
20 60
20 91
20 88
20 70
20 47
21 28
21 22
21 35
21 44
21 57
21 78
22 80
22 28
22 84
22 73
22 29
22 33
22 24
22 33
22 91
22 35
22 26
22 49
22 67
23 29
23 58
23 85
23 24
23 33
23 95
23 87
24 92
24 68
24 89
24 63
25 78
25 53
25 96
25 74
25 70
25 40
25 45
25 56
25 69
25 62
25 70
25 94
25 90
25 30
26 56
26 61
26 63
26 42
26 42
26 77
26 59
27 44
27 76
27 59
28 35
28 33
28 77
28 35
28 96
28 61
28 77
28 65
28 83
28 52
29 88
29 93
29 92
29 82
29 57
29 74
30 75
30 43
30 95
30 57
31 67
31 32
31 98
31 53
31 76
31 63
32 76
32 82
32 34
32 38
32 63
32 61
32 35
32 98
32 95
32 42
33 51
33 89
33 56
33 79
33 99
33 53
33 75
33 59
33 41
34 95
34 92
34 63
34 51
34 42
34 68
34 53
34 78
34 99
34 90
34 79
35 85
35 99
35 37
35 67
35 85
35 64
35 60
35 36
35 69
35 91
35 95
35 88
36 97
36 69
36 74
36 48
36 83
36 48
36 87
36 91
36 46
36 96
37 38
37 73
37 74
37 70
37 86
37 90
37 96
37 81
37 70
37 64
38 81
38 45
38 62
38 50
38 84
38 64
38 81
39 99
39 77
39 50
39 50
39 51
39 42
39 61
39 53
39 69
40 71
40 47
40 88
40 48
40 66
40 61
41 76
41 56
41 65
41 62
42 85
42 70
42 94
43 87
43 46
43 89
44 69
44 77
44 61
44 63
44 72
44 92
44 70
44 86
44 80
44 80
45 83
45 46
45 62
45 66
45 87
45 67
45 61
46 60
46 53
46 92
47 70
47 49
47 94
48 59
48 85
48 90
48 57
48 71
48 50
49 59
49 51
49 59
49 78
49 65
49 69
50 84
50 90
50 58
50 87
50 71
51 96
51 88
51 64
51 86
51 57
51 82
52 61
53 58
53 91
53 92
54 61
54 82
55 61
55 58
55 72
55 80
55 77
55 78
56 80
56 73
56 57
56 61
56 57
56 81
56 84
57 95
57 85
57 99
57 79
57 60
58 73
58 74
58 67
59 65
60 96
60 93
60 77
60 87
60 81
61 79
62 95
62 73
62 85
62 84
63 84
63 97
63 89
63 83
64 91
64 82
64 78
65 69
65 77
66 75
66 94
66 92
67 80
68 94
68 86
69 76
69 97
69 80
70 98
71 74
72 89
73 85
73 82
74 87
74 76
74 76
74 76
75 84
75 81
75 91
75 97
75 95
76 80
77 79
78 79
78 81
78 79
79 85
79 83
79 82
80 81
81 95
81 83
81 93
81 82
82 98
82 89
83 93
86 89
86 99
86 99
86 87
87 98
88 95
89 92
89 97
90 97
93 99
93 96
93 99
94 98
95 97
97 99
97 99
