0 70
0 35
0 91
0 54
0 94
0 24
0 76
0 19
0 75
0 31
0 29
0 5
0 71
0 7
1 89
1 36
1 65
1 43
1 7
1 97
1 63
1 5
1 11
2 76
2 92
2 68
2 74
2 29
2 83
2 39
2 3
2 27
3 82
3 31
3 27
3 37
3 22
3 46
3 13
3 26
3 46
3 41
3 70
3 74
3 53
4 86
4 39
4 62
4 74
4 10
4 95
4 84
4 22
5 90
5 45
5 20
5 69
5 27
5 82
5 78
5 88
5 8
6 26
6 63
6 81
6 97
6 39
6 29
6 94
6 63
6 92
6 59
6 83
7 77
7 37
7 11
7 38
7 15
7 97
7 77
7 71
7 11
7 26
7 73
7 16
7 57
7 69
8 58
8 97
8 42
8 75
8 99
8 52
8 47
8 58
8 44
8 20
8 67
8 64
8 68
8 10
8 20
9 17
9 37
9 72
9 43
9 67
9 64
9 24
9 51
9 86
9 57
9 26
10 33
10 93
10 18
10 87
10 87
10 15
11 82
11 94
11 76
11 95
11 28
11 74
11 39
11 53
12 48
12 49
12 65
12 86
12 18
12 94
12 40
12 53
12 90
12 97
13 90
13 72
13 64
13 64
13 74
13 95
13 28
14 89
14 83
14 47
14 99
14 26
14 41
14 86
14 64
15 28
15 86
15 42
15 20
15 66
16 28
16 21
16 59
16 81
16 89
16 77
16 37
16 82
17 76
17 22
17 39
17 87
17 65
17 61
17 83
17 58
17 99
17 57
17 97
17 63
18 85
18 96
18 76
18 96
18 60
18 42
18 41
18 52
18 24
18 40
18 19
19 58
19 91
19 36
19 49
19 57
19 31
19 52
19 93
19 35
19 51
19 29
20 89
20 88
20 48
20 84
20 54
20 75
20 94
20 86
20 85
21 44
21 23
21 43
21 91
21 85
22 78
22 51
22 24
22 91
22 38
22 68
22 88
23 43
23 39
23 47
23 42
23 72
23 68
23 96
24 76
24 95
24 82
24 84
24 53
24 92
24 95
24 72
24 78
24 59
24 81
25 78
25 70
25 74
25 38
25 62
25 74
25 68
25 36
25 95
25 30
26 68
26 50
26 70
26 66
26 54
27 95
28 47
28 96
28 72
28 55
28 73
28 73
28 92
28 37
28 31
28 65
28 76
29 76
29 46
29 79
29 31
29 42
29 89
29 84
30 90
30 98
30 63
30 55
30 81
30 74
31 48
31 64
31 56
31 70
32 56
32 39
32 55
32 41
32 92
32 85
32 54
32 46
32 63
32 73
33 87
33 79
33 45
33 79
34 38
34 51
34 59
34 58
34 87
34 64
35 76
35 96
35 57
35 99
35 94
35 50
36 88
36 99
36 55
36 92
36 64
36 98
37 42
37 40
37 96
37 63
37 72
37 67
37 66
37 47
37 62
37 45
38 53
38 65
38 97
38 72
38 78
38 70
38 97
38 87
39 92
39 90
39 76
39 64
39 65
39 67
40 77
40 50
40 93
41 71
41 88
41 94
41 86
42 57
42 72
42 83
42 63
42 87
42 67
43 75
43 61
43 67
43 53
43 47
43 82
43 50
44 63
44 91
44 99
44 81
44 99
44 97
45 48
45 72
45 91
45 86
45 94
46 51
46 74
46 96
46 49
47 66
47 53
47 84
48 81
48 58
48 51
49 99
49 58
49 73
49 54
50 82
51 66
51 62
51 59
51 96
51 65
51 62
51 71
51 86
52 73
52 75
52 81
52 79
53 88
53 63
53 65
54 67
54 78
55 78
55 93
55 92
55 81
56 95
56 85
56 86
56 87
56 94
56 82
56 78
56 89
57 80
57 91
57 80
57 65
58 76
58 73
58 87
58 75
58 63
58 88
59 88
59 99
59 60
59 99
59 92
60 62
60 90
60 87
60 61
61 94
61 75
61 97
62 82
62 69
62 98
63 90
63 98
63 75
63 66
65 86
65 78
65 90
66 72
66 82
66 72
67 85
67 93
67 95
67 78
67 80
67 82
67 90
68 97
68 88
68 72
69 87
69 71
69 78
70 89
70 78
70 85
71 91
71 82
71 84
71 99
71 98
72 76
72 84
72 76
73 89
73 83
73 76
73 90
73 83
74 75
74 86
74 90
75 82
77 87
78 85
78 96
79 96
82 93
82 96
82 87
83 91
83 99
84 97
84 85
84 90
88 89
88 89
88 91
89 96
92 96
92 93
92 98
