0 79
0 11
0 6
0 24
0 63
0 21
0 69
0 90
0 14
0 33
1 27
1 70
1 8
1 34
1 67
1 48
1 51
1 42
1 94
1 29
1 19
1 22
1 38
1 20
2 67
2 17
2 58
2 81
2 95
2 64
2 36
2 86
2 53
2 11
3 72
3 65
3 99
3 11
3 91
3 81
3 55
3 67
3 92
4 48
4 40
4 10
4 50
4 50
4 82
5 73
5 64
5 59
5 15
6 86
6 44
6 46
6 84
6 24
6 59
6 22
6 79
6 46
6 64
7 52
7 37
7 78
7 72
7 64
7 73
7 54
7 86
7 45
7 89
8 25
8 82
8 84
8 53
8 82
8 44
8 89
8 68
8 85
8 57
8 28
8 95
8 44
8 35
9 22
9 80
9 11
9 12
9 15
9 12
9 20
9 99
9 60
9 46
9 23
9 58
9 12
9 25
9 65
9 81
9 94
9 96
9 80
9 25
9 22
10 97
10 19
10 58
10 60
10 86
10 20
10 53
10 17
10 75
11 17
11 84
11 97
11 71
11 78
11 90
11 92
11 74
11 85
11 60
11 21
11 42
12 27
12 15
12 24
12 64
12 50
12 78
13 93
13 96
13 22
13 41
14 88
14 42
14 18
14 74
14 84
14 51
14 25
15 28
15 20
15 55
15 25
16 47
16 42
16 87
16 35
16 92
17 66
17 58
17 60
17 60
17 44
17 66
17 70
17 46
17 84
17 42
18 64
18 99
18 61
18 22
18 96
19 37
19 50
19 97
19 44
19 43
19 52
19 48
19 87
19 96
19 41
20 86
20 58
20 26
20 63
20 75
20 33
21 53
21 95
21 56
21 30
21 49
21 46
21 72
21 98
22 39
22 23
22 75
22 99
22 94
22 93
22 85
23 77
23 92
23 99
23 67
23 53
23 80
23 94
23 82
23 74
23 81
24 63
24 79
24 36
24 43
24 49
24 64
24 78
24 64
24 84
24 27
24 76
25 28
25 63
25 46
25 77
26 45
26 98
26 52
27 77
27 71
27 57
27 37
27 89
27 96
28 47
28 69
28 88
28 72
28 74
28 39
28 93
28 92
28 32
29 89
29 99
29 59
29 57
29 43
29 44
29 77
29 57
29 88
29 69
29 59
30 70
30 81
30 82
30 80
30 40
30 50
30 99
31 94
31 48
31 65
31 63
31 78
31 78
32 94
32 50
32 43
32 76
32 55
33 63
33 62
33 65
33 39
33 56
33 49
34 54
34 41
34 39
34 89
34 35
34 90
34 86
35 54
35 66
35 42
35 59
35 98
35 46
35 92
35 40
35 77
35 70
35 62
36 37
36 50
36 74
36 51
36 70
37 47
37 71
37 96
37 53
37 87
37 84
38 84
38 93
39 74
39 82
39 81
39 57
39 92
39 67
39 64
39 96
40 46
40 68
40 47
40 96
40 94
40 79
41 60
41 93
41 84
41 58
41 81
41 55
41 84
42 88
42 88
42 47
42 57
42 45
42 83
42 72
42 51
43 55
43 68
43 44
43 80
43 75
44 64
44 54
44 81
44 96
45 98
45 83
45 57
45 97
45 50
45 49
46 66
46 88
46 73
46 74
46 52
46 62
46 53
47 92
47 81
47 60
47 50
47 91
47 53
47 82
48 75
48 92
48 76
48 81
48 78
49 52
49 84
49 78
49 98
49 60
49 79
50 52
50 55
50 85
51 53
51 92
51 98
52 94
53 69
53 81
53 72
54 83
54 86
54 90
55 56
55 98
55 73
55 76
56 57
56 92
56 61
56 98
56 79
56 95
57 96
57 80
57 85
58 65
59 86
59 93
59 72
60 84
60 67
60 98
60 69
60 93
60 61
60 78
60 86
61 76
61 73
61 94
62 80
62 89
62 83
62 71
63 79
63 75
63 87
63 71
63 68
63 81
64 95
64 66
64 73
64 91
65 81
65 79
65 73
66 73
66 85
66 80
67 78
67 86
68 94
68 92
69 79
69 84
69 73
69 81
70 74
70 72
70 88
71 74
71 97
71 72
71 84
71 95
71 97
72 80
73 96
73 79
73 77
73 92
74 88
74 87
74 98
75 94
75 94
75 88
76 88
76 80
76 77
77 81
77 96
77 93
78 98
78 85
78 82
79 89
80 86
80 85
80 89
81 90
82 90
82 85
83 97
83 87
84 99
84 96
86 88
86 96
86 91
87 98
87 88
87 92
88 90
88 90
88 99
89 90
90 99
90 96
