0 51
0 17
0 5
0 18
0 24
0 17
0 10
0 34
0 8
0 88
0 26
0 69
1 70
1 84
1 63
1 24
1 61
1 26
1 95
1 55
1 12
1 69
2 79
2 18
2 10
2 63
2 10
2 29
2 51
2 44
2 41
3 65
3 48
3 31
3 35
3 7
3 22
3 79
3 25
4 36
4 60
4 70
4 97
4 14
4 97
4 64
5 95
5 16
5 49
5 70
5 10
5 7
5 85
5 23
6 39
6 35
6 32
6 32
6 39
6 78
7 16
7 64
7 36
7 39
7 13
7 54
7 12
7 96
7 79
7 37
8 51
8 98
8 25
8 88
8 24
8 72
8 14
8 49
8 86
8 89
9 87
9 88
9 94
9 17
9 23
10 26
10 94
10 28
10 89
10 41
10 75
10 83
10 30
10 43
10 34
10 63
10 39
10 33
10 47
10 12
11 34
11 16
11 54
11 80
11 41
11 18
11 28
11 74
11 31
11 77
11 92
11 84
11 59
11 61
11 66
11 82
12 32
12 54
12 50
12 53
12 49
12 19
12 16
12 91
12 23
12 22
12 88
13 78
13 92
13 89
13 82
13 88
13 72
13 30
14 33
14 58
14 72
14 15
14 72
14 65
15 85
15 27
15 35
15 37
15 18
16 96
16 88
16 42
16 75
16 31
16 78
16 57
16 78
16 20
16 50
16 89
16 74
16 84
17 77
17 88
17 53
17 96
17 47
17 97
17 71
17 23
17 99
17 32
17 77
18 91
18 49
18 59
18 21
18 84
18 70
19 48
19 49
19 46
19 66
19 66
19 34
20 38
20 65
20 88
20 22
21 99
21 84
21 76
21 86
21 76
21 64
21 52
21 41
21 60
22 40
22 58
22 57
22 97
22 81
23 66
23 53
23 45
23 88
23 35
23 29
23 58
23 97
23 82
23 97
23 31
24 28
24 76
24 86
24 50
24 29
24 61
24 88
24 69
24 39
24 52
25 67
25 64
25 48
25 58
26 69
26 85
26 45
26 33
26 87
26 72
26 95
26 79
26 96
27 94
27 82
27 91
27 96
27 52
27 59
27 39
27 64
27 36
27 71
28 75
28 31
28 93
28 77
28 99
28 98
29 53
29 57
29 94
29 78
29 95
29 90
29 40
29 93
29 41
30 63
30 36
30 40
30 83
30 53
30 38
30 38
30 43
30 73
30 44
31 47
31 57
31 66
31 70
31 75
31 99
31 80
32 60
32 75
32 99
32 84
32 58
32 58
32 45
32 59
33 89
33 40
33 59
33 98
33 46
33 64
34 48
34 89
34 40
34 46
34 85
35 47
35 60
35 60
35 38
35 36
35 98
35 52
35 64
36 95
36 98
36 50
36 60
36 71
36 82
36 69
36 51
37 44
37 78
37 89
37 76
37 70
38 61
38 65
38 92
38 89
38 97
38 40
38 66
38 86
38 56
38 89
38 63
39 83
39 52
40 43
40 53
40 70
40 59
40 85
40 69
40 61
41 54
41 57
41 74
41 49
41 67
41 69
41 69
42 79
42 64
42 98
43 90
43 89
43 49
43 59
43 55
44 66
44 64
44 57
44 78
45 65
45 76
45 53
45 61
46 92
46 90
47 49
47 58
47 48
47 62
47 79
47 49
47 62
48 54
48 72
48 68
48 83
48 62
49 73
49 93
49 58
49 81
49 67
49 71
50 85
50 59
50 64
50 58
50 78
50 98
50 65
50 52
51 53
51 82
51 52
52 67
52 71
52 77
52 64
52 79
53 67
53 62
53 92
53 66
53 93
53 87
54 91
54 94
55 73
55 72
55 94
55 86
56 60
56 66
56 76
56 97
56 67
57 64
57 64
57 90
57 91
57 90
57 64
57 68
57 74
58 74
58 65
59 91
59 61
59 76
59 92
59 75
59 90
59 69
59 94
60 98
60 69
60 69
61 75
62 92
62 96
62 72
62 85
62 77
63 67
63 85
63 67
64 84
65 92
65 99
65 92
66 95
66 89
67 92
68 95
68 73
68 89
68 94
69 91
70 76
70 82
70 79
70 94
70 86
71 81
71 83
72 89
72 95
73 87
73 91
73 74
73 79
74 75
74 98
75 97
75 80
76 98
76 93
76 79
77 97
78 87
78 84
78 85
78 90
78 95
78 82
79 96
80 95
80 88
80 98
80 94
81 93
81 94
81 89
82 94
83 86
83 97
84 89
85 97
86 87
87 93
88 93
90 91
90 94
91 94
92 96
