0 42
0 7
0 89
0 65
0 17
0 11
0 88
0 85
0 86
0 35
0 86
0 91
0 53
0 24
1 16
1 67
1 10
1 42
1 59
1 27
1 82
1 74
1 58
2 15
2 85
2 81
2 84
2 94
2 54
2 19
2 11
2 97
2 94
2 52
2 17
2 65
2 46
2 74
3 4
3 38
3 73
3 34
3 56
3 68
3 18
3 71
3 55
3 64
3 65
3 39
4 87
4 43
4 54
4 80
4 44
4 62
4 6
4 5
4 40
5 51
5 45
5 12
5 74
5 69
5 21
5 55
5 22
5 58
5 13
5 42
5 74
6 76
6 45
6 79
6 75
7 27
7 91
7 12
7 38
7 56
7 51
7 96
8 95
8 60
8 84
8 55
8 45
8 54
8 33
8 26
8 19
9 94
9 93
9 68
9 93
9 94
9 92
10 34
10 52
10 83
10 11
10 22
10 15
10 81
11 56
11 75
11 34
11 59
11 18
11 47
11 16
11 66
11 85
11 45
12 98
12 76
12 27
12 63
12 65
12 49
12 72
12 50
12 74
12 36
12 59
12 46
12 89
12 14
13 32
13 55
13 87
13 54
13 37
13 29
13 63
14 41
14 73
14 17
14 49
14 15
14 61
14 19
15 53
15 17
15 74
16 93
16 51
16 86
16 67
16 82
16 49
16 78
16 60
17 30
17 99
17 81
17 55
17 54
17 73
17 47
17 42
17 54
17 38
18 50
18 40
18 45
18 32
18 42
18 31
18 55
18 69
18 32
19 92
19 70
19 42
19 79
19 98
19 98
19 93
19 57
19 98
20 79
20 87
20 47
20 64
20 50
20 69
20 90
20 46
20 99
21 88
21 42
21 71
21 49
21 82
21 82
21 91
21 95
21 69
21 86
21 65
21 86
21 92
21 23
21 89
21 35
21 88
22 55
22 36
22 62
22 50
22 52
22 62
22 81
23 85
23 51
23 56
23 68
23 65
23 33
23 65
24 84
24 47
24 73
24 72
24 82
24 94
25 97
25 67
25 93
25 34
25 73
25 77
25 70
25 87
25 30
25 28
25 95
25 60
25 65
25 79
25 54
26 53
26 27
26 39
27 91
27 58
27 55
27 28
27 33
27 80
27 87
27 83
27 84
27 36
28 91
28 31
28 68
28 29
28 39
28 44
28 70
29 46
29 93
29 50
29 87
29 67
29 95
29 58
29 89
30 67
30 49
30 93
30 59
30 58
30 73
31 44
31 89
31 62
31 55
32 41
32 53
32 61
32 38
32 66
32 54
32 43
33 35
33 84
33 83
33 46
33 36
34 83
34 92
34 56
34 62
34 92
34 61
35 59
35 47
35 57
35 65
35 64
35 69
35 99
35 77
35 82
36 42
36 97
36 83
36 75
37 99
37 60
37 49
37 56
37 85
37 50
38 91
38 78
38 49
38 95
38 66
38 60
38 58
39 92
39 83
39 90
39 44
40 55
40 62
40 74
40 90
40 87
40 52
41 58
41 85
41 77
41 53
41 76
42 65
42 84
42 95
42 50
42 81
43 82
43 89
43 55
44 91
44 65
44 97
44 85
44 46
44 72
45 93
45 66
45 94
45 65
45 54
46 73
46 78
46 52
47 78
47 94
47 78
47 53
48 86
48 65
48 79
48 66
48 49
48 95
49 80
49 87
49 70
49 50
49 85
49 51
50 85
50 74
50 97
50 53
50 77
50 63
50 63
51 89
51 60
51 68
52 89
52 81
52 55
52 70
52 92
53 68
53 94
53 84
53 62
53 83
54 75
54 71
54 72
55 80
55 69
55 64
55 86
56 82
56 57
56 74
56 99
56 86
56 71
57 75
58 67
58 68
58 98
58 74
58 66
59 94
59 94
59 73
59 97
59 87
60 62
60 63
60 98
61 62
61 93
61 77
61 79
62 74
62 77
62 96
63 72
63 65
63 70
63 80
63 86
63 67
64 68
64 86
64 78
64 75
64 73
64 91
65 81
65 70
65 93
65 94
66 83
66 99
67 79
67 87
68 92
68 89
68 89
68 87
68 81
68 84
69 79
69 86
70 73
70 75
71 77
71 87
71 95
72 79
73 83
73 87
73 88
73 83
73 88
74 97
74 95
74 92
75 90
76 77
76 86
76 90
76 84
77 86
77 80
78 97
78 80
78 90
79 96
80 92
80 95
80 91
80 97
81 96
81 98
82 85
84 86
85 87
85 88
87 99
87 96
90 98
94 96
95 98
97 99
