0 48
0 69
0 58
0 14
0 2
0 97
0 9
0 6
0 50
0 45
0 41
1 61
1 89
1 86
1 5
1 14
1 70
1 25
1 25
1 6
1 38
1 98
1 57
1 96
2 9
2 60
2 17
2 42
2 82
2 88
2 82
3 48
3 43
3 69
3 72
3 79
3 88
3 69
3 5
3 14
3 40
3 99
4 17
4 6
4 48
4 20
4 91
4 13
4 99
4 96
4 49
4 22
4 36
4 22
4 7
4 50
4 59
5 62
5 86
5 88
5 42
5 44
6 55
6 30
6 38
6 22
6 54
6 19
6 98
6 51
6 77
6 25
6 94
7 36
7 15
7 28
7 61
7 14
7 11
7 65
7 76
8 80
8 66
8 92
8 84
8 15
8 11
8 25
8 77
8 26
8 59
8 50
8 55
8 95
8 69
9 32
9 66
9 23
9 35
9 82
9 60
10 27
10 12
10 56
10 29
10 53
10 44
11 85
11 40
11 19
11 17
11 49
11 57
11 94
11 84
11 41
11 88
11 61
11 52
12 98
12 31
12 75
12 43
12 66
12 85
12 25
12 32
12 37
12 23
12 29
13 55
13 37
13 64
13 98
13 37
13 84
14 77
14 50
14 51
14 71
14 76
14 20
14 88
14 41
14 90
15 81
15 73
15 42
15 40
15 16
15 42
16 34
16 45
16 64
16 34
16 75
16 88
16 83
16 37
17 50
17 56
17 53
17 97
17 52
17 27
17 95
17 96
17 99
17 97
18 41
18 64
18 40
18 46
18 37
18 54
18 21
18 90
18 63
18 42
19 74
19 74
19 27
19 81
19 85
19 91
19 46
20 73
20 91
20 22
20 93
20 82
20 81
20 86
20 94
20 45
21 66
21 40
21 99
21 92
21 52
21 61
21 23
21 55
21 63
21 80
21 56
21 26
22 88
22 72
22 80
22 26
22 88
22 28
22 82
23 43
23 54
23 80
23 38
23 43
23 96
23 67
23 34
23 57
23 92
24 32
24 79
24 87
24 46
24 50
24 43
24 43
25 69
25 49
25 81
25 86
25 27
25 78
25 51
25 88
25 54
26 82
26 74
26 72
26 45
26 91
26 61
26 67
27 55
27 69
27 52
27 33
27 84
27 70
28 88
28 48
28 48
28 47
29 57
29 77
29 93
29 51
29 49
29 45
29 56
29 51
29 90
29 82
30 47
30 72
30 77
30 55
30 61
30 32
30 92
30 65
31 91
31 34
31 49
31 91
31 64
31 57
31 55
31 76
31 41
31 44
31 97
31 51
31 75
31 99
32 54
32 92
32 94
32 83
33 76
33 57
33 99
33 74
33 94
33 93
33 82
33 50
34 62
34 83
34 38
34 77
34 35
35 93
35 63
35 69
35 40
35 69
35 52
35 64
35 62
35 59
36 94
36 58
36 68
36 69
36 60
36 61
37 87
37 87
37 46
37 66
37 60
37 74
38 71
38 67
38 91
38 50
38 95
38 52
38 81
38 53
39 67
39 88
39 88
39 95
39 78
39 61
40 66
40 93
41 75
42 55
42 69
42 76
43 53
43 77
43 88
43 88
43 79
43 45
44 83
44 81
44 99
44 45
44 68
44 52
44 83
44 99
45 91
45 51
45 51
46 57
46 82
46 83
46 58
46 93
46 94
46 54
46 70
47 58
47 62
48 50
48 74
48 81
48 97
48 77
48 92
49 84
49 71
50 66
50 79
50 78
50 59
51 97
51 94
51 99
51 52
51 96
51 86
51 56
52 88
52 96
52 77
53 87
53 79
53 97
53 87
53 57
53 64
54 74
54 65
54 92
54 80
54 65
54 95
55 65
55 67
55 83
55 56
55 65
55 89
55 63
55 78
55 96
56 70
56 99
57 65
58 85
58 90
59 96
59 60
59 76
59 65
59 68
59 93
59 95
60 78
61 64
61 88
62 67
62 83
62 74
62 72
63 74
63 70
64 95
65 67
65 83
65 90
66 89
66 77
66 95
66 91
68 85
68 98
68 94
68 90
68 92
68 82
69 95
69 78
69 84
70 87
70 83
70 84
70 92
70 90
70 87
71 78
71 96
71 80
71 74
71 93
71 83
72 91
73 77
74 96
74 93
74 83
75 91
75 96
75 85
75 78
76 87
77 98
77 84
79 94
79 80
79 91
80 92
80 87
80 93
80 93
80 87
81 87
82 98
82 89
84 90
85 97
85 92
87 96
87 98
89 92
89 96
91 93
93 97
94 99
