0 51
0 77
0 57
0 81
0 6
0 98
0 53
0 85
0 8
0 96
0 51
0 21
0 91
1 30
1 87
1 74
1 9
1 35
1 78
1 54
1 74
1 30
2 27
2 20
2 9
2 29
2 42
2 27
2 15
2 98
2 89
2 23
2 17
2 67
3 94
3 18
3 34
3 52
3 32
3 50
3 34
3 61
3 61
4 51
4 56
4 53
4 80
4 43
4 70
4 36
5 53
5 63
5 19
5 87
5 27
5 30
5 32
5 60
5 50
5 66
5 21
5 16
5 11
5 35
5 29
5 32
6 81
6 15
6 61
6 83
6 15
6 85
6 16
6 13
6 75
6 83
7 56
7 33
7 24
7 30
7 23
7 58
7 38
8 23
8 64
8 46
8 76
8 78
8 30
8 39
8 84
8 9
8 86
9 39
9 22
9 74
9 88
9 70
9 56
9 23
9 78
9 70
9 98
10 20
10 99
10 41
10 91
10 90
10 69
10 97
10 45
11 86
11 66
11 49
11 25
11 40
11 90
11 57
12 60
12 16
12 61
12 70
12 21
12 90
12 60
12 30
12 91
12 46
13 57
13 98
13 80
13 15
13 29
13 20
13 42
13 43
14 84
14 84
14 19
14 76
14 46
14 70
14 71
14 57
14 55
15 49
15 46
15 66
15 47
15 26
15 77
15 67
15 84
16 46
16 17
16 95
17 71
17 36
17 42
17 63
17 89
17 32
17 43
17 63
18 87
18 76
18 79
19 63
19 56
19 76
19 85
19 22
20 69
20 69
20 23
20 76
20 43
20 68
20 85
20 28
20 90
20 58
20 42
21 78
21 81
21 46
21 99
21 70
21 89
21 42
21 96
22 73
22 77
22 90
22 31
22 68
22 74
22 82
22 87
22 38
22 90
22 59
22 90
22 50
23 89
23 73
23 50
23 48
23 95
23 93
24 58
24 62
24 97
24 62
24 45
24 79
24 87
25 62
25 27
25 81
25 35
25 56
25 46
25 81
25 63
25 90
26 52
26 44
26 63
26 96
26 64
26 58
27 59
27 57
27 57
27 86
27 33
27 53
27 58
27 93
27 53
27 98
27 41
28 99
28 64
28 98
28 32
28 49
28 69
28 39
29 84
29 98
29 97
29 36
29 91
29 31
30 68
30 99
30 91
30 66
30 36
30 94
30 41
31 64
31 50
31 98
31 62
31 95
31 79
31 87
31 58
31 62
31 98
32 73
32 97
32 58
32 40
32 46
32 98
32 54
32 52
32 59
33 41
33 39
33 59
33 47
33 72
33 56
33 71
34 62
34 37
34 64
34 57
34 82
35 86
35 68
35 47
35 57
36 48
36 86
36 88
36 61
36 52
36 79
36 47
36 48
36 57
36 48
36 89
36 43
36 97
37 85
37 46
37 62
37 94
37 52
37 94
37 82
37 89
38 98
38 54
38 79
38 96
38 71
38 52
38 69
39 96
39 67
39 57
39 85
39 75
39 77
39 91
39 45
40 43
40 90
40 67
40 55
41 70
41 50
41 50
41 42
42 95
42 99
42 58
43 57
43 54
43 55
43 84
43 84
44 88
44 89
45 85
45 77
45 47
45 66
45 46
45 96
45 69
46 55
46 77
46 54
47 99
47 56
47 59
47 91
47 68
47 51
48 49
48 77
48 91
48 99
48 77
48 57
49 96
49 78
49 76
49 51
49 82
49 64
49 79
50 68
50 56
50 76
50 89
50 58
51 53
51 94
51 87
51 64
52 88
52 94
52 74
52 71
52 74
52 99
53 60
53 79
54 63
54 89
55 86
55 76
55 72
56 80
56 80
56 58
57 85
57 90
57 73
57 74
58 95
58 98
58 91
58 92
58 81
58 82
59 97
59 94
60 87
60 94
60 63
61 93
61 80
61 84
62 87
62 98
62 88
62 63
62 70
63 93
63 92
63 79
64 88
64 97
64 71
64 75
64 94
64 75
64 76
64 71
65 84
65 82
65 87
65 82
66 75
66 84
66 96
66 76
68 71
68 87
68 95
69 79
69 82
69 84
69 97
70 78
70 79
70 92
70 99
71 78
72 79
72 79
72 81
74 86
74 79
75 96
75 81
76 96
76 84
77 86
77 99
77 78
77 83
77 84
78 98
78 93
79 87
79 80
80 85
81 85
81 99
82 98
82 86
83 91
83 86
83 98
84 87
85 92
85 87
86 88
86 93
86 93
86 94
86 87
90 94
91 92
92 97
93 96
94 98
97 98
