0 2
0 39
0 43
0 94
0 87
0 48
0 75
0 3
1 69
1 55
1 45
1 64
1 46
1 61
1 70
1 83
1 36
1 2
1 31
1 5
1 92
1 37
2 89
2 59
2 28
2 85
2 94
2 39
2 37
2 62
3 14
3 12
3 15
3 14
3 99
3 19
4 45
4 63
4 21
4 72
4 21
4 8
4 53
4 46
4 46
5 52
5 60
5 70
5 57
5 46
5 48
5 57
5 35
5 94
5 36
6 23
6 51
6 61
6 55
6 81
6 67
6 54
6 41
6 28
7 12
7 59
7 91
7 63
7 17
7 58
7 53
7 51
7 34
7 10
7 97
7 22
8 56
8 34
8 69
8 93
8 72
8 95
8 39
8 47
9 73
9 78
9 40
9 16
9 34
9 47
9 50
10 79
10 65
10 28
10 91
10 57
10 57
10 24
10 57
10 82
10 11
10 77
10 99
10 94
10 49
10 91
11 98
11 80
11 91
11 87
11 40
11 36
11 88
11 84
11 65
12 98
12 77
12 62
12 90
12 33
12 98
12 84
12 61
12 66
12 24
12 13
12 25
13 87
13 50
13 51
13 62
13 55
13 30
13 27
13 63
14 55
14 45
14 94
14 99
14 45
14 61
15 54
15 72
15 78
15 70
16 47
16 65
16 80
16 79
16 60
16 35
17 21
17 94
17 35
17 66
17 62
17 73
17 62
17 42
17 69
17 46
17 89
17 44
17 95
17 46
17 43
18 23
18 81
18 66
18 53
18 58
18 20
18 62
18 74
19 99
19 78
19 57
19 25
19 69
19 56
19 86
19 27
19 46
19 83
19 71
19 84
19 90
19 98
20 46
20 90
20 85
20 29
20 28
20 56
21 60
21 95
21 43
21 51
21 72
21 59
21 70
21 46
21 62
21 66
22 63
22 82
22 72
22 35
22 69
22 79
22 40
22 84
22 98
22 32
22 34
22 74
22 25
22 31
22 69
22 62
22 44
22 35
23 39
23 74
23 94
23 33
23 34
23 34
23 71
24 71
24 53
24 40
24 87
24 43
24 42
25 62
25 94
25 64
25 98
25 26
26 85
26 70
26 75
26 43
26 84
27 47
27 42
28 84
28 75
28 98
28 91
28 44
28 66
28 99
28 84
28 50
28 46
28 69
28 49
29 65
29 85
29 78
29 68
29 74
29 47
29 37
29 31
30 54
30 82
30 77
31 38
32 65
32 57
32 48
32 36
33 66
33 86
33 90
33 94
34 62
34 43
34 84
34 46
34 84
34 90
35 56
35 87
35 75
36 72
36 73
36 77
36 39
36 37
37 38
37 99
37 64
38 92
38 65
38 80
38 81
38 42
38 95
38 95
39 90
39 96
39 95
39 88
39 86
39 82
40 64
40 43
40 44
40 81
40 92
40 78
40 64
40 89
40 89
40 61
41 70
41 50
41 56
41 76
42 79
42 50
42 48
42 49
42 89
42 83
42 75
42 67
42 49
43 85
43 51
43 85
43 60
43 67
43 99
43 88
43 49
44 87
44 79
44 98
45 59
45 79
45 49
45 92
45 87
46 59
46 87
46 85
46 54
46 92
46 80
47 95
47 94
47 48
47 98
47 88
47 83
47 95
47 51
48 92
48 73
49 93
49 80
50 64
50 74
50 82
50 85
50 54
51 78
51 69
51 73
51 71
51 63
51 67
52 75
52 80
52 88
52 55
52 62
52 68
52 85
52 58
52 89
53 73
53 60
54 79
54 63
54 66
54 99
54 82
55 94
55 86
55 91
55 96
55 63
56 87
56 86
56 68
57 77
57 95
57 84
57 99
58 62
58 96
58 62
58 74
58 92
58 65
58 69
58 64
58 60
59 78
59 99
59 92
59 71
59 99
59 94
60 69
60 83
60 62
60 82
60 69
60 81
61 80
61 68
61 63
62 91
62 78
62 91
62 98
62 95
62 76
63 73
63 95
63 87
63 81
63 99
64 68
64 86
64 92
65 85
65 97
66 79
66 85
66 94
66 87
66 87
68 72
68 71
69 90
69 80
69 86
69 76
71 83
71 99
72 75
72 84
72 91
72 77
72 91
72 82
72 94
73 98
73 96
73 93
73 92
73 95
74 98
74 88
75 96
75 87
75 93
75 85
76 93
76 79
77 95
78 90
78 92
78 83
79 93
79 81
80 85
80 84
81 86
81 94
82 86
82 96
83 91
84 94
85 86
86 89
86 94
87 98
87 96
88 93
93 99
93 96
