0 63
0 13
0 77
0 91
0 43
0 40
0 66
0 93
0 58
0 20
0 85
1 15
1 3
1 55
1 73
1 16
1 69
1 41
1 40
1 65
1 69
2 97
2 55
2 48
2 27
2 91
2 8
2 66
2 65
2 89
2 6
3 75
3 17
3 70
3 90
3 9
3 83
3 17
3 90
3 33
3 5
3 34
3 56
4 42
4 78
4 77
4 89
4 85
4 63
4 70
5 11
5 93
5 22
5 31
5 44
5 93
5 68
5 65
5 26
5 32
5 11
5 90
5 28
5 72
5 73
6 88
6 59
6 94
6 84
6 22
6 9
6 52
6 34
6 99
7 61
7 51
7 13
7 8
7 95
7 9
7 56
7 72
7 82
7 87
8 86
8 41
8 87
8 61
9 69
9 52
9 87
9 58
9 63
9 52
9 13
9 26
9 68
9 39
9 95
10 80
10 62
10 96
10 19
10 75
10 30
10 94
10 83
10 93
11 52
11 24
11 51
11 23
11 50
12 50
12 18
12 86
12 27
12 54
12 70
12 14
12 36
12 39
12 89
12 52
13 27
13 48
13 84
13 75
13 31
13 66
13 32
14 40
14 46
14 20
14 91
14 34
14 32
14 85
15 74
15 18
15 89
15 43
16 43
16 46
16 58
16 56
16 20
16 18
17 58
17 48
17 79
17 80
17 48
17 88
17 86
17 55
17 73
17 97
17 67
17 63
18 24
18 99
18 60
18 85
18 58
18 44
18 29
18 65
19 21
19 97
19 50
19 29
19 49
19 21
19 49
19 30
19 89
19 78
19 99
19 43
19 82
20 49
20 25
20 36
20 41
21 23
21 91
21 74
21 52
21 45
21 28
21 70
21 52
21 23
21 84
21 33
22 77
22 96
22 36
22 60
22 68
22 89
22 31
22 68
23 29
23 84
23 96
23 62
23 33
23 80
23 47
23 89
24 97
24 89
24 38
24 57
24 77
24 64
25 74
25 74
25 45
25 36
26 55
26 63
26 81
26 86
26 72
27 56
27 38
27 77
27 32
27 67
27 97
27 42
27 43
27 31
27 43
27 57
27 33
27 97
27 32
27 71
27 47
28 79
28 63
28 34
28 38
28 48
29 77
29 43
29 41
29 61
29 67
29 60
29 71
29 53
29 72
30 70
30 43
30 78
30 99
30 72
31 90
31 61
31 59
31 95
31 32
31 53
31 51
31 89
31 86
31 75
32 57
32 40
32 58
33 55
33 90
33 57
33 92
33 47
33 66
34 81
34 61
34 51
34 90
34 96
35 96
35 51
35 66
35 65
35 84
35 63
35 97
35 99
35 57
36 62
36 68
36 97
36 72
36 54
36 74
36 78
37 66
37 85
37 82
37 87
37 55
37 78
37 79
37 80
37 59
37 77
38 74
38 62
38 89
38 58
38 93
38 56
39 80
39 82
39 97
39 57
40 41
40 47
40 83
40 49
40 86
40 82
41 81
41 66
41 74
41 73
41 79
41 42
41 43
42 95
42 88
42 86
42 94
42 77
42 50
42 91
42 69
42 69
43 53
43 91
43 72
43 73
43 59
44 58
44 54
44 73
44 66
44 87
44 51
44 88
45 46
45 79
45 54
45 82
45 47
46 96
46 64
46 75
46 48
46 68
47 80
47 96
47 61
47 70
47 76
48 90
48 58
48 72
48 84
49 83
49 64
49 63
49 82
49 69
49 53
49 70
50 67
50 98
50 59
50 81
50 76
50 95
50 55
51 61
51 65
52 71
52 73
52 58
52 86
53 55
53 69
53 77
53 83
54 86
54 73
54 86
55 72
55 70
55 66
55 58
56 64
57 94
57 82
57 70
59 94
59 72
59 71
59 77
59 89
60 74
60 89
60 62
61 80
61 77
61 77
61 63
62 69
62 78
63 83
63 70
63 71
63 98
63 76
64 75
64 80
64 74
64 74
65 74
65 89
65 69
65 84
65 78
66 94
66 78
66 77
67 85
67 68
67 70
67 96
67 84
67 82
68 71
68 77
69 79
69 89
70 84
70 88
70 95
70 80
71 97
71 94
71 87
71 74
71 72
71 76
72 90
72 74
73 95
73 74
74 97
74 78
74 76
74 81
75 81
75 78
75 90
76 78
76 92
77 99
77 91
77 93
77 99
78 79
79 89
79 87
79 84
80 98
80 90
81 88
81 85
82 94
83 94
83 86
85 92
85 96
86 94
86 93
86 95
86 98
88 90
90 95
90 97
90 95
94 96
