0 42
0 76
0 38
0 52
0 62
0 20
0 61
0 52
0 97
0 52
1 75
1 35
1 23
1 4
1 17
1 63
1 20
1 97
2 39
2 75
2 83
2 50
2 85
2 88
2 48
2 32
2 87
2 98
2 98
3 78
3 27
3 7
3 67
3 16
3 54
3 60
3 36
3 60
4 17
4 92
4 27
4 23
4 76
4 42
4 24
4 44
5 23
5 99
5 51
5 35
5 64
6 42
6 11
6 11
6 79
6 16
6 76
6 56
6 40
6 29
6 33
6 65
6 14
7 59
7 79
7 74
7 38
8 55
8 44
8 55
8 99
8 48
8 58
8 50
8 27
8 97
8 13
8 47
9 82
9 53
9 12
9 15
9 51
9 36
9 31
9 99
10 69
10 99
10 93
10 67
10 81
10 79
10 40
11 86
11 81
11 15
11 54
11 25
11 45
11 12
11 22
12 40
12 65
12 41
12 55
12 37
12 24
12 36
12 36
12 42
12 60
12 95
12 25
12 39
13 50
13 52
13 43
13 98
13 19
13 44
13 25
13 63
14 20
14 85
14 74
14 66
14 93
14 44
14 50
14 76
14 98
15 98
15 80
15 23
15 98
15 91
15 81
15 86
16 28
16 29
16 34
16 17
16 66
16 74
16 40
16 40
16 44
16 55
16 62
17 52
17 18
17 55
17 64
17 97
17 64
18 95
18 23
18 87
18 88
18 76
18 55
18 64
18 54
18 66
19 69
19 50
19 38
19 40
19 40
19 73
19 26
19 59
20 25
20 53
20 52
20 83
20 49
20 21
20 65
20 25
20 29
20 59
20 60
20 33
21 73
21 95
21 67
21 97
21 53
21 58
21 66
21 87
22 47
22 71
22 56
22 90
23 32
23 79
23 85
23 81
23 75
23 34
23 58
23 57
24 36
24 55
24 39
24 35
24 89
24 61
24 61
24 44
24 86
24 81
25 98
25 38
25 85
25 75
25 53
25 26
25 33
25 89
26 91
26 28
26 51
26 28
27 58
27 82
27 28
27 72
27 42
27 64
27 50
27 55
27 58
27 57
28 46
28 71
28 55
28 60
28 58
28 92
29 59
29 62
29 97
29 89
29 93
29 78
29 99
29 46
30 37
30 78
30 97
30 43
30 78
30 89
30 93
31 89
31 70
31 98
31 64
31 95
31 73
31 69
31 83
31 57
31 96
31 50
31 86
32 80
32 89
32 97
32 55
32 46
33 53
33 87
33 54
33 43
33 79
33 86
33 73
34 98
34 61
34 49
34 47
34 56
35 51
35 92
35 86
35 98
35 46
35 69
35 49
35 53
35 63
36 80
36 40
36 59
36 37
36 94
36 76
36 52
36 86
36 49
36 91
36 64
37 82
37 45
37 85
37 72
37 82
37 67
37 56
37 96
38 70
38 94
38 98
38 71
38 60
38 86
38 43
38 83
38 39
39 46
39 88
39 88
39 93
39 84
39 43
39 63
39 43
39 70
40 74
40 42
40 47
40 59
40 43
41 65
41 42
41 98
42 62
42 83
42 99
42 44
42 75
43 69
43 76
43 78
43 64
43 85
44 87
44 60
44 94
44 66
44 68
44 49
44 54
45 65
45 77
45 51
45 69
45 96
45 49
46 84
46 87
46 54
46 89
46 66
46 59
46 57
47 53
47 64
47 89
47 87
47 55
47 66
47 69
47 80
47 89
47 69
48 84
48 74
48 87
49 91
49 59
49 60
49 75
49 88
49 74
50 57
50 92
50 60
50 74
50 55
51 52
51 63
51 82
51 71
51 97
51 73
51 66
52 96
52 68
52 57
52 76
52 78
52 60
53 56
54 70
54 90
54 89
55 70
55 62
55 84
56 99
57 70
57 83
57 59
57 85
58 78
58 77
58 80
58 97
58 88
59 87
59 83
60 90
60 62
61 77
61 84
61 85
61 67
61 79
62 74
63 80
63 92
64 94
64 65
64 85
65 68
65 81
65 80
66 71
66 84
66 89
66 99
67 90
67 73
67 97
67 79
68 95
68 97
68 95
68 72
68 82
68 84
69 73
69 77
70 98
70 79
70 89
70 76
70 97
71 83
72 83
72 79
72 93
72 78
72 87
72 86
73 98
73 98
73 97
73 98
73 96
74 75
74 91
75 85
75 76
75 97
78 80
78 80
79 85
81 97
81 98
82 96
85 93
86 92
86 88
86 88
87 98
87 93
88 97
89 90
89 99
89 93
91 96
91 97
93 99
94 98
