0 33
0 17
0 29
0 88
0 21
0 41
0 12
0 29
0 52
0 8
0 68
0 8
0 76
1 10
1 44
1 46
1 51
1 69
2 88
2 5
2 33
2 27
2 35
2 65
2 21
2 47
2 30
2 3
2 86
2 63
2 39
3 24
3 60
3 78
3 69
3 45
3 35
3 31
3 37
3 81
3 31
3 60
3 69
4 88
4 99
4 10
4 52
4 22
4 64
5 63
5 57
5 69
5 68
5 73
5 85
5 47
5 28
6 70
6 69
6 44
6 68
6 12
6 59
6 93
6 25
6 20
6 67
6 98
7 15
7 92
7 85
7 85
7 55
7 83
7 8
7 93
8 66
8 10
8 49
8 45
8 23
8 37
8 47
8 27
8 20
8 78
8 64
9 22
9 54
9 99
9 30
9 39
9 75
10 31
10 82
10 87
10 22
10 79
10 51
10 13
11 40
11 72
11 21
11 33
11 75
11 26
11 50
11 64
12 23
12 95
12 48
12 18
12 86
12 89
12 67
12 13
12 73
13 29
13 97
13 82
13 21
13 87
13 15
13 37
13 24
14 29
14 33
14 71
14 53
14 16
14 64
14 78
14 48
15 87
15 83
15 46
15 36
15 72
15 31
15 61
15 20
15 52
15 56
16 52
16 92
16 24
16 37
16 43
16 50
17 54
17 22
17 40
17 71
17 57
17 67
17 47
18 61
18 46
18 71
19 31
19 52
19 77
19 99
19 70
19 58
19 96
19 76
19 35
19 22
20 33
20 59
20 67
20 37
20 43
20 76
20 47
21 92
21 46
21 52
21 64
21 57
21 89
21 53
21 31
21 72
21 38
21 50
21 58
22 53
22 64
22 83
22 25
22 28
22 84
22 23
23 75
23 53
23 76
23 83
24 90
24 80
24 92
24 36
24 92
24 51
24 29
24 32
25 83
25 41
25 50
25 48
26 61
26 42
26 99
26 48
26 38
27 37
27 36
27 56
27 32
27 83
27 45
28 83
28 40
28 78
28 95
28 75
28 35
29 98
29 90
29 61
29 98
29 91
29 58
29 44
29 91
29 41
30 74
30 86
30 76
30 40
30 68
30 56
30 98
31 72
31 89
31 34
31 51
32 82
32 98
32 51
32 55
32 63
33 99
33 93
33 70
33 75
33 78
33 63
33 47
33 52
33 75
34 40
34 67
34 71
34 76
35 42
35 93
35 89
35 98
35 79
35 74
35 78
35 37
36 43
36 68
36 97
36 89
36 82
36 81
36 63
36 48
37 49
37 47
37 75
37 52
37 38
38 46
38 53
38 60
38 51
38 46
38 92
39 46
39 73
39 90
39 41
39 87
39 78
39 81
39 65
40 94
40 77
40 93
41 81
41 72
41 96
41 53
41 42
41 80
42 76
42 52
42 50
42 47
42 45
42 90
42 51
43 78
43 97
43 81
43 71
43 73
44 71
44 60
44 50
44 79
44 46
44 46
44 56
44 80
44 88
45 88
45 69
45 86
45 77
45 96
46 85
46 71
46 77
46 91
46 50
46 75
46 62
47 62
47 73
47 52
48 49
48 99
48 84
48 83
48 94
49 74
49 61
49 80
49 58
49 76
49 71
49 76
50 84
50 58
50 55
50 85
51 95
51 81
51 70
51 85
52 53
52 80
52 63
52 71
52 60
52 98
53 69
53 64
53 84
53 88
53 78
54 69
54 67
54 62
54 86
54 89
54 63
55 57
55 82
56 91
56 96
56 87
57 96
57 63
57 72
57 91
57 90
57 65
57 58
58 87
58 78
59 89
59 89
59 77
59 77
59 91
60 91
60 62
60 93
60 76
60 96
60 67
60 78
61 85
61 62
61 68
61 99
62 68
62 85
62 96
62 63
62 90
62 96
62 65
63 90
63 73
63 73
63 76
63 72
63 64
64 93
64 70
64 66
64 81
64 69
64 77
65 78
65 73
65 92
66 79
66 67
66 71
66 73
68 78
68 87
68 90
68 70
68 78
68 78
68 70
69 72
69 87
69 91
70 88
70 83
71 77
72 92
73 85
74 88
74 93
74 91
75 77
75 98
75 82
75 98
75 91
75 97
75 93
76 98
76 80
76 78
76 86
77 92
77 83
78 82
78 89
79 86
79 83
80 81
80 81
80 97
81 84
81 91
82 83
82 93
82 93
82 86
83 90
83 85
83 99
84 92
84 97
85 93
85 97
86 94
87 88
87 99
90 91
91 99
91 97
93 97
94 99
95 98
98 99
