0 52
0 27
0 70
0 64
0 52
1 50
1 4
1 89
1 26
1 55
1 18
1 64
1 24
1 58
2 48
2 22
2 40
2 43
3 22
3 84
3 9
3 99
3 39
3 47
4 87
4 6
4 62
4 36
4 45
4 59
4 36
4 26
5 70
5 43
5 24
5 89
5 49
5 68
5 24
5 74
5 14
5 22
5 53
6 86
6 9
6 97
6 19
6 60
6 27
6 27
6 73
7 34
7 98
7 20
7 74
7 22
7 20
7 78
7 74
7 18
7 87
8 97
8 59
8 78
8 72
8 31
8 81
8 46
8 75
8 47
8 82
8 55
8 52
9 33
9 54
9 64
9 46
9 82
9 40
9 64
10 86
10 61
10 96
10 71
10 63
10 97
10 23
10 14
10 18
10 12
10 55
10 56
10 93
11 71
11 47
11 72
11 47
11 40
11 47
11 28
12 13
12 48
12 32
12 68
12 75
12 40
12 32
12 71
12 91
12 59
12 73
12 41
13 26
13 19
13 85
13 87
14 35
14 18
15 65
15 68
15 87
15 31
15 68
15 88
16 80
16 95
16 52
16 36
16 40
16 35
16 84
16 92
16 49
16 18
16 60
16 69
16 54
16 70
17 46
17 73
17 94
17 35
17 56
17 74
17 37
17 75
17 79
17 78
17 60
17 49
17 20
17 93
18 41
18 50
18 58
18 76
18 92
19 20
19 89
19 51
19 37
19 78
19 22
19 59
19 30
20 83
20 74
20 72
20 72
20 73
21 26
21 43
21 87
21 64
21 31
21 59
22 86
22 52
22 37
22 80
22 54
22 67
22 58
22 47
23 80
23 48
23 95
23 85
23 55
23 39
23 58
23 50
23 57
23 44
23 72
24 55
24 38
24 78
24 93
24 40
24 91
24 26
24 61
24 63
25 48
25 53
25 79
25 63
25 52
25 92
25 73
25 28
25 55
26 82
26 63
26 46
26 74
26 31
27 77
27 29
27 58
27 37
27 63
27 51
27 74
27 50
27 61
27 66
27 97
27 48
28 61
28 56
28 86
28 97
28 76
28 81
28 48
28 42
28 62
28 66
28 99
29 93
29 77
29 33
29 34
29 64
29 91
29 78
29 63
29 97
29 60
30 50
30 58
30 59
30 96
30 82
31 57
31 97
31 69
32 67
32 78
32 81
32 78
33 52
33 57
33 91
33 37
33 64
33 97
33 91
33 81
33 76
34 76
34 37
34 93
34 42
34 54
34 54
35 48
35 57
35 85
35 75
36 67
36 88
36 60
36 44
37 67
37 49
37 67
37 62
37 91
37 70
38 48
38 67
38 96
38 99
38 61
38 93
39 92
39 85
39 40
39 86
39 63
39 68
39 91
39 86
39 90
39 45
39 50
40 61
40 68
40 43
40 52
40 83
40 50
40 59
40 78
40 46
41 81
41 64
41 75
41 76
41 50
42 94
42 86
42 85
42 92
43 86
43 44
43 64
43 66
43 95
43 80
43 67
44 63
44 72
44 59
44 98
44 89
44 46
45 61
45 48
45 90
45 82
45 75
45 82
45 94
45 77
45 94
45 88
46 51
46 96
46 89
46 82
46 61
46 86
46 67
46 90
46 96
46 82
47 76
47 79
47 91
47 69
47 51
47 91
47 89
47 52
47 79
48 58
48 95
48 84
49 90
49 60
49 74
49 55
49 84
49 52
49 78
50 57
50 86
50 85
50 58
50 60
51 96
51 77
51 98
51 53
51 66
51 75
51 71
51 82
52 74
52 91
52 98
52 99
52 91
52 70
52 61
52 68
52 56
52 77
52 57
53 93
53 90
53 99
54 99
54 62
54 63
55 70
55 77
55 82
55 95
55 66
55 96
56 69
56 67
56 77
56 92
56 80
56 64
56 75
57 76
57 74
57 76
58 78
58 74
58 78
58 69
58 71
58 97
58 95
59 96
59 66
59 65
59 86
60 92
60 76
60 95
61 80
63 84
63 82
63 87
63 72
64 71
64 70
64 88
65 93
65 84
65 80
66 87
66 90
66 69
67 77
67 79
67 81
67 74
68 78
70 81
70 85
70 79
70 88
71 74
72 94
72 76
72 79
73 92
73 83
73 90
74 86
74 92
74 90
76 88
76 99
77 81
77 91
77 88
77 97
78 88
78 95
78 94
79 85
80 99
80 88
81 85
82 93
82 86
83 84
84 86
84 93
85 86
86 93
86 97
89 95
90 91
91 93
91 96
92 97
92 95
96 97
