0 79
0 10
0 78
0 34
0 18
0 91
0 5
0 78
0 1
0 1
0 96
0 30
0 53
0 74
0 1
0 49
1 85
1 86
1 89
1 25
1 17
1 47
1 75
1 88
1 64
1 17
1 77
1 51
1 32
2 26
2 25
2 39
2 45
2 62
2 21
2 93
2 80
2 92
2 94
2 28
2 11
2 39
3 77
3 86
3 70
3 21
3 29
3 80
3 19
3 12
4 80
4 49
4 64
4 35
4 38
4 50
4 93
4 69
4 88
4 36
4 7
4 39
4 59
4 32
4 46
5 65
5 8
5 98
5 86
5 10
5 27
5 83
5 47
5 73
5 77
5 67
5 49
5 66
5 83
6 98
6 26
6 36
6 59
6 18
6 22
6 49
6 29
6 37
7 37
7 56
7 25
7 54
7 22
7 92
7 8
7 69
7 40
7 40
8 91
8 73
8 20
8 11
8 31
8 35
8 98
9 13
9 16
9 41
9 20
9 43
9 51
9 54
9 85
9 10
10 57
10 86
10 92
10 43
10 71
11 75
11 86
11 35
11 77
11 94
11 21
11 49
11 19
11 91
12 82
12 90
12 27
12 64
12 69
12 68
12 32
12 53
13 86
13 16
13 16
13 38
13 62
13 14
13 88
13 25
13 84
13 39
14 63
14 76
14 82
14 86
14 60
14 58
14 89
15 18
15 79
15 78
15 71
15 89
15 81
15 99
16 85
16 94
16 83
16 70
16 51
16 19
17 40
17 75
17 76
17 52
17 98
17 62
17 23
17 58
17 82
17 62
17 77
18 51
18 60
18 28
18 88
18 43
18 19
18 93
19 83
19 59
19 34
19 33
19 31
19 26
19 86
19 69
19 76
19 81
19 95
19 73
19 48
20 51
20 36
20 27
20 61
20 64
20 43
20 38
21 55
21 85
21 44
21 59
21 55
21 24
21 64
21 46
21 67
21 81
21 27
22 43
22 90
22 88
22 87
22 89
22 41
22 55
22 63
22 32
22 74
22 29
23 42
23 86
23 43
23 83
23 70
23 28
23 92
24 99
24 98
24 33
24 73
24 41
24 63
24 79
24 45
24 66
24 58
24 83
25 72
25 61
25 53
25 77
25 60
25 61
26 45
26 41
26 36
26 57
26 32
26 79
26 57
26 27
26 47
26 65
26 93
26 89
26 84
27 82
27 64
27 56
28 87
28 41
28 70
28 76
28 85
28 33
28 60
28 30
29 79
29 43
29 81
29 77
29 71
29 50
29 86
30 52
30 32
30 88
30 77
30 87
30 45
30 33
31 62
31 71
31 81
32 48
32 83
32 93
32 40
32 99
32 66
32 69
32 69
32 45
32 79
32 35
32 77
33 84
34 99
34 97
34 89
35 62
35 42
35 68
35 57
35 92
35 50
35 70
36 88
36 43
36 94
36 63
37 82
37 52
37 38
37 68
37 74
37 90
38 67
38 50
38 82
38 90
38 53
39 89
39 94
39 97
39 87
40 66
40 65
40 90
40 91
40 68
41 50
41 89
41 77
41 76
41 75
42 60
42 73
42 82
42 46
42 93
42 72
42 67
42 44
43 69
43 63
43 91
43 46
43 98
43 96
44 74
44 70
44 90
44 76
44 84
44 53
44 89
44 93
44 80
45 47
45 75
45 69
46 67
46 54
46 51
46 93
46 80
46 76
46 81
46 69
46 76
47 68
47 52
47 66
47 95
47 91
47 57
47 86
47 66
47 79
47 73
48 74
48 63
48 83
48 90
48 89
48 74
48 83
48 60
48 90
49 60
49 86
49 91
50 53
50 55
50 57
51 69
51 97
51 70
51 97
51 91
51 62
51 73
52 58
52 57
53 98
53 72
53 87
53 79
53 54
54 60
54 64
54 87
55 77
55 70
55 92
56 66
56 96
56 61
56 84
56 89
56 92
57 95
57 65
58 81
58 75
58 88
59 87
59 67
59 74
59 81
60 90
60 78
60 98
60 71
61 86
61 95
62 69
62 69
62 78
63 76
64 86
65 70
66 89
66 88
66 74
66 82
66 78
66 70
67 76
67 92
67 91
68 99
68 99
68 72
68 98
69 84
69 71
69 78
69 73
70 92
71 95
71 95
72 80
72 92
72 94
73 84
73 76
74 96
74 87
74 77
75 86
76 85
76 97
77 87
78 96
78 82
80 83
80 89
81 94
82 86
83 98
83 90
84 91
85 86
86 94
86 87
87 90
88 92
89 91
90 95
90 93
95 99
