0 39
0 12
0 90
0 90
0 72
0 70
0 11
0 17
0 69
0 6
0 48
0 98
1 97
1 16
1 22
1 54
1 50
1 74
1 66
1 46
1 66
1 68
2 18
2 49
2 68
2 11
2 61
2 96
2 84
2 64
2 46
2 35
2 91
2 84
2 42
2 34
3 56
3 95
3 69
3 46
3 31
3 26
3 58
3 43
3 64
3 82
3 52
3 46
3 50
3 27
3 32
3 35
4 83
4 40
4 75
4 89
4 54
4 55
4 40
4 73
4 19
4 78
4 17
4 54
4 92
4 21
5 7
5 28
5 51
5 73
5 26
5 87
6 98
6 94
6 35
6 87
6 39
6 21
6 32
7 83
7 39
7 59
7 87
7 84
7 21
7 12
8 42
8 75
8 24
8 82
8 82
8 83
8 24
8 85
8 36
8 48
8 37
9 81
9 60
9 60
9 90
9 46
9 30
9 60
9 88
9 40
9 54
9 17
9 86
10 76
10 17
10 15
10 73
10 57
11 27
11 87
11 43
11 18
11 31
11 27
11 56
11 87
11 22
12 68
12 80
12 34
12 41
12 50
12 27
13 74
13 49
13 61
13 74
13 34
14 48
14 42
14 18
14 54
15 28
15 60
15 42
15 91
15 83
15 59
15 24
15 18
15 75
15 65
15 38
15 18
15 96
16 69
16 37
16 24
16 40
16 50
16 70
17 53
17 21
17 19
17 39
17 40
17 84
17 91
17 51
17 77
17 26
18 92
18 48
18 43
18 81
18 88
18 90
18 32
18 63
19 83
19 40
19 88
19 93
19 70
19 50
19 73
19 57
19 67
19 94
19 64
19 44
19 42
20 58
20 49
20 49
20 75
20 54
20 97
20 78
20 43
21 50
21 46
21 22
21 46
21 71
21 92
21 26
21 92
21 54
21 97
21 73
21 57
21 60
22 38
22 44
22 82
22 74
22 50
22 55
22 90
22 43
22 28
23 38
23 60
23 56
23 27
23 58
23 72
23 84
23 91
24 55
24 56
24 67
24 76
24 89
24 95
24 71
25 57
25 39
25 83
25 63
26 50
26 47
26 55
26 44
26 27
26 27
26 59
26 81
26 64
26 38
26 53
26 55
26 77
27 43
27 61
27 83
27 30
27 71
28 53
28 60
28 35
28 59
28 92
28 65
29 79
29 30
29 48
29 51
29 74
29 77
29 67
30 82
30 52
30 64
30 87
30 60
30 43
30 83
30 92
30 84
31 68
31 65
31 88
31 54
31 82
31 38
32 40
32 38
32 96
32 66
32 55
32 89
32 99
32 56
32 94
32 83
33 83
33 56
33 53
33 92
33 79
33 92
33 93
33 38
33 67
34 39
34 72
34 37
34 86
34 41
34 60
35 39
35 73
35 58
35 96
35 70
35 46
35 46
36 48
36 48
36 74
36 99
36 59
36 46
36 46
36 69
36 64
36 50
37 60
37 59
37 52
38 52
38 83
38 66
38 94
39 43
39 85
39 93
39 82
39 95
39 43
39 60
40 87
40 91
40 43
40 75
40 50
40 86
41 77
41 95
41 89
41 73
41 43
42 65
42 84
42 74
42 68
42 80
42 79
42 72
42 51
43 78
43 82
43 85
43 90
44 93
44 89
44 80
44 49
44 82
45 81
45 97
45 86
46 87
46 53
46 50
46 61
47 95
47 48
47 56
47 94
47 90
47 60
47 72
47 78
47 71
48 82
48 49
48 58
48 75
49 68
49 52
49 67
49 62
49 80
49 85
50 99
50 58
50 98
50 98
50 72
51 72
51 58
51 96
51 62
52 68
52 95
52 71
52 91
52 91
52 57
52 64
53 91
53 98
53 75
53 94
53 79
54 92
54 55
55 59
55 69
55 81
55 80
55 87
55 74
56 69
57 71
57 77
58 97
58 95
58 82
58 99
59 85
59 99
59 92
60 65
60 79
61 97
62 98
62 99
62 65
63 65
63 75
63 84
63 84
63 89
64 90
64 91
64 92
64 74
64 69
65 89
65 96
66 87
66 69
66 97
66 86
66 73
66 82
67 75
67 74
67 93
67 99
67 71
68 87
68 80
68 70
68 80
68 84
68 82
69 81
69 83
70 92
70 72
71 98
71 83
72 74
72 90
73 95
74 78
76 86
76 86
76 77
77 80
77 81
78 97
78 87
78 92
79 82
80 87
80 81
82 99
82 86
83 97
83 99
86 87
87 90
87 89
87 92
88 89
90 91
92 97
94 96
