0 51
0 21
0 36
1 52
1 55
1 23
2 15
2 27
2 47
2 93
2 44
2 31
2 78
3 25
3 57
3 80
3 5
3 78
3 34
3 67
3 13
3 68
3 73
3 9
3 24
3 71
3 94
3 15
4 92
4 60
4 56
4 92
4 28
4 20
4 64
4 79
4 47
4 34
5 75
5 78
5 94
5 39
5 31
5 18
5 46
5 22
5 37
5 29
5 38
5 48
5 92
5 6
6 16
6 78
6 13
6 84
6 56
6 88
6 34
6 44
6 58
6 57
6 72
6 26
7 9
7 23
7 99
7 86
7 77
7 15
7 78
7 76
7 66
8 10
8 61
8 14
8 59
8 84
8 63
8 56
8 88
9 20
9 88
9 23
9 74
10 18
10 99
10 93
10 94
10 56
10 64
10 58
10 53
10 41
10 65
10 62
10 88
11 49
11 35
11 68
11 39
11 55
11 93
11 77
11 31
11 96
11 57
11 28
12 70
12 93
12 94
12 57
12 63
12 92
12 20
12 44
13 59
13 94
13 68
13 95
13 47
13 95
13 34
13 42
13 74
13 83
13 62
13 66
14 25
14 58
14 85
14 59
14 71
14 52
14 65
14 61
15 20
15 45
15 39
15 67
15 40
15 82
16 56
16 43
16 67
16 26
16 99
16 84
16 94
16 30
16 59
16 93
16 45
17 27
17 99
17 21
17 24
17 68
17 69
17 53
17 30
17 71
17 86
17 31
17 26
17 73
17 30
17 99
17 22
18 92
18 57
18 99
18 48
18 80
18 59
18 57
18 32
18 55
19 82
19 95
19 83
19 67
19 59
19 96
19 40
19 44
19 79
20 45
20 88
20 28
20 92
20 33
21 72
21 70
21 72
21 35
21 42
21 68
21 89
21 87
22 75
22 34
22 31
22 84
22 32
23 88
23 26
23 67
23 84
23 39
23 85
23 97
23 74
23 44
23 93
24 99
24 89
24 72
24 35
24 66
25 61
25 54
25 73
25 51
25 38
25 29
25 53
25 51
25 66
26 38
26 60
26 46
26 57
26 66
26 33
26 38
26 94
26 49
27 35
27 89
27 55
27 82
27 61
27 37
27 75
27 53
28 65
28 72
28 40
28 93
29 55
29 66
29 58
29 41
29 44
29 86
29 60
29 37
29 59
29 60
29 42
30 67
30 81
30 56
30 54
30 48
30 31
30 51
30 77
31 62
31 84
31 88
31 84
31 56
31 35
31 96
31 82
31 32
31 72
31 60
31 83
32 36
32 47
32 53
32 61
32 97
33 89
33 47
33 76
33 90
34 77
34 68
34 97
34 60
34 56
34 63
35 39
35 85
35 84
35 60
35 48
35 43
36 98
36 75
36 85
36 76
36 66
36 60
37 79
37 97
37 73
37 53
37 78
38 62
38 81
38 61
38 51
38 83
39 78
39 63
39 64
39 66
39 72
40 89
40 87
40 66
41 96
41 89
41 48
41 57
41 76
41 82
41 90
41 84
42 66
42 59
42 55
42 64
43 92
43 44
43 97
43 90
43 47
43 84
43 91
43 68
43 73
43 54
43 60
43 58
43 53
44 97
44 95
44 94
44 76
45 67
45 77
45 49
46 47
46 75
46 55
46 66
46 99
46 81
46 82
46 55
46 92
46 51
47 86
47 69
47 65
48 83
48 92
48 64
48 53
48 56
48 56
48 49
48 50
48 77
48 75
49 95
49 98
49 63
49 84
50 92
50 69
51 92
51 58
51 98
51 63
51 76
51 60
52 97
52 87
52 69
53 78
54 98
54 83
54 55
54 94
55 95
56 76
56 84
56 75
56 79
57 75
57 67
58 78
58 74
58 76
59 78
59 78
59 80
59 99
59 63
59 78
59 94
59 92
59 75
60 95
60 83
60 61
60 83
62 66
62 66
63 92
63 78
63 94
63 85
63 76
64 95
64 77
64 88
64 85
64 94
65 75
65 80
65 89
66 98
66 74
66 78
67 85
67 70
67 81
67 91
67 93
68 78
68 99
68 75
69 89
69 78
69 83
69 82
70 86
70 83
70 75
70 74
71 95
71 75
72 76
72 75
72 82
73 97
73 90
73 86
74 89
74 81
75 84
75 86
77 88
79 86
79 80
80 93
81 86
81 86
82 84
82 99
82 97
82 83
82 87
83 92
83 91
83 89
84 86
84 98
85 94
85 98
85 88
86 93
87 96
87 99
88 99
88 92
89 91
91 93
91 95
91 94
93 97
93 98
