0 41
0 25
0 89
0 50
0 26
0 56
0 22
0 15
0 8
1 98
1 64
1 24
1 59
1 32
1 37
1 67
2 74
2 16
2 99
2 45
2 70
2 55
2 45
2 45
2 93
2 4
2 30
2 62
2 13
2 21
2 56
2 96
2 51
3 45
3 62
3 19
3 54
3 9
3 89
3 7
3 18
4 81
4 94
4 51
4 25
4 13
4 61
4 88
4 73
4 30
4 45
5 47
5 73
5 87
5 78
5 75
5 17
5 12
5 32
5 87
5 45
5 21
5 18
5 53
5 74
5 31
6 55
6 56
6 45
6 45
7 94
7 23
7 73
7 98
7 82
7 65
7 84
7 67
7 52
7 74
7 19
7 94
7 37
7 77
8 94
8 61
8 73
8 69
8 97
8 65
9 92
9 63
9 44
9 78
10 33
10 62
10 33
10 19
10 69
10 29
11 55
11 35
11 23
11 53
11 50
11 34
11 45
11 86
11 97
12 86
12 53
12 49
12 58
12 99
12 84
13 85
13 70
13 14
13 22
13 37
13 92
14 18
14 57
14 31
14 48
14 60
14 32
15 79
15 67
15 50
15 42
15 47
15 93
15 41
15 48
15 96
15 33
15 45
15 96
16 21
16 84
16 75
16 51
16 81
16 70
16 56
16 19
16 53
17 52
17 19
17 66
17 37
17 89
17 65
17 85
18 83
18 24
18 23
18 66
18 53
18 40
18 49
18 43
18 95
19 33
19 50
19 23
19 34
19 80
19 42
19 44
19 50
19 20
19 31
20 71
20 23
20 23
20 60
20 47
20 63
20 26
20 74
21 90
21 57
21 57
21 76
21 80
21 99
21 30
22 33
22 26
22 23
22 56
22 27
22 77
23 63
23 85
23 99
23 40
23 26
23 48
23 97
23 25
24 72
24 31
24 35
24 65
24 86
24 97
24 83
25 81
25 46
25 95
25 33
25 83
25 81
25 39
25 72
25 66
25 52
25 63
25 91
25 45
26 58
26 33
26 85
26 55
26 36
26 38
26 92
27 83
27 81
27 92
27 89
27 59
28 59
28 98
28 87
28 58
28 59
28 96
28 99
28 82
28 95
28 94
28 81
28 91
28 48
28 97
29 75
29 61
29 62
29 36
29 64
29 66
30 97
30 74
30 91
30 96
30 38
30 38
30 34
30 52
30 93
30 80
31 44
31 84
31 97
31 33
31 82
31 75
31 45
31 74
31 90
31 48
32 44
32 59
32 97
32 56
32 91
32 51
33 96
33 91
33 63
33 45
33 74
33 36
33 48
33 87
34 77
34 85
34 48
34 85
34 97
34 60
34 67
35 55
35 94
35 80
35 40
35 58
35 42
35 92
36 47
36 52
37 94
37 62
37 97
37 96
38 71
38 99
38 85
38 60
38 48
38 58
39 97
39 46
39 96
39 61
39 47
40 41
40 50
40 54
40 47
40 87
40 44
40 61
40 66
40 66
40 50
40 52
40 60
40 47
41 93
41 68
41 81
41 50
41 73
41 59
42 47
42 53
42 49
42 57
42 48
42 84
43 49
43 56
43 74
43 91
43 46
44 72
44 53
44 67
44 92
44 96
44 47
45 66
45 52
45 54
45 77
45 57
45 82
45 55
46 76
46 67
46 84
46 53
46 95
47 80
47 60
47 88
47 80
47 93
48 49
49 63
49 64
49 66
49 60
49 69
49 68
49 76
50 84
50 59
50 70
50 76
50 90
51 91
51 56
51 85
51 86
51 73
51 72
52 64
52 70
52 98
52 55
52 59
53 85
53 62
53 56
53 75
53 55
53 58
54 56
54 89
54 73
54 99
54 73
54 64
55 61
56 77
56 72
56 93
56 85
56 68
56 71
57 74
57 63
57 94
57 61
57 90
58 98
58 90
58 81
58 88
58 68
59 84
59 67
59 76
59 88
60 99
60 99
61 73
61 93
61 79
62 77
62 66
62 68
62 65
63 71
64 74
64 79
64 83
64 75
64 76
65 79
65 99
65 83
66 97
66 76
67 91
67 96
67 71
68 99
69 87
69 91
69 87
69 90
70 87
70 98
70 73
71 83
71 94
72 86
73 86
73 90
73 90
74 90
75 97
76 86
76 87
77 79
77 92
78 87
78 99
78 90
79 91
79 89
79 85
80 94
80 99
81 95
81 92
81 82
83 89
83 95
83 90
85 87
85 89
86 92
87 98
87 96
88 98
89 93
89 90
90 91
92 95
92 99
92 94
94 96
