0 63
0 4
0 73
0 72
0 95
0 67
0 34
0 35
0 40
0 24
0 72
0 99
0 40
1 24
1 94
1 61
1 81
1 72
1 6
1 96
2 97
2 5
2 97
2 83
2 75
2 34
2 92
2 35
2 56
2 76
2 51
2 70
2 42
3 6
3 31
3 36
3 32
3 56
4 32
4 60
4 60
4 45
4 75
4 35
4 76
4 37
4 55
4 42
5 12
5 28
5 25
5 48
5 90
5 57
5 68
5 51
5 27
5 75
6 73
6 12
6 96
6 54
6 99
6 73
7 32
7 86
7 41
7 47
7 32
8 87
8 76
8 32
8 99
8 83
8 85
8 75
8 51
9 46
9 59
9 61
9 24
9 74
9 80
9 52
9 87
9 65
10 67
10 20
10 58
10 87
10 88
10 77
10 42
10 17
10 40
11 83
11 13
11 38
11 61
11 79
11 16
11 48
11 68
11 84
12 97
12 87
12 87
12 52
12 32
12 32
13 14
13 44
13 76
13 82
13 33
13 35
13 50
13 75
13 82
14 41
14 20
14 97
14 69
14 28
14 70
14 84
14 39
14 18
15 32
15 65
15 28
15 87
15 53
15 50
15 70
15 35
15 75
15 95
16 22
16 72
16 74
16 74
16 19
16 97
17 41
17 24
17 55
17 43
18 94
18 78
18 22
18 27
18 92
18 82
18 61
18 45
18 35
18 71
18 75
19 80
19 77
19 36
19 83
19 66
19 77
19 26
20 58
20 47
20 97
20 85
20 87
20 53
20 85
20 60
21 60
21 48
21 77
21 26
21 52
21 71
21 83
21 28
21 91
21 27
21 58
21 71
21 88
22 35
22 72
22 55
22 41
22 80
22 35
22 68
22 87
22 37
23 89
23 62
23 27
24 41
24 42
24 72
24 70
24 58
24 30
24 87
24 32
24 78
24 34
25 30
25 68
25 47
25 51
25 69
25 55
25 40
25 38
26 32
26 68
26 67
26 58
26 55
26 30
26 54
26 61
27 92
27 92
27 57
27 42
27 50
27 52
27 54
28 64
28 52
28 89
28 80
28 61
28 70
28 45
28 48
28 32
28 61
28 69
28 88
28 96
28 45
28 62
29 54
29 40
29 98
29 69
29 80
29 66
29 98
29 88
29 64
30 40
30 79
30 37
30 84
30 60
30 74
30 39
30 61
31 61
31 96
31 43
31 83
31 63
31 63
32 86
32 98
32 92
32 34
32 90
32 85
33 49
33 77
33 99
34 77
34 79
34 71
34 66
34 61
35 59
35 55
35 66
36 57
36 60
36 44
36 68
36 37
36 69
36 74
36 98
36 77
37 83
37 53
37 75
37 58
37 75
37 97
37 50
38 49
38 95
38 44
38 71
38 92
38 67
39 76
39 62
39 80
39 72
40 77
40 97
40 52
40 92
40 59
40 61
40 56
40 64
41 52
41 57
41 77
41 87
41 73
41 77
41 74
41 99
42 47
42 60
42 86
42 83
42 61
43 96
43 50
43 68
44 89
44 55
44 99
44 78
44 64
44 90
44 83
44 59
44 65
44 74
45 85
45 57
45 71
45 56
45 72
45 73
46 96
46 96
46 84
46 85
46 56
46 80
46 87
46 65
47 51
47 76
47 97
47 99
47 89
48 57
48 65
48 69
48 78
48 77
48 86
48 76
49 56
49 87
49 55
49 90
50 77
50 57
50 76
50 52
50 69
50 82
51 91
51 87
51 55
52 56
52 53
52 56
53 84
53 98
53 74
53 56
54 74
54 78
54 98
54 70
54 64
55 65
56 86
56 59
57 69
57 84
57 82
57 63
58 83
58 91
59 85
59 87
59 69
59 66
59 87
59 77
60 66
60 70
60 64
61 78
61 66
61 87
62 99
62 66
62 70
62 69
62 82
63 99
63 92
63 83
63 94
63 69
63 81
64 73
64 93
64 79
64 72
64 85
65 97
65 75
65 92
65 70
65 89
65 69
66 91
66 67
66 94
66 78
66 71
66 80
66 94
67 68
67 79
67 87
68 87
68 99
68 97
68 82
69 80
69 73
69 87
70 79
71 89
71 77
71 99
71 80
71 82
71 98
72 85
72 94
72 80
73 95
73 88
74 75
74 78
74 86
75 91
75 86
75 93
75 79
76 88
77 90
77 96
78 86
79 87
79 86
80 97
81 87
81 89
82 99
83 85
84 95
84 85
85 91
85 92
86 95
88 91
89 99
89 96
90 92
90 91
90 92
91 93
