0 48
0 92
0 81
0 69
0 84
0 86
1 34
1 4
1 13
1 77
1 34
1 25
1 37
1 49
2 49
2 53
2 78
2 91
2 20
2 8
2 55
3 79
3 25
3 67
3 86
3 32
4 79
4 69
4 22
4 89
4 82
4 10
4 94
4 50
4 70
4 76
5 81
5 18
5 78
5 89
5 76
5 79
6 97
6 32
6 29
6 85
6 75
6 30
6 69
6 10
6 10
6 89
7 76
7 79
7 42
7 22
7 62
7 65
7 57
7 91
7 94
7 79
7 79
8 77
8 60
8 74
8 35
8 90
8 26
8 81
8 15
8 69
8 84
9 85
9 49
9 88
9 79
9 73
9 49
9 51
9 55
9 23
9 39
10 13
10 28
10 20
10 58
10 65
10 76
10 66
10 48
10 36
11 55
11 95
11 18
11 71
11 99
11 82
11 34
11 14
11 31
11 95
11 40
11 73
11 39
11 98
11 54
12 62
12 53
12 29
12 62
12 76
12 35
12 31
13 97
13 70
13 51
13 29
13 86
13 72
13 38
13 52
13 34
13 81
13 20
13 83
13 49
14 85
14 52
14 70
14 20
14 36
14 61
14 61
14 15
14 35
15 75
15 61
15 34
15 26
16 58
16 59
16 79
16 83
16 44
16 47
16 82
16 97
16 89
16 80
16 54
17 32
17 83
17 47
17 95
17 24
17 58
17 73
17 73
17 99
17 92
18 97
18 91
18 31
18 98
18 76
18 73
19 64
19 33
19 74
19 72
19 99
19 95
19 37
19 80
20 93
20 56
20 74
20 24
20 37
20 79
20 27
20 54
20 45
20 45
20 76
21 81
21 28
21 52
21 81
21 68
21 47
21 84
21 71
22 64
22 34
22 85
22 73
22 34
22 68
22 76
22 49
22 37
23 36
23 70
23 50
23 89
23 44
23 50
23 45
23 44
24 95
24 51
24 84
24 34
24 49
24 73
24 40
24 61
24 87
24 48
25 84
25 49
25 63
25 69
25 49
26 96
26 60
27 92
27 77
27 73
28 55
28 75
28 65
28 70
28 68
28 82
28 31
28 64
28 87
29 70
29 66
29 93
29 70
29 79
29 50
29 77
30 71
30 51
30 64
30 41
30 46
30 84
31 37
31 61
31 34
31 62
31 48
31 60
32 37
32 88
32 57
33 72
33 92
33 64
34 79
34 42
34 92
34 63
34 82
34 69
34 64
34 80
34 48
35 51
35 37
35 74
35 64
35 36
35 55
35 55
35 73
35 70
35 42
36 77
36 44
36 69
36 89
36 96
37 63
37 53
37 55
38 96
38 70
38 61
38 41
39 58
39 73
39 82
39 74
40 78
40 60
40 63
40 85
40 54
40 76
40 48
40 68
40 48
41 85
41 67
41 71
41 69
41 66
41 99
42 62
42 48
42 86
43 58
43 48
43 93
43 57
43 88
43 60
44 90
44 97
44 67
44 52
44 68
44 66
44 51
45 66
45 56
45 75
45 95
45 81
45 59
45 70
45 75
45 51
45 89
46 52
46 49
46 87
46 54
46 97
46 61
47 62
47 75
47 68
47 82
47 81
47 67
48 78
48 70
48 93
49 90
49 94
49 74
49 77
50 53
50 59
50 51
50 54
50 87
50 94
51 90
51 59
51 95
51 93
51 71
52 78
52 70
52 70
52 53
52 98
52 54
52 86
52 80
53 72
53 81
53 66
53 99
53 75
53 74
53 61
53 64
53 60
53 55
53 94
54 60
54 79
54 80
54 55
54 68
55 58
55 80
55 56
55 91
56 91
56 60
56 78
56 88
57 65
57 76
57 91
58 94
58 69
58 97
58 85
58 93
58 64
59 95
59 92
60 75
60 86
60 76
60 82
60 63
60 67
60 64
61 88
61 63
61 84
62 92
62 91
62 99
62 80
63 69
63 90
64 89
64 70
65 89
65 80
65 67
65 96
65 99
66 80
66 98
66 99
66 81
66 84
67 81
67 81
67 83
67 78
67 80
67 88
68 79
68 85
68 96
69 76
69 92
69 88
69 94
69 80
69 94
70 75
70 83
70 92
70 77
71 79
71 78
72 87
72 82
72 96
73 88
74 85
75 77
76 80
76 85
76 78
77 83
78 93
78 89
78 96
78 88
80 94
80 90
80 91
80 84
81 87
82 83
83 99
83 87
83 84
84 97
84 92
84 87
85 99
85 94
86 93
86 94
87 97
88 92
89 91
92 97
92 96
92 96
93 97
