0 36
0 13
0 88
0 1
0 79
1 88
1 28
1 28
1 42
1 39
1 59
1 9
1 89
1 43
2 69
2 6
2 64
2 47
2 26
2 63
2 7
2 98
3 36
3 17
3 92
3 60
3 77
3 34
3 85
3 15
3 95
3 41
3 79
3 80
3 96
3 70
3 79
4 50
4 9
4 85
4 93
4 91
4 72
4 21
4 52
4 12
4 47
5 20
5 48
5 70
5 84
5 56
5 6
5 30
5 71
6 44
6 25
6 52
6 44
6 23
6 39
6 97
6 53
7 74
7 57
7 87
7 80
7 58
7 70
7 93
7 44
7 51
7 33
8 97
8 16
8 30
8 89
8 36
8 90
8 97
8 49
8 86
8 91
8 11
9 75
9 64
9 56
9 13
9 54
9 34
10 11
10 87
10 75
10 38
10 35
10 17
10 57
10 49
11 54
11 63
11 15
11 77
11 91
11 17
11 73
11 23
11 61
11 56
11 13
12 22
12 53
12 26
12 36
12 73
12 41
12 77
12 25
12 31
12 49
13 58
13 50
13 24
13 79
13 57
13 66
13 93
13 69
13 64
13 54
14 63
14 73
14 50
14 20
14 57
14 87
14 44
14 74
14 48
14 64
14 39
14 99
14 42
14 31
14 63
15 85
15 26
15 87
15 99
15 20
15 59
15 30
15 43
15 72
15 97
15 61
15 35
16 43
16 51
16 33
16 50
16 82
16 21
16 72
16 90
16 86
16 31
16 94
17 53
17 81
17 23
17 41
17 85
17 54
17 81
17 80
17 25
17 54
17 55
18 19
18 30
18 67
18 70
18 56
18 58
18 40
18 55
19 41
19 35
19 63
19 21
19 82
20 77
20 65
20 59
20 85
20 65
20 44
20 81
20 70
20 78
20 30
21 72
21 96
21 27
21 22
21 58
21 97
21 65
21 70
22 75
22 49
22 50
22 87
22 37
22 25
22 55
22 61
23 57
23 78
23 57
23 25
23 37
23 46
23 68
24 97
24 79
24 25
24 43
25 32
25 71
25 37
26 66
26 85
27 68
27 47
27 62
27 76
27 87
27 60
27 93
27 53
28 84
28 48
28 97
28 30
28 80
28 97
28 91
29 63
29 99
29 76
29 92
29 82
29 57
29 92
29 50
30 36
30 55
30 63
30 81
30 33
30 78
31 35
31 38
31 83
31 93
31 47
31 67
31 60
31 48
32 42
32 37
32 59
32 95
32 46
32 78
32 89
32 75
33 62
33 59
34 56
34 55
34 68
34 96
34 45
35 77
35 48
35 38
35 61
35 61
35 70
35 75
35 98
36 55
36 53
36 86
36 63
36 72
36 74
36 52
37 38
37 45
37 97
37 41
37 72
38 64
38 47
38 66
38 99
38 81
39 63
39 54
39 60
39 97
39 64
39 94
39 48
39 89
39 55
40 73
40 88
40 54
40 92
40 92
41 87
41 48
41 55
41 64
41 70
41 97
41 76
41 62
42 46
42 77
42 97
42 74
42 94
42 82
42 51
42 57
43 93
43 74
43 67
43 99
43 47
44 98
44 68
44 89
44 69
45 59
45 90
45 95
46 57
46 47
46 88
47 79
47 56
47 99
47 79
47 60
48 54
48 82
48 59
48 69
48 63
49 56
49 56
49 64
49 59
49 61
49 82
49 73
50 97
50 84
50 80
50 83
50 53
51 84
52 71
52 53
52 80
52 62
52 63
52 74
52 56
52 92
53 91
53 64
53 80
53 70
53 60
53 76
53 78
54 70
54 78
55 82
55 64
55 75
55 82
55 95
55 56
55 64
55 74
56 81
56 85
56 99
56 98
56 74
57 99
57 72
57 66
58 84
58 63
58 79
58 96
58 77
58 69
58 84
58 70
58 70
59 93
59 76
59 78
59 63
59 79
59 92
59 68
59 87
60 69
60 65
60 85
60 73
60 66
61 66
61 67
61 79
61 91
61 75
62 95
62 82
63 81
63 79
63 91
63 83
63 94
64 84
64 88
64 85
65 73
65 88
66 99
66 76
66 89
66 88
66 98
66 84
66 94
66 71
67 69
68 79
68 74
68 79
68 78
69 87
69 78
69 91
70 98
70 79
70 91
70 76
71 86
71 78
72 90
73 94
73 94
73 97
74 79
74 76
75 84
76 81
76 99
76 80
77 96
77 99
78 94
78 98
78 96
79 89
80 90
82 98
82 91
83 95
83 91
85 88
87 90
87 97
88 97
89 99
90 92
94 98
