0 55
0 21
0 77
0 51
0 34
0 26
0 65
0 64
0 7
0 60
0 47
1 35
1 18
1 98
1 9
1 87
1 55
1 92
2 39
2 17
2 35
2 93
2 51
2 87
2 70
2 23
2 63
3 71
3 12
3 4
3 88
3 15
3 52
3 22
4 46
4 19
4 11
4 39
4 46
4 93
4 7
5 39
5 85
5 49
5 15
5 80
5 79
5 27
5 73
5 39
5 72
5 23
5 77
5 52
6 62
6 35
6 37
6 9
6 10
6 59
6 54
6 40
6 22
6 96
6 45
6 47
6 27
7 46
7 38
7 44
7 99
7 12
7 8
7 44
7 97
7 69
7 85
7 95
7 81
7 14
8 20
8 91
8 82
8 36
8 47
8 70
8 71
8 25
8 17
8 10
9 91
9 77
9 88
9 40
9 84
9 97
10 37
10 12
10 25
10 53
10 56
10 96
10 90
10 23
10 61
10 26
11 60
11 41
11 54
11 64
11 54
11 99
11 55
11 17
12 58
12 87
12 52
12 44
12 57
12 39
12 58
12 96
12 25
12 72
13 34
13 82
13 58
13 68
13 58
13 55
13 23
14 38
14 15
14 21
14 53
14 95
14 79
14 87
14 96
14 20
14 61
14 31
14 44
14 22
15 49
15 63
15 94
15 49
15 78
15 96
15 25
15 33
16 90
16 66
16 87
17 79
17 33
17 99
17 44
17 80
17 51
18 26
18 95
18 87
18 27
18 26
18 60
19 80
19 73
19 47
19 25
19 53
19 87
19 41
19 21
19 50
19 78
20 25
20 56
20 34
20 55
20 75
20 92
20 48
21 90
21 91
21 80
21 63
21 75
21 41
21 40
21 79
21 85
22 99
22 27
22 69
22 26
23 61
23 95
23 64
23 32
23 80
23 91
23 46
24 66
24 44
24 44
24 33
24 87
24 59
24 35
25 64
25 49
25 56
25 76
25 83
25 63
25 45
25 62
25 78
26 66
26 82
26 69
26 36
26 30
26 39
27 48
27 42
27 74
27 81
27 83
27 60
27 89
27 59
28 93
28 85
28 53
28 35
28 83
28 62
28 90
28 79
28 51
29 84
29 36
29 59
29 72
29 94
29 75
30 46
30 63
30 79
30 70
30 85
30 60
30 54
30 56
30 41
30 32
31 77
31 95
31 64
31 35
31 41
31 98
31 54
31 97
32 89
32 57
32 49
32 52
33 64
33 91
33 91
33 51
33 51
33 99
33 49
33 85
33 91
33 81
34 70
34 73
34 97
34 48
34 53
34 36
34 53
34 46
34 96
35 61
35 45
35 93
35 87
35 36
35 63
36 64
36 94
36 88
36 45
36 93
36 49
36 94
36 87
36 66
36 65
37 75
37 59
37 44
37 93
37 61
37 47
37 49
38 76
38 62
38 54
38 57
38 73
38 60
38 39
38 62
38 42
39 59
39 95
39 90
39 43
39 98
39 65
39 96
40 75
40 80
40 64
41 45
41 49
41 47
41 92
41 51
41 87
42 99
42 85
42 69
42 86
42 76
43 92
43 74
43 84
43 54
43 88
43 61
44 83
44 91
44 83
44 53
44 55
44 67
45 99
45 89
45 68
46 81
46 79
46 66
46 60
47 87
47 79
47 97
47 99
47 66
47 55
47 75
48 79
48 72
48 49
48 81
48 89
48 69
49 64
49 57
49 65
49 81
49 63
50 84
50 71
50 84
51 79
51 76
51 99
52 54
52 55
53 70
53 87
54 78
54 67
54 81
54 69
55 66
56 66
56 83
56 71
56 70
57 89
57 82
57 83
57 97
57 71
57 72
57 69
57 77
58 95
58 82
58 65
58 90
58 92
59 82
59 75
59 89
59 65
59 98
59 85
60 93
60 93
60 87
60 96
61 99
61 69
61 67
61 90
61 77
62 96
62 89
62 91
62 72
63 81
64 91
64 89
64 65
65 85
65 87
65 76
65 92
66 99
66 70
66 75
66 80
66 83
66 75
67 75
67 97
67 93
67 75
67 99
67 75
68 70
68 97
68 71
69 82
69 74
69 70
69 87
70 80
70 71
70 87
71 90
71 93
71 97
71 85
72 80
72 86
73 80
73 95
73 92
74 76
74 98
74 89
75 91
75 92
75 95
75 98
75 77
76 77
76 97
77 89
78 99
80 87
81 93
83 86
83 87
84 98
84 99
84 95
84 92
85 92
85 96
86 88
86 88
92 98
94 98
94 99
94 99
96 97
96 99
