0 79
0 4
0 56
0 48
0 21
0 11
0 3
0 61
0 44
0 79
0 12
1 34
1 78
1 7
1 33
1 76
1 98
2 85
2 87
2 36
2 98
2 97
2 13
2 90
2 49
2 11
2 46
2 8
3 22
3 27
3 48
3 99
3 26
3 18
3 11
3 10
3 6
3 72
3 12
4 82
4 38
4 59
4 30
4 37
4 5
4 46
4 54
4 84
4 83
4 20
4 45
5 27
5 37
5 27
5 66
5 98
5 9
5 50
5 48
5 10
5 65
5 69
5 94
5 95
5 48
5 70
6 14
6 76
6 85
6 73
6 42
6 78
6 40
6 47
6 48
6 42
6 33
6 78
6 10
7 89
7 76
7 79
7 48
7 15
7 92
7 66
7 28
7 42
7 39
7 80
8 16
8 87
8 54
8 48
8 16
8 51
8 9
8 41
9 81
9 76
9 39
9 24
9 34
9 71
9 25
10 46
10 33
10 57
10 43
10 18
10 68
10 90
10 98
10 79
10 84
11 39
11 70
11 12
11 78
11 22
11 87
11 38
11 79
12 49
12 31
12 37
12 90
12 35
12 53
12 63
13 38
13 18
13 23
13 90
13 32
14 28
14 32
14 80
14 59
14 65
14 52
14 54
14 76
14 73
14 52
14 64
15 79
15 53
15 54
15 17
15 18
15 48
15 38
15 23
16 50
16 53
16 74
16 61
16 20
16 39
16 79
16 93
16 21
16 34
16 68
16 52
17 47
17 80
17 58
17 61
17 42
17 55
17 43
17 34
17 77
17 64
18 85
18 24
18 58
18 76
18 52
19 55
19 56
19 24
19 40
20 32
20 70
20 73
20 77
20 44
20 95
21 45
21 24
21 84
21 79
21 28
21 76
21 92
21 99
21 45
21 72
21 87
22 59
22 39
22 93
22 99
22 69
22 43
23 93
23 57
23 57
23 88
23 69
23 62
24 54
24 99
24 87
24 80
24 47
24 73
24 72
24 32
24 74
24 85
24 85
24 25
25 36
25 81
25 44
25 92
25 89
25 59
25 97
26 51
26 28
26 90
26 28
26 52
26 42
26 43
26 62
26 92
27 64
27 79
27 48
27 43
27 98
27 61
27 57
27 45
27 67
27 62
28 37
28 50
28 79
28 82
28 66
28 90
28 49
28 87
28 39
28 30
28 97
28 54
29 91
29 30
29 33
30 60
30 50
30 34
30 66
31 68
31 74
31 79
31 86
31 83
31 78
31 40
31 94
32 92
32 61
32 61
32 89
32 70
33 70
33 53
33 67
33 49
33 37
33 99
33 90
34 66
34 98
34 67
34 79
34 68
34 76
34 70
34 48
35 86
35 65
35 95
35 74
35 67
35 98
35 81
35 97
36 68
36 78
36 37
36 48
37 81
37 98
37 73
37 87
37 56
37 38
37 69
38 60
38 59
38 81
38 58
38 76
38 78
38 45
38 76
39 94
39 81
39 61
39 56
39 74
39 72
39 71
40 87
40 42
40 77
41 74
41 89
41 69
41 63
41 94
42 70
42 86
42 92
42 50
43 89
43 55
43 70
43 63
44 99
44 59
44 99
44 65
44 67
45 65
45 62
45 89
45 83
45 77
45 83
45 64
45 91
45 52
46 59
47 54
47 64
47 80
47 69
48 75
48 59
48 49
48 62
48 82
48 53
48 77
49 92
49 87
49 93
49 81
49 54
49 59
49 56
50 62
50 51
50 87
50 63
50 65
50 55
50 66
50 80
50 87
51 72
51 93
51 87
51 55
51 56
51 59
52 83
52 78
52 54
53 95
53 72
53 54
53 59
54 55
54 86
54 71
54 91
54 55
54 87
54 79
54 97
55 73
55 71
55 74
56 60
56 58
56 61
56 85
56 61
56 83
56 70
57 87
57 96
57 63
57 70
57 87
57 87
58 91
58 91
58 99
58 62
58 59
58 97
59 71
59 86
60 97
60 61
60 69
60 81
61 84
61 62
61 82
62 74
62 67
62 78
62 99
62 64
63 93
63 81
63 79
63 72
63 85
65 91
65 73
66 73
66 79
66 75
66 72
66 79
67 74
67 74
68 83
68 95
68 86
68 98
68 89
69 97
69 87
69 78
69 92
69 76
70 87
70 93
71 77
71 98
72 91
72 89
75 96
75 99
75 77
76 86
76 86
77 89
81 91
82 90
82 91
83 90
83 97
84 90
85 90
85 96
85 89
86 87
88 89
89 91
90 98
92 96
95 98
96 97
