0 97
0 46
0 40
0 29
0 87
0 19
0 36
0 28
0 74
0 63
0 43
0 13
0 6
1 15
1 61
1 31
1 33
1 95
1 25
1 19
1 88
2 43
2 83
2 78
2 40
2 35
2 70
2 72
2 61
3 13
3 7
3 74
3 74
3 30
3 74
3 63
4 79
4 43
4 90
4 43
4 81
4 6
4 19
4 33
4 20
4 93
4 49
4 92
4 9
4 44
4 59
4 77
5 42
5 70
5 96
5 59
5 61
5 41
6 38
6 22
6 84
6 90
7 64
7 68
7 80
7 83
7 62
7 36
7 92
7 35
7 12
7 21
7 98
8 66
8 25
8 68
8 23
8 31
8 49
8 76
8 68
8 78
8 59
8 12
8 34
9 22
9 93
9 29
9 23
9 54
9 80
9 37
9 26
9 30
9 29
9 52
9 84
10 40
10 87
10 17
10 88
10 77
10 60
10 59
10 67
10 12
10 15
10 32
10 88
10 74
10 94
11 59
11 99
11 32
11 37
11 32
11 95
11 59
11 19
11 87
11 87
12 31
12 96
12 16
12 34
12 58
12 64
12 18
12 44
13 84
13 36
13 89
13 82
13 22
14 38
14 18
14 31
14 67
14 92
14 63
14 90
14 46
14 47
15 62
15 17
15 21
15 46
15 61
15 63
15 59
15 66
15 97
16 70
16 56
16 39
17 82
17 55
17 95
17 86
17 29
17 24
17 20
17 53
17 35
17 22
17 58
18 61
18 68
18 57
18 52
18 90
19 38
19 90
19 25
19 84
19 39
19 50
19 42
19 99
20 48
20 70
20 87
20 44
20 34
20 66
20 53
21 37
21 52
21 72
21 73
21 43
21 62
21 35
22 24
22 75
22 35
22 31
22 23
22 89
22 95
22 82
22 67
22 81
23 68
23 75
23 65
24 56
24 31
24 30
24 30
24 74
24 74
24 77
24 62
24 79
24 46
24 48
24 89
24 79
24 37
24 90
24 28
25 49
25 56
25 59
25 54
25 92
25 61
25 77
25 75
25 85
25 71
25 56
26 67
26 66
26 82
26 95
26 78
26 53
26 74
26 87
26 89
27 80
27 71
27 64
27 66
27 96
27 77
27 74
27 29
27 96
27 64
28 80
28 80
28 68
28 37
28 98
29 33
29 93
29 42
29 39
29 37
29 87
29 81
29 65
29 70
30 85
30 49
30 69
30 65
31 50
31 64
31 90
31 43
31 78
31 78
31 52
31 96
31 59
32 44
32 91
32 94
32 96
32 78
32 74
32 39
33 91
33 71
33 52
33 37
33 93
33 40
33 52
34 60
34 41
34 72
34 36
34 64
34 82
35 44
35 94
35 37
35 91
36 86
36 71
36 46
36 67
36 47
36 45
36 37
36 74
36 71
37 85
37 56
37 54
37 52
37 59
37 57
37 49
38 41
38 51
38 97
38 47
38 95
38 44
39 91
39 75
39 87
39 41
39 50
40 60
41 91
41 76
41 77
41 54
41 77
41 80
42 85
42 54
42 73
42 66
43 97
43 97
43 64
43 46
44 57
44 47
44 54
44 59
45 96
45 72
45 74
45 74
45 82
45 86
46 83
46 58
46 56
47 56
47 95
47 75
47 87
48 98
48 78
48 60
48 59
48 80
49 64
49 91
49 94
49 94
49 62
49 77
49 91
50 71
50 63
50 52
50 62
50 72
50 58
51 95
51 65
51 61
51 78
51 96
51 86
52 91
52 97
52 56
52 68
53 64
53 99
53 75
53 69
54 77
54 92
54 62
55 79
55 62
55 56
55 81
55 94
55 80
55 76
55 94
56 57
56 67
56 82
56 59
56 91
57 73
57 71
57 82
57 94
57 87
57 63
57 90
58 80
58 96
58 84
58 72
58 93
58 75
58 92
59 99
59 73
59 94
59 88
60 77
60 65
60 84
60 76
60 93
61 74
61 87
61 99
63 90
63 75
64 73
64 81
64 91
64 95
65 75
65 72
65 84
65 81
66 70
66 80
67 92
67 96
67 81
69 89
69 71
69 98
70 93
70 97
70 91
70 72
71 96
71 78
71 98
72 79
72 79
72 90
72 86
72 99
73 94
73 77
73 82
74 92
74 81
75 84
75 90
76 81
77 96
79 91
79 95
82 94
82 97
82 92
83 87
83 97
84 94
84 89
84 97
85 87
86 91
86 88
88 97
88 95
88 92
89 98
89 91
89 94
90 96
90 98
92 96
92 98
92 97
93 97
