0 30
0 49
0 42
0 39
0 55
0 85
0 22
0 91
0 21
0 70
0 96
1 49
1 44
1 55
1 48
1 56
1 10
1 78
1 84
1 67
1 50
1 82
1 92
1 39
1 10
1 21
2 26
2 17
2 84
2 41
2 15
2 96
2 23
2 13
2 52
2 10
2 85
2 5
2 96
2 59
2 46
2 34
2 73
2 39
3 7
3 88
3 86
3 87
3 71
3 28
3 88
3 61
3 68
3 89
4 75
4 27
4 95
4 12
4 73
4 82
4 12
5 77
5 87
5 34
5 61
5 93
5 65
5 84
5 84
6 55
6 14
6 48
6 17
6 98
6 18
6 51
6 73
6 46
6 99
7 58
7 97
7 64
7 68
7 32
7 50
7 74
7 86
8 78
8 91
8 73
8 68
8 30
8 81
8 28
8 13
8 67
8 66
8 89
9 21
9 25
9 75
9 21
9 18
9 86
9 21
10 89
10 49
10 54
10 78
10 83
10 86
10 91
10 24
11 29
11 35
11 84
11 40
11 70
11 70
12 15
12 52
12 55
12 89
12 79
12 54
12 21
12 61
12 83
12 21
12 73
13 35
13 59
13 31
13 49
13 57
13 61
13 69
13 36
14 69
14 41
14 96
14 15
14 32
14 50
14 43
14 64
14 61
14 19
14 74
15 48
15 50
15 77
15 67
15 96
15 28
15 93
15 53
16 91
16 39
16 29
16 86
16 82
16 70
16 92
16 83
16 25
16 97
16 59
17 47
17 38
17 61
17 96
17 37
17 38
17 46
17 31
17 72
18 55
18 96
18 79
18 42
18 73
18 35
18 68
19 39
19 68
19 70
19 74
19 87
19 84
20 62
20 47
20 35
20 31
20 37
20 25
20 28
20 37
21 37
21 82
21 88
21 33
21 26
21 68
21 87
21 31
22 70
22 63
22 40
22 40
22 81
22 81
22 93
22 35
22 67
23 51
23 71
23 47
23 63
24 59
24 66
24 95
24 72
24 32
24 28
25 71
25 92
25 29
25 84
25 77
25 34
25 58
25 76
26 83
26 77
26 46
26 81
26 53
26 35
26 71
27 57
27 64
27 38
27 71
27 64
27 54
27 44
27 47
27 88
27 31
28 33
28 56
28 75
28 86
28 31
28 33
28 68
29 88
29 46
29 72
29 82
30 37
30 86
30 45
30 47
30 62
30 75
30 38
31 40
31 69
31 95
31 89
31 55
31 59
31 63
31 50
31 32
31 76
32 62
32 49
32 95
32 75
32 90
33 45
33 91
33 49
33 82
33 94
33 91
33 80
33 83
33 34
33 84
33 66
33 49
33 48
35 51
35 38
35 51
35 85
36 42
36 53
36 49
36 57
36 50
36 81
36 44
37 42
37 76
37 77
37 57
37 58
38 64
38 86
38 91
38 58
38 87
39 71
39 86
39 55
39 97
39 73
39 53
39 65
40 74
40 46
40 91
40 42
41 89
41 66
42 57
42 72
42 88
43 52
43 61
43 57
43 97
43 71
43 83
43 95
43 87
44 63
44 81
44 81
44 61
44 93
45 70
45 88
45 59
45 82
45 74
46 75
46 95
46 64
47 86
47 59
47 54
47 87
48 60
48 87
48 72
48 52
48 65
49 93
49 83
49 57
49 90
50 92
51 66
51 75
51 56
51 62
51 59
51 83
51 71
52 64
52 95
53 63
53 91
53 85
53 62
53 62
53 60
54 87
54 73
54 75
54 88
54 64
55 93
55 84
55 85
55 90
55 73
55 91
55 90
55 69
55 99
56 77
56 78
56 73
56 89
56 60
56 75
57 82
57 98
58 64
58 94
58 61
58 67
58 63
58 64
59 83
60 78
60 68
60 72
60 82
60 90
60 63
60 74
60 89
61 89
61 82
61 98
61 78
62 96
62 68
62 88
63 71
63 85
63 80
63 71
63 66
63 93
63 64
64 78
64 66
65 85
65 83
65 87
65 69
66 74
66 71
67 90
67 87
67 96
67 78
67 91
67 77
67 88
68 85
68 82
69 93
69 83
69 84
70 92
70 93
70 91
70 72
70 91
70 75
71 87
71 74
71 76
71 78
72 78
72 91
72 94
73 83
73 75
73 74
73 76
74 96
75 89
76 78
77 94
78 87
78 84
80 95
81 92
81 82
82 86
82 96
84 86
84 94
85 91
85 99
85 88
85 87
86 90
86 89
86 93
88 97
89 93
89 99
89 97
90 98
92 98
92 99
93 96
93 97
