0 35
0 91
0 16
0 85
0 94
0 93
0 33
0 18
0 27
0 51
0 21
1 46
1 75
1 26
1 7
1 55
1 22
1 68
1 38
1 25
1 98
1 22
2 81
2 6
2 15
2 75
2 78
2 4
2 38
3 62
3 56
3 56
3 49
3 81
3 23
3 23
3 41
3 51
3 28
4 75
4 27
4 35
4 29
4 31
4 89
4 14
4 89
4 57
5 88
5 65
5 63
5 24
5 74
5 70
5 73
5 40
5 23
5 61
5 63
6 19
6 55
6 39
6 61
6 31
6 59
6 87
6 40
6 12
7 72
7 66
7 79
7 10
7 80
7 82
7 56
7 30
7 41
8 43
8 11
8 70
8 52
8 75
8 90
8 79
8 9
9 62
9 93
9 86
10 51
10 28
10 78
10 34
10 50
10 21
10 40
11 52
11 70
11 99
11 44
11 76
11 66
11 70
11 67
11 23
11 84
11 81
12 13
12 56
12 17
12 81
12 54
12 88
12 98
12 72
13 81
13 31
13 65
13 41
13 33
13 99
13 52
13 62
13 82
14 43
14 32
14 52
14 25
14 66
14 31
15 87
15 38
15 64
15 64
15 43
15 80
15 61
15 20
15 74
15 25
15 27
15 67
15 58
15 98
15 75
15 93
16 70
16 23
16 29
16 66
16 29
16 55
16 80
16 98
16 28
16 35
16 90
16 35
17 84
17 23
17 43
17 37
17 66
17 83
17 85
18 69
18 33
18 77
18 52
18 21
18 99
19 80
19 45
19 49
19 61
19 25
19 43
19 70
19 39
19 41
19 78
20 40
20 44
20 49
20 55
20 34
20 41
20 97
20 86
20 67
21 56
21 63
21 64
21 74
22 83
22 35
22 33
22 52
22 83
22 45
22 93
22 62
23 33
23 81
23 77
23 34
23 25
23 60
23 76
23 40
23 73
24 57
24 77
24 93
24 44
24 64
24 79
24 80
24 61
25 87
25 89
25 70
25 65
25 41
25 54
26 32
26 50
26 59
26 73
26 63
26 84
26 36
26 74
27 59
27 89
27 97
27 34
28 89
28 61
28 90
28 42
29 68
29 81
29 83
29 98
29 76
30 86
30 70
30 39
30 52
30 53
31 47
31 36
31 73
31 34
31 78
31 73
31 97
32 40
32 34
32 62
32 93
32 71
32 50
32 70
33 44
33 90
33 40
33 40
33 87
33 89
33 35
34 42
34 38
34 40
34 69
34 93
34 74
35 86
35 79
35 47
35 96
35 97
35 98
35 46
35 55
36 52
36 45
36 57
36 70
36 99
36 99
36 64
36 95
36 99
36 97
36 85
36 82
37 74
37 45
37 59
37 60
37 98
38 54
38 91
38 89
38 94
38 71
38 70
39 63
39 98
39 45
39 81
40 42
40 72
40 61
40 98
40 57
41 47
41 93
41 93
41 97
42 89
42 65
42 89
42 47
42 91
42 48
42 60
42 67
42 88
42 76
42 58
43 59
43 56
43 62
43 70
43 70
43 48
43 98
44 63
44 68
44 99
44 99
44 47
44 53
45 99
45 97
45 53
45 67
46 92
46 47
46 49
46 47
47 81
47 60
47 66
48 64
48 83
48 85
48 89
48 75
49 50
49 72
49 61
49 84
49 99
49 78
50 76
50 59
50 52
50 55
50 87
50 69
50 83
50 84
51 81
51 59
51 80
51 64
51 74
51 67
51 92
52 82
52 54
53 88
53 82
53 82
53 95
53 72
53 80
54 99
54 70
54 80
54 63
54 69
54 61
55 96
55 68
55 94
55 91
55 79
56 77
56 58
56 97
56 87
56 70
56 59
56 59
56 64
57 61
57 63
57 69
57 79
57 79
57 98
58 78
58 75
58 97
58 92
59 77
59 86
60 71
60 95
60 66
61 62
63 97
63 92
63 99
63 92
63 97
64 67
64 93
64 72
64 75
64 89
64 69
64 88
64 81
64 98
65 77
65 82
65 86
65 82
65 79
66 92
66 79
66 79
66 78
66 72
66 85
66 80
67 73
67 97
67 97
67 81
68 92
68 89
69 96
69 76
69 91
69 92
69 98
69 96
70 99
70 86
70 88
70 89
71 86
71 85
71 86
71 85
73 81
74 93
74 81
75 93
75 93
75 99
76 83
76 83
77 96
77 80
77 81
78 91
79 95
80 85
80 90
80 93
81 92
82 99
82 85
82 84
83 84
83 94
83 99
84 88
84 99
86 96
86 95
88 95
89 97
