0 98
0 71
0 13
0 44
0 24
0 89
0 49
0 90
0 32
1 30
1 70
1 2
1 91
1 57
1 60
1 17
1 81
1 85
1 65
1 4
1 35
1 78
1 10
1 28
2 48
2 78
2 40
2 69
2 62
2 35
3 18
3 42
3 73
3 56
3 43
3 15
3 18
3 86
3 67
3 18
3 28
4 54
4 56
4 11
4 93
4 39
4 94
4 91
4 8
4 11
4 55
4 9
4 53
4 20
4 77
4 95
4 39
4 75
5 69
5 48
5 97
5 89
5 58
5 15
5 23
5 95
5 7
6 52
6 41
6 12
6 39
6 65
6 8
6 78
6 66
7 46
7 64
7 26
7 26
7 39
7 13
8 21
8 78
8 36
8 96
8 16
8 70
8 73
8 34
8 63
9 87
9 60
9 28
9 27
9 57
9 35
9 56
9 71
9 96
9 45
9 14
9 77
9 64
10 13
10 16
10 77
10 14
10 32
10 27
10 84
10 24
10 84
11 36
11 75
11 43
11 75
11 65
11 38
11 93
11 75
11 68
12 18
12 85
12 25
12 34
12 30
12 34
13 93
13 78
13 24
13 47
13 40
13 46
13 65
13 38
13 62
14 68
14 41
14 77
14 24
14 98
14 80
14 15
15 98
15 69
15 23
15 35
15 41
15 83
15 81
15 87
15 29
16 60
16 85
16 35
16 77
16 20
16 24
16 64
16 55
16 18
16 30
17 55
17 74
17 39
17 62
17 28
18 55
18 35
18 68
18 62
18 73
18 62
18 92
18 35
18 33
19 33
19 51
19 74
19 42
19 80
19 97
20 23
20 52
20 73
20 47
20 63
20 54
20 31
21 79
21 28
21 25
21 96
21 92
21 66
21 86
21 98
21 66
22 56
22 63
22 58
22 55
22 26
22 46
22 42
22 47
23 93
23 74
23 46
23 79
23 29
23 42
24 99
24 72
24 58
24 53
24 81
24 34
24 33
24 59
25 95
25 37
25 49
25 91
25 37
25 90
25 49
25 30
26 44
26 72
26 84
26 37
26 74
27 32
27 72
27 59
27 61
27 81
27 85
27 77
27 57
27 95
27 76
28 36
28 88
28 69
28 70
29 42
29 82
29 87
29 54
29 50
29 35
29 34
29 78
29 84
29 64
29 38
29 71
29 40
30 35
30 78
30 84
30 80
30 47
30 70
31 67
31 95
31 61
31 53
31 36
31 98
31 45
32 37
32 65
32 70
32 76
32 55
32 85
32 38
32 44
32 74
33 49
33 56
33 41
33 96
33 71
33 88
33 82
33 36
34 60
34 54
34 80
34 69
34 70
35 65
36 43
36 43
36 83
36 40
36 53
36 62
36 68
36 75
37 72
37 80
37 48
37 67
37 77
37 96
37 76
37 38
38 99
38 92
38 75
38 64
38 71
38 82
38 71
38 72
38 75
39 52
39 41
39 61
39 57
39 85
40 52
40 73
40 60
40 76
40 42
41 97
41 65
41 69
41 81
42 75
42 64
42 85
42 70
42 64
43 89
43 49
43 62
43 75
43 92
43 55
43 75
44 85
44 62
44 58
44 52
44 55
44 66
44 96
45 65
45 71
45 92
45 92
46 97
46 84
46 55
46 98
47 80
47 95
47 80
47 51
47 90
47 50
47 68
47 81
47 69
48 89
48 93
48 90
48 96
49 51
50 65
50 81
50 66
50 90
50 70
50 60
51 76
51 76
51 92
51 88
51 82
51 95
51 94
52 59
52 87
52 94
52 91
52 59
52 71
52 62
53 75
53 79
53 71
54 74
54 66
54 82
54 60
54 74
54 69
54 88
55 99
55 58
55 69
55 74
56 96
56 65
56 88
56 58
56 71
57 88
58 69
59 69
59 95
59 97
59 97
59 76
59 98
60 75
61 95
61 69
61 98
61 90
62 92
62 69
62 66
62 68
62 80
62 75
62 92
63 88
64 97
64 70
64 72
64 77
64 66
66 87
66 88
66 80
66 71
67 97
67 95
68 95
68 95
68 94
68 70
68 97
68 94
69 75
70 94
70 78
71 91
71 87
71 77
71 77
71 81
71 74
72 77
72 90
72 81
72 93
73 77
73 83
73 84
73 74
73 78
74 97
74 86
75 90
75 80
75 96
75 97
77 80
77 96
78 82
78 82
78 84
78 96
79 85
79 96
79 98
79 98
80 87
82 87
85 88
85 89
85 87
86 87
86 87
88 92
88 99
88 91
90 92
94 98
95 97
