0 43
0 63
0 73
0 20
0 54
0 85
0 59
0 71
0 4
0 12
0 2
1 51
1 25
1 95
1 46
1 94
1 88
1 75
1 93
1 45
1 64
2 10
2 45
2 23
2 42
2 39
2 23
2 48
2 63
2 57
2 52
3 95
3 21
3 28
3 98
3 63
3 93
3 93
3 22
3 18
4 73
4 66
4 89
4 93
4 7
4 9
4 50
4 74
4 88
4 92
4 10
4 87
4 18
5 33
5 33
5 43
5 80
5 35
5 83
5 46
5 60
5 94
5 12
5 88
5 35
6 22
6 76
6 21
6 57
6 23
6 66
6 75
6 98
6 34
7 90
7 27
7 99
8 93
8 33
8 70
8 97
8 81
8 72
8 61
8 76
8 33
9 85
9 13
9 82
9 44
9 57
9 70
10 41
10 35
10 92
10 26
10 78
10 50
10 73
10 31
11 49
11 39
11 43
11 27
11 68
11 39
11 96
11 24
11 96
11 89
11 67
11 52
12 47
12 96
12 93
12 95
12 59
12 86
12 70
12 97
12 47
12 36
12 66
12 59
12 93
12 38
13 52
13 73
13 85
13 20
13 18
14 79
14 64
14 29
14 55
14 84
14 26
14 58
14 35
14 29
14 64
14 27
14 99
15 79
15 41
15 95
15 79
15 80
15 78
15 43
15 47
16 68
16 94
16 34
16 31
16 24
16 31
16 81
16 77
17 91
17 79
17 63
17 36
17 42
17 92
17 94
17 96
17 25
18 86
18 94
18 75
18 69
18 69
18 45
18 65
18 19
18 87
18 75
19 73
19 39
19 97
19 27
19 87
19 50
19 26
20 60
20 56
20 90
20 61
20 62
20 58
20 25
20 27
20 79
20 77
21 91
21 74
21 69
21 27
21 24
21 26
21 28
21 68
21 76
22 26
22 60
22 79
22 65
22 26
22 31
22 78
22 83
22 31
23 92
23 73
23 72
23 85
23 27
23 82
23 68
23 51
23 68
23 38
24 27
24 37
24 99
24 44
24 88
24 60
25 59
25 49
25 50
25 56
25 82
25 93
26 96
26 94
26 67
26 77
26 42
26 92
27 94
27 51
27 93
27 63
27 36
27 34
27 56
27 87
27 62
28 79
28 59
28 91
28 67
28 90
28 45
28 50
29 88
29 50
29 56
29 42
29 76
29 40
29 49
30 36
30 81
30 72
30 91
30 53
30 75
30 43
30 62
30 80
30 70
30 68
30 35
30 52
31 55
31 33
32 79
32 72
32 73
32 83
32 44
32 62
33 72
33 38
33 49
33 79
33 98
33 68
33 47
33 63
34 43
34 87
34 87
34 94
34 82
34 65
35 69
35 63
35 54
35 82
35 81
35 47
35 63
36 45
36 54
36 46
36 94
36 75
36 95
36 67
36 96
36 42
36 58
37 39
37 80
37 91
37 75
37 86
37 69
37 79
37 94
38 66
38 66
39 88
39 50
39 41
39 73
39 73
39 79
39 55
39 48
40 43
40 53
40 49
41 91
41 89
41 67
41 58
41 73
42 65
42 47
42 53
42 82
42 91
43 60
43 68
43 62
43 53
43 64
44 85
44 89
44 55
44 64
45 91
45 57
45 87
45 94
45 83
45 92
46 79
46 57
46 66
46 91
46 96
47 85
47 82
47 69
47 73
47 57
47 67
47 50
48 65
48 65
48 56
49 88
49 75
49 63
49 79
49 59
49 96
49 67
49 90
49 71
50 81
50 97
50 86
50 97
50 64
50 67
50 51
51 97
51 86
51 99
51 76
51 84
51 88
52 72
52 96
52 89
52 84
52 86
52 56
52 68
53 82
53 73
53 86
54 58
55 64
55 61
55 87
55 82
55 68
55 66
55 70
55 79
55 94
55 96
56 76
56 82
57 96
57 78
58 65
59 84
59 66
59 64
59 61
60 72
60 86
60 68
60 93
61 96
61 81
61 65
62 87
62 86
62 63
62 86
62 67
62 87
63 86
63 66
63 73
64 95
64 89
64 98
64 80
64 94
65 66
65 74
65 99
66 88
67 98
67 88
67 76
67 92
68 98
68 75
68 70
68 76
69 77
69 82
70 71
71 86
71 86
71 92
72 77
72 94
72 93
73 81
73 81
74 95
74 94
74 98
74 80
74 87
75 77
75 98
75 87
75 99
76 94
76 83
77 78
77 80
78 99
79 95
79 82
81 90
82 88
82 85
82 91
83 93
84 95
86 93
89 95
92 93
93 94
93 96
