0 12
0 9
0 78
0 3
0 6
0 25
0 73
0 61
0 56
1 72
1 4
1 81
1 13
1 79
1 32
1 88
1 45
1 36
2 63
2 54
2 10
2 7
2 63
2 19
2 58
2 61
3 51
3 8
3 50
3 30
3 43
3 56
3 52
3 77
3 25
4 80
4 43
4 55
4 54
4 47
4 92
4 34
5 94
5 73
5 78
5 9
5 42
5 98
5 17
6 43
6 9
6 30
6 39
6 90
6 46
6 62
6 99
6 79
6 61
7 47
7 98
7 77
7 37
8 38
8 9
8 15
8 40
8 38
8 17
8 16
8 95
8 98
8 60
8 44
8 26
8 28
8 85
9 68
9 75
9 64
9 52
9 93
9 96
9 79
9 71
9 92
10 61
10 17
10 15
10 16
10 74
10 39
10 64
10 46
10 63
10 39
10 23
10 61
10 11
10 82
10 76
11 48
11 29
11 52
11 55
11 33
11 39
11 18
12 64
12 14
12 40
12 96
12 23
13 43
13 39
13 36
13 40
14 44
14 40
14 30
14 77
14 40
14 83
14 34
14 70
15 42
15 84
15 43
15 92
15 92
15 66
15 28
15 99
15 94
15 84
15 82
15 96
16 96
16 96
16 84
16 67
16 88
17 44
17 79
17 72
17 33
17 23
17 90
17 50
17 41
18 48
18 44
18 25
18 86
18 22
18 33
18 80
18 80
18 80
18 45
18 90
18 55
18 46
18 53
19 79
19 31
19 71
19 65
19 77
19 62
19 75
19 74
20 87
20 74
20 41
20 53
20 70
20 67
20 37
20 94
20 31
20 37
21 84
21 90
21 23
21 64
21 37
21 63
21 62
21 96
21 64
21 64
21 58
22 30
22 48
22 65
22 43
22 96
22 56
22 93
22 47
22 77
22 26
22 37
23 38
23 45
23 43
23 99
23 57
24 74
24 70
24 56
24 43
24 40
24 75
24 89
24 44
24 78
25 77
25 68
25 90
25 83
26 59
26 72
26 44
26 42
26 47
27 75
27 74
27 42
27 73
27 38
27 36
27 72
27 76
27 56
28 87
28 88
28 95
28 71
28 77
28 35
28 82
28 67
29 56
29 76
29 96
29 97
29 98
29 64
29 79
30 54
30 67
30 90
30 99
30 74
31 64
31 64
31 66
31 44
32 37
32 49
32 61
32 57
32 87
32 94
32 80
32 36
32 65
32 58
33 46
33 77
33 37
33 69
33 53
33 48
34 53
34 99
34 37
34 72
35 73
35 97
35 99
35 97
35 74
35 57
35 60
36 65
36 61
36 96
36 63
36 64
36 87
37 68
37 97
37 43
37 95
37 50
37 44
37 78
38 84
38 94
38 41
38 73
38 65
38 83
38 62
39 90
39 82
39 74
39 60
39 75
39 48
39 67
39 94
39 48
39 86
40 50
40 54
40 89
40 51
40 46
40 88
40 42
40 97
40 88
40 76
41 96
41 95
41 49
41 58
41 55
41 70
41 54
41 62
42 49
42 56
42 56
42 72
43 99
43 91
43 73
43 60
43 77
43 58
43 93
43 65
44 85
44 77
44 53
44 72
44 76
44 48
44 75
45 96
45 69
45 50
45 58
45 83
46 84
46 76
46 53
47 80
47 69
47 82
47 76
47 96
47 78
47 79
48 95
48 66
48 53
48 55
49 65
49 83
49 74
49 70
50 56
50 53
50 52
50 97
50 68
50 93
50 93
51 85
51 71
51 95
51 98
51 98
51 53
52 99
52 73
52 82
53 76
53 91
53 62
53 61
54 67
54 66
54 59
55 84
55 65
55 87
55 90
55 77
56 61
56 57
56 75
56 71
57 63
57 90
57 76
57 62
57 66
57 96
57 71
57 94
58 78
58 94
58 67
58 93
58 60
59 95
60 71
60 93
60 90
60 93
60 93
60 94
61 99
61 87
61 78
61 76
62 63
62 67
62 96
62 77
62 63
62 85
62 76
63 64
63 86
63 77
63 80
63 91
63 99
64 80
64 82
64 77
65 79
65 81
65 77
66 95
66 72
67 88
67 81
68 86
68 91
69 86
70 77
71 96
71 87
72 79
73 84
74 92
74 91
74 98
74 82
74 79
75 99
75 86
75 80
76 78
76 92
76 88
77 82
78 86
78 84
78 93
78 83
78 98
79 82
79 88
79 80
79 94
80 93
80 88
81 93
83 95
83 88
83 85
84 86
84 99
84 87
87 88
87 93
88 91
92 98
93 96
94 98
