0 90
0 95
0 99
0 50
0 88
0 67
0 36
0 54
0 28
0 77
0 71
1 17
1 6
1 84
1 95
1 36
1 32
1 81
1 6
1 89
1 39
1 25
1 87
1 52
1 50
2 75
2 62
2 50
2 39
2 15
2 68
2 13
2 72
2 3
2 58
3 20
3 46
3 34
3 34
3 82
3 41
3 12
3 86
3 79
3 48
3 44
3 40
3 22
3 45
3 90
4 42
4 7
4 66
4 35
4 39
4 20
5 61
5 77
5 77
5 66
5 74
5 59
5 26
5 24
5 8
5 55
5 70
5 80
5 95
6 21
6 73
6 96
6 97
6 54
6 78
6 25
6 85
6 81
6 99
6 81
7 15
7 84
7 38
7 81
8 35
8 89
8 41
8 61
8 94
8 53
8 81
8 55
8 82
8 59
8 57
9 59
9 60
9 50
9 56
9 91
9 51
9 49
9 82
10 83
10 20
10 78
10 64
10 22
10 74
11 74
11 94
11 84
11 95
11 27
11 78
11 59
12 37
12 30
12 68
12 32
13 61
13 96
13 80
13 60
13 21
13 34
13 58
13 73
13 32
13 58
13 99
13 87
14 68
14 80
14 30
14 35
14 51
14 58
14 90
14 79
15 45
15 35
15 85
15 56
15 69
15 72
15 32
15 25
15 45
16 82
16 38
16 43
16 25
16 88
16 47
17 72
17 77
17 82
17 53
17 67
17 77
17 45
17 74
17 97
17 49
17 89
18 40
18 82
18 79
18 45
18 75
18 70
18 22
18 37
18 46
18 47
19 80
19 57
19 64
19 99
19 58
19 24
19 22
19 35
19 92
20 23
20 70
20 65
20 41
20 57
20 83
20 77
20 96
21 40
21 46
21 29
21 54
21 79
21 49
21 54
22 98
22 93
22 90
22 53
22 42
22 67
22 29
22 65
23 90
23 61
23 92
23 95
23 61
23 88
23 81
23 55
24 33
24 67
24 36
24 39
24 46
24 32
25 67
25 78
25 43
25 63
25 88
25 89
25 49
25 66
26 64
26 29
26 99
26 52
26 85
27 31
27 73
27 66
27 42
27 32
27 96
27 82
27 40
27 58
27 33
28 89
28 93
28 89
28 88
29 90
29 33
29 56
29 69
29 81
29 78
29 64
29 35
29 34
29 37
29 56
30 85
30 99
30 53
30 70
30 59
30 66
31 33
31 78
31 70
31 82
31 39
32 88
32 65
32 87
32 53
32 58
32 67
32 39
32 70
33 41
33 65
33 80
34 37
34 66
34 98
34 82
34 65
35 93
35 73
35 64
35 38
35 54
35 84
36 54
36 90
36 82
36 87
36 62
36 44
36 38
36 56
36 81
36 61
37 63
37 99
37 93
37 58
37 61
38 78
38 57
38 51
38 70
38 55
38 42
39 71
39 77
39 57
39 52
39 91
39 44
39 48
39 79
39 55
39 94
39 87
39 82
40 77
40 41
40 67
40 90
40 80
40 71
40 57
40 97
40 71
41 81
41 61
41 81
41 45
41 85
41 47
42 49
43 64
43 80
43 49
43 63
43 97
43 84
43 99
44 65
44 67
44 67
44 50
44 64
44 77
45 94
45 62
45 80
45 90
45 96
45 62
46 67
46 88
46 53
46 83
47 73
47 99
47 91
47 70
47 87
47 78
48 87
48 75
48 76
48 70
48 99
49 74
49 82
49 76
49 70
49 96
49 63
49 82
49 97
50 78
50 77
50 63
50 91
50 94
51 52
51 81
51 58
51 63
51 77
52 80
52 57
52 66
52 98
52 65
53 99
53 71
53 90
53 94
53 95
54 61
54 72
54 59
55 61
55 86
55 76
56 70
56 71
57 75
57 66
57 86
57 71
57 60
57 79
58 74
58 64
58 81
58 96
58 60
58 93
59 91
60 71
60 88
61 85
61 71
61 81
62 78
62 76
62 64
62 89
62 78
63 74
63 84
63 77
63 86
64 78
64 72
64 71
65 86
65 92
66 76
66 80
66 88
67 97
68 99
68 85
68 93
68 75
69 82
69 80
69 79
70 99
70 77
70 84
70 94
70 88
71 87
72 94
72 96
72 81
72 98
74 95
74 91
75 87
75 99
76 88
76 80
77 83
77 96
77 96
78 86
78 98
79 94
79 97
79 80
79 89
80 92
80 89
81 99
83 87
83 84
84 96
85 91
86 90
87 95
88 98
88 90
89 92
90 93
90 94
91 99
91 99
92 95
92 95
95 97
96 97
