0 96
0 31
0 98
0 86
0 17
0 54
0 46
0 69
0 93
0 91
1 6
1 65
1 43
1 8
1 66
1 46
1 51
1 32
2 45
2 31
2 49
2 14
2 10
2 23
3 39
3 58
3 66
3 22
3 28
3 7
3 99
3 20
4 11
4 21
4 17
4 26
4 75
5 72
5 62
5 37
5 48
5 87
5 49
5 26
5 38
5 44
5 10
6 77
6 52
6 32
6 89
7 78
7 42
7 37
7 88
7 71
7 47
7 8
7 31
7 78
7 72
8 92
8 63
8 60
8 18
8 50
8 19
8 85
8 74
8 55
9 62
9 33
9 57
9 66
9 75
9 98
9 55
10 57
10 20
10 24
10 84
10 29
11 45
11 86
11 75
11 71
11 53
12 70
12 77
12 82
12 37
12 26
12 50
12 65
12 91
13 52
13 21
13 86
13 98
13 99
13 34
13 86
13 52
13 82
14 89
14 80
14 79
14 80
14 67
14 36
15 46
15 62
15 30
15 46
16 96
16 61
16 89
16 95
16 53
16 72
16 53
16 90
17 63
17 70
17 83
17 27
17 93
17 86
17 21
17 94
18 38
18 93
18 88
18 82
18 77
19 25
19 78
19 48
19 39
19 38
19 75
19 37
19 64
19 61
19 58
20 38
20 84
20 99
20 49
20 75
20 46
20 37
20 80
20 55
20 94
20 42
20 79
20 53
20 81
21 60
21 28
21 59
21 47
21 61
21 56
21 45
21 85
21 41
22 97
22 39
22 97
22 82
22 37
22 58
22 28
22 69
22 60
22 83
22 81
22 51
22 42
23 72
23 53
23 78
23 35
23 39
23 77
23 80
23 78
23 93
23 28
24 67
24 68
24 99
24 40
24 68
24 43
24 37
25 49
25 57
25 94
25 53
25 40
25 79
25 71
25 98
25 52
25 27
25 56
26 51
26 32
26 88
26 78
26 45
27 35
27 41
27 46
27 73
27 41
27 89
27 85
27 80
27 44
27 81
27 39
27 36
27 57
28 53
28 59
28 66
28 96
28 56
28 53
28 48
28 77
28 63
28 98
28 49
29 31
29 41
29 60
29 50
29 34
29 96
29 50
29 65
30 60
30 84
30 56
30 88
30 33
30 96
30 80
31 60
31 38
31 90
31 51
31 90
31 76
32 54
32 72
32 98
32 95
32 95
32 98
32 83
32 48
32 65
32 35
33 98
33 36
33 89
33 81
33 68
33 54
33 53
34 99
34 68
34 82
34 80
34 99
35 83
35 77
35 89
35 81
35 69
35 65
35 67
35 71
35 91
35 63
35 72
35 54
35 37
36 74
36 39
36 83
36 93
36 37
36 89
36 40
37 51
37 67
37 66
37 99
38 63
38 75
38 40
38 60
38 77
39 86
39 77
39 77
39 63
39 60
39 91
40 82
40 41
40 47
40 57
40 78
40 72
40 69
40 92
40 83
41 84
41 55
41 99
42 72
42 97
42 64
42 93
42 53
42 69
43 72
43 46
43 95
44 54
44 46
44 82
44 51
44 83
45 78
45 95
46 96
46 66
46 85
47 77
47 95
47 49
47 57
47 82
47 78
48 70
48 57
48 82
48 80
48 75
48 61
48 67
48 86
48 99
49 69
49 50
49 89
49 68
50 84
50 70
50 73
50 51
50 99
50 82
50 78
51 65
51 64
51 67
51 87
51 56
51 53
51 78
51 89
52 60
52 74
52 87
52 61
52 73
52 97
52 62
53 96
53 62
53 79
54 80
54 87
54 59
55 68
55 97
55 57
55 70
56 58
56 71
56 68
57 80
57 82
57 81
57 69
57 60
59 98
59 74
59 75
59 95
59 80
60 78
60 85
60 66
60 72
60 63
60 97
60 87
60 68
61 91
61 68
61 97
61 70
61 78
61 98
62 80
62 77
62 71
62 87
63 90
63 85
63 80
63 87
63 88
64 70
64 97
64 92
64 79
64 93
65 86
65 94
65 80
65 67
65 69
66 81
67 91
67 85
67 77
67 91
67 71
67 93
68 88
68 69
69 76
69 93
69 86
69 82
70 78
70 98
71 93
71 91
71 94
72 79
72 77
72 96
72 78
74 94
74 93
74 81
74 83
75 98
77 79
77 86
78 82
78 99
78 80
79 80
79 91
79 89
79 89
79 99
80 99
80 97
80 86
81 88
81 95
82 84
82 98
82 87
84 85
84 95
85 93
85 90
86 95
87 91
87 96
89 97
94 96
95 96
96 98
