0 67
0 75
0 90
0 83
0 81
0 5
0 87
0 19
0 13
0 74
1 61
1 20
1 90
2 97
2 9
2 32
2 57
2 41
2 86
2 61
2 22
2 77
2 83
2 43
3 72
3 79
3 42
3 82
3 59
3 97
3 28
3 92
3 35
4 86
4 31
4 66
4 25
4 11
4 24
4 39
4 52
4 50
4 78
4 12
4 31
4 18
4 31
4 12
5 35
5 83
5 39
5 65
5 63
5 49
5 48
5 41
5 75
5 14
5 8
5 10
5 27
5 99
5 76
6 74
6 43
6 90
6 90
6 59
6 74
6 36
6 14
6 24
6 71
6 20
6 17
7 86
7 54
7 21
7 44
7 36
7 42
7 57
7 61
7 98
7 55
7 83
7 36
7 9
7 86
7 72
8 83
8 71
8 48
8 53
8 96
8 16
8 97
8 9
8 78
8 68
8 34
8 29
9 62
9 78
9 93
9 44
9 49
9 87
10 12
10 37
10 68
10 70
10 93
10 73
10 65
10 66
11 91
11 67
11 28
11 34
11 14
11 82
11 90
11 56
12 70
12 22
12 16
12 37
12 90
12 17
13 61
13 93
13 21
13 82
13 83
13 89
13 76
13 46
13 67
13 36
13 84
14 59
14 17
14 62
14 72
14 78
14 84
14 97
14 69
14 20
14 78
15 59
15 65
15 26
16 58
16 71
16 37
16 73
16 87
17 43
17 41
17 97
17 77
17 29
17 20
18 98
18 21
18 89
18 69
19 97
19 77
19 97
19 22
20 47
20 40
20 37
20 47
20 70
20 50
20 67
20 38
20 77
20 82
21 83
21 34
21 44
21 34
21 82
21 88
21 74
21 69
22 53
22 51
22 45
22 49
22 42
22 59
23 89
23 79
23 46
23 53
23 48
24 93
24 50
24 60
24 70
24 43
24 89
24 40
24 30
25 86
25 44
25 87
26 53
26 96
26 54
26 30
27 78
27 93
27 91
27 68
27 95
27 99
27 48
28 81
28 94
28 92
28 54
28 53
28 70
28 46
29 56
29 81
29 64
29 53
29 98
29 31
29 39
29 67
30 95
30 66
30 59
30 75
30 41
30 31
30 89
30 79
30 87
30 97
30 79
31 55
31 60
31 33
31 59
31 56
32 43
32 39
32 42
32 98
32 41
32 99
32 82
32 96
33 99
33 62
33 34
33 41
33 57
33 94
33 73
33 44
33 98
34 56
34 74
34 48
34 35
34 68
35 42
35 93
35 48
35 74
35 73
35 93
35 38
36 86
36 39
36 67
36 85
36 47
37 88
37 47
37 46
38 66
38 80
38 58
38 77
38 72
38 55
38 74
38 45
38 63
39 60
39 88
39 92
39 91
39 56
39 75
39 57
39 71
39 94
39 78
39 86
39 98
39 51
39 47
40 97
40 74
40 87
40 61
40 62
40 47
40 90
40 65
40 97
40 55
40 45
40 82
41 57
41 60
41 57
42 95
42 86
42 50
42 94
42 58
42 43
43 97
43 95
43 47
43 92
43 70
43 85
43 79
44 77
44 64
44 75
44 46
44 96
45 60
45 62
45 84
45 57
45 81
45 65
45 81
46 65
46 64
46 98
46 67
47 81
47 67
47 69
47 80
48 66
48 76
48 52
48 60
48 69
48 54
48 88
48 99
49 59
49 85
49 51
49 54
49 64
50 68
50 89
50 98
50 99
50 67
50 72
50 77
50 59
51 86
51 85
51 83
51 95
51 94
52 73
52 56
52 82
53 62
54 60
54 73
54 95
54 78
54 64
54 61
54 64
54 74
54 75
55 86
55 80
55 86
56 92
56 82
56 83
56 87
56 60
56 92
56 72
56 90
57 64
57 97
57 85
57 64
58 61
58 98
58 98
58 87
58 82
58 71
59 76
59 70
59 85
59 64
59 97
60 61
60 74
60 99
61 73
61 71
61 78
62 94
62 87
62 64
63 81
63 83
63 96
63 99
63 97
64 91
64 92
65 99
65 97
66 78
66 92
66 77
66 69
67 90
67 78
67 79
68 83
68 92
68 80
68 88
68 79
69 99
69 71
70 72
70 92
70 79
70 99
71 78
72 84
72 88
73 91
74 87
74 85
74 75
74 88
75 82
75 92
76 82
76 79
77 85
78 80
78 99
79 99
79 89
80 93
80 88
81 83
81 87
81 93
82 91
82 84
82 94
83 93
84 87
87 88
88 91
89 90
89 91
89 99
93 97
93 98
95 99
96 97
