0 83
0 55
0 52
0 20
0 58
0 97
0 45
0 96
0 27
0 40
1 61
1 26
1 55
1 16
1 71
1 85
1 72
1 24
1 49
2 31
2 34
2 12
2 3
2 41
3 87
3 76
3 10
3 58
3 79
3 5
3 23
3 71
3 97
3 41
3 88
3 79
3 67
3 91
4 49
4 94
4 22
4 95
4 14
4 27
5 33
5 18
5 9
5 57
5 65
5 98
5 21
5 97
5 93
6 65
6 85
6 79
6 45
6 65
6 31
6 42
7 79
7 99
7 91
7 96
7 43
7 13
7 62
7 58
8 50
8 94
8 30
8 18
8 9
8 89
8 21
8 76
8 27
8 37
8 27
8 47
8 49
9 74
9 72
9 24
9 13
9 80
9 39
9 41
9 50
10 79
10 41
10 98
10 21
10 68
10 83
10 78
10 83
10 59
10 26
11 32
11 62
11 85
11 74
11 26
11 44
11 62
11 95
12 50
12 39
12 90
12 35
12 19
12 80
13 97
13 30
13 44
13 76
13 77
13 88
13 44
13 83
14 28
14 32
14 16
14 92
14 67
14 30
14 54
14 76
15 43
15 79
15 48
15 70
16 81
16 63
16 44
16 33
16 86
16 79
16 32
16 66
16 91
16 54
16 37
17 55
17 62
17 38
17 30
17 87
17 37
17 63
17 56
17 71
18 55
18 77
18 55
18 37
18 75
18 92
18 48
18 80
18 50
19 28
19 93
19 70
19 74
19 94
19 42
19 75
19 85
19 58
19 33
19 64
19 59
20 81
20 66
20 99
20 27
20 48
20 45
20 63
21 67
21 96
21 41
21 73
21 97
21 23
21 38
22 38
22 60
22 37
22 89
22 60
22 42
22 38
22 38
23 31
23 70
23 71
23 57
23 77
23 33
24 43
24 73
24 53
24 56
24 35
24 57
24 61
24 29
24 65
24 88
24 76
25 33
25 49
25 88
25 47
25 56
25 71
25 58
25 45
25 43
25 38
25 51
25 43
26 48
26 31
26 81
26 43
26 34
26 58
27 46
27 80
27 53
27 56
27 68
27 33
27 28
27 60
28 76
28 69
28 99
28 98
28 68
28 37
28 98
28 67
29 89
29 94
29 69
29 45
29 98
30 93
30 71
30 67
30 99
30 95
30 43
30 63
30 95
31 73
31 33
31 88
31 54
31 38
31 78
31 35
32 99
32 40
32 59
32 62
32 48
32 75
32 86
32 40
33 44
33 43
33 36
33 72
33 57
33 88
33 63
33 82
33 69
33 82
34 40
34 66
34 58
34 36
34 49
35 65
35 86
35 45
35 86
35 43
35 55
35 52
35 96
35 75
35 86
36 75
36 67
36 86
36 78
36 81
37 81
37 65
37 48
37 56
37 51
37 52
37 62
37 50
37 48
38 85
38 70
38 61
38 43
39 86
39 89
39 58
39 99
39 97
39 76
40 43
40 99
40 91
40 55
40 93
41 85
41 79
41 50
41 63
41 59
41 68
42 43
42 73
42 62
42 57
42 75
42 87
43 92
43 65
43 64
43 49
43 98
43 61
43 76
44 91
44 72
44 71
44 65
44 46
44 75
44 94
45 47
45 93
45 99
45 64
45 74
45 77
46 74
46 65
46 82
46 64
46 88
46 75
47 77
47 78
47 67
48 75
48 98
48 53
48 64
49 55
49 93
49 80
49 89
49 88
49 84
49 80
50 81
50 81
50 96
50 74
51 94
51 99
51 59
51 71
51 59
52 97
52 82
52 73
53 72
53 97
53 68
53 93
53 59
54 55
54 75
54 72
54 90
54 80
55 58
55 93
55 59
55 99
56 89
56 78
56 88
56 78
56 85
57 59
57 89
57 81
57 64
57 83
57 91
58 98
58 85
58 85
58 67
58 96
59 82
59 64
60 89
60 73
60 98
61 71
61 93
61 89
63 67
63 78
63 74
63 95
63 65
64 96
64 89
64 89
64 73
65 66
65 72
65 72
65 89
65 92
65 79
66 83
66 81
66 90
66 82
67 87
67 86
67 68
68 93
68 75
69 95
69 85
69 91
70 87
72 81
72 95
72 76
72 88
72 84
73 74
73 93
74 90
74 80
75 81
75 80
75 77
76 86
76 95
76 85
76 87
76 96
77 94
77 89
77 83
78 88
79 91
79 83
79 84
80 91
81 82
81 92
82 99
82 95
83 99
83 98
84 92
84 98
85 88
85 89
90 92
90 95
93 96
93 98
93 95
96 97
