0 9
0 18
0 88
0 36
0 48
0 6
0 43
0 36
0 65
0 67
0 59
1 66
1 26
1 73
1 36
1 71
1 45
1 76
1 21
1 98
1 55
1 72
1 6
1 86
1 16
1 34
1 33
1 91
1 60
1 68
2 17
2 3
2 82
2 8
2 93
2 36
2 21
2 57
2 85
3 23
3 36
3 38
3 87
3 94
4 5
4 39
4 37
4 18
4 48
4 8
4 29
4 90
4 82
4 98
4 19
4 44
4 43
4 16
4 22
4 36
5 45
5 16
5 85
5 81
5 75
5 28
5 12
5 22
5 86
5 53
5 11
5 40
5 18
6 15
6 33
6 37
6 15
7 73
7 17
7 89
7 42
7 87
7 21
7 40
7 52
7 70
7 98
8 77
8 13
8 91
8 94
8 73
8 61
8 36
8 98
8 57
8 41
8 99
9 99
9 90
9 48
9 12
9 12
9 60
10 66
10 92
10 85
10 29
10 31
10 90
10 98
10 68
10 48
10 76
10 62
11 79
11 87
11 56
11 94
11 20
11 83
11 46
12 60
12 83
12 70
12 33
12 64
12 42
12 31
12 37
13 97
13 92
13 43
13 74
13 46
13 99
13 83
13 73
13 30
13 21
13 68
14 19
14 58
14 89
14 30
14 89
14 29
14 60
14 89
14 91
14 70
14 98
14 77
14 65
14 82
15 30
15 28
15 27
15 52
15 97
15 75
16 75
16 23
16 93
16 41
16 21
16 55
16 88
16 96
16 70
16 25
16 64
17 87
17 65
17 40
17 68
17 59
17 78
17 59
18 58
18 69
18 45
18 42
18 83
18 20
18 53
18 66
18 57
19 35
19 49
19 44
19 50
19 73
20 72
20 90
20 87
20 43
20 87
20 82
20 54
20 47
20 25
21 96
21 94
21 82
21 33
22 38
22 83
22 83
23 80
23 86
23 79
23 50
23 79
23 58
23 27
23 45
23 40
24 85
24 72
24 80
24 92
24 68
25 94
25 90
25 89
25 51
25 49
25 86
25 87
25 45
25 56
25 35
25 36
25 93
26 32
26 55
26 76
26 64
26 35
26 76
26 38
26 82
26 55
26 27
27 72
27 97
27 35
27 56
27 66
28 89
28 45
28 48
28 37
28 54
28 35
28 37
28 29
28 59
29 66
29 82
29 78
29 31
29 38
29 92
29 46
29 97
30 69
30 48
30 41
30 87
30 65
31 33
31 33
31 70
31 98
31 97
31 75
31 58
32 91
32 55
32 96
32 63
32 93
32 48
32 66
32 44
33 44
33 38
33 39
33 63
33 58
33 63
34 74
34 70
34 87
34 91
34 61
34 75
34 74
34 95
34 88
34 58
35 65
35 76
35 83
35 78
35 43
36 96
36 55
36 58
36 87
36 45
37 68
37 99
37 80
38 77
38 56
39 89
39 56
40 45
40 71
40 90
40 75
40 52
40 80
40 95
40 62
40 44
41 44
41 80
41 53
41 65
42 66
43 69
43 66
43 46
43 67
43 96
43 77
43 81
44 85
44 68
44 93
44 92
44 90
44 83
45 80
45 81
45 99
45 92
45 80
46 58
46 52
46 49
46 49
46 50
47 63
47 79
47 89
48 70
48 77
48 77
48 76
48 93
48 76
49 68
49 80
49 53
49 65
49 80
50 79
50 96
50 79
50 69
50 93
50 95
50 77
51 66
51 93
51 86
51 57
52 71
52 66
53 74
54 75
54 90
54 78
54 93
54 98
54 76
54 83
55 77
55 98
55 66
56 74
56 95
56 86
56 95
56 96
56 65
56 74
57 83
57 70
57 78
57 72
57 87
58 80
58 95
59 89
59 61
60 90
60 82
60 73
60 71
60 72
61 98
61 93
61 67
61 69
61 86
61 74
61 65
61 80
61 82
61 70
62 95
62 73
62 67
62 81
62 96
62 87
63 80
63 83
64 79
64 67
64 79
64 68
64 67
65 85
65 78
65 99
65 72
65 88
65 96
65 92
65 66
66 79
66 69
67 71
67 84
67 86
68 80
68 90
69 77
69 85
69 95
69 85
70 85
70 85
70 91
70 71
70 81
70 86
70 85
71 82
71 98
71 86
72 89
72 83
73 99
74 76
74 89
75 78
75 80
75 86
76 87
77 95
77 81
78 80
79 96
79 88
80 84
80 82
80 96
81 99
82 99
82 97
82 84
83 90
83 96
84 90
85 98
85 99
86 95
87 98
88 96
93 99
94 96
96 98
