0 65
0 87
0 98
0 95
0 78
0 53
0 23
0 32
0 96
0 30
0 4
1 26
1 18
1 72
1 41
1 96
1 90
1 23
1 70
1 71
1 97
1 47
1 74
1 54
2 83
2 49
2 12
2 98
2 35
2 43
3 11
3 81
3 72
3 52
3 8
3 36
3 10
3 98
3 84
4 22
4 33
4 96
4 74
4 75
4 63
4 48
4 38
5 13
5 97
5 27
5 90
5 78
5 31
5 67
5 18
5 44
5 53
6 29
6 36
6 18
6 24
6 89
6 72
6 23
6 37
6 24
6 99
6 81
7 99
7 23
7 70
8 83
8 78
8 50
8 48
8 20
8 17
8 25
8 15
8 73
9 87
9 54
9 45
9 67
9 45
9 74
9 99
9 88
9 81
9 36
9 41
9 22
10 86
10 16
10 24
10 36
10 67
10 73
10 34
10 76
11 36
11 12
11 17
11 87
12 74
12 55
12 65
12 17
12 85
12 98
12 48
12 74
12 17
13 22
13 26
13 24
13 22
13 62
13 49
13 14
13 63
14 16
14 66
14 51
14 49
14 55
14 90
14 36
15 87
15 88
15 83
15 19
16 40
16 83
16 56
16 60
16 87
16 86
16 89
16 88
16 74
16 50
17 28
17 68
17 65
17 82
17 50
17 19
18 90
18 71
18 34
18 47
18 91
18 75
18 86
18 67
19 51
19 65
19 44
19 22
19 87
19 21
19 50
19 75
19 72
19 36
20 28
20 35
20 69
20 29
20 26
20 93
20 95
20 75
20 50
20 33
20 76
20 43
21 66
21 96
21 82
21 24
21 49
21 35
21 53
22 75
22 96
22 26
22 42
22 23
22 90
22 71
22 72
22 31
22 47
23 39
23 62
23 83
23 67
23 29
23 46
23 89
23 65
24 55
24 81
24 76
24 87
24 98
24 57
24 98
24 67
24 51
24 98
24 96
24 33
25 57
25 41
25 39
25 56
25 85
25 36
26 79
26 39
26 75
26 93
26 39
26 83
26 91
26 42
27 64
27 56
27 84
27 89
27 69
27 72
27 59
27 49
27 75
27 39
28 52
28 71
28 93
28 75
28 66
28 37
28 59
28 43
28 94
28 51
29 42
29 64
29 56
29 31
29 34
29 79
29 64
29 80
29 66
30 32
30 74
30 31
30 74
30 53
30 74
30 51
30 49
30 92
31 93
31 36
31 49
32 64
32 86
32 82
32 94
32 52
32 79
33 75
34 73
35 86
35 45
35 44
35 48
35 53
35 51
35 50
36 62
36 81
36 59
36 90
36 51
36 67
36 78
36 62
36 94
36 57
36 74
36 81
37 77
37 55
37 80
37 94
37 41
37 38
37 85
37 69
38 61
38 65
38 42
38 57
38 68
38 74
39 94
39 86
39 81
39 92
39 79
39 82
39 74
40 94
40 45
40 98
41 65
41 97
41 59
41 88
41 43
41 75
41 81
41 68
42 68
42 50
42 88
43 93
43 51
43 58
43 90
43 63
43 80
43 49
44 58
44 73
44 57
44 53
44 64
44 76
44 59
44 83
45 50
45 83
45 46
45 73
45 49
45 80
45 64
45 91
45 91
46 53
46 73
47 67
47 78
47 65
47 59
47 89
47 50
47 60
48 78
48 95
48 96
48 60
49 99
49 75
49 54
49 77
49 55
49 53
50 69
50 87
50 70
50 65
51 82
51 93
51 59
51 80
51 76
52 68
52 79
52 70
52 91
52 80
53 59
53 95
53 81
53 54
53 55
53 68
53 58
54 55
54 60
54 91
54 59
55 64
55 76
55 86
55 64
55 75
55 69
55 92
55 69
55 87
56 99
56 72
57 88
57 73
57 73
58 78
58 88
58 84
59 93
60 72
60 68
60 95
61 77
61 70
61 67
62 69
62 76
62 89
63 78
63 66
64 82
65 91
65 89
65 67
65 99
65 83
66 79
66 98
66 78
66 81
66 80
66 84
67 68
67 81
67 92
67 84
68 94
68 97
68 74
69 87
69 96
69 95
69 99
70 91
70 92
71 73
71 76
71 96
72 82
72 96
73 95
73 93
73 88
73 96
73 95
73 92
73 94
74 76
75 87
76 93
76 96
77 97
77 99
77 97
77 93
77 86
77 98
79 94
79 98
80 84
80 98
81 95
81 95
82 93
82 89
83 93
83 95
84 85
85 94
85 95
86 87
86 94
87 96
88 98
89 94
90 96
90 95
92 97
93 99
93 94
98 99
