0 90
0 70
0 22
0 77
0 92
0 11
0 14
0 29
0 40
0 72
0 24
1 42
1 65
1 94
1 98
1 84
1 89
1 79
1 47
1 92
1 80
1 31
2 66
2 38
2 57
2 12
2 64
2 33
2 20
2 67
2 58
2 44
2 56
2 29
3 14
3 97
3 9
3 80
4 64
4 47
4 48
4 14
4 59
4 41
4 85
4 94
4 20
5 29
5 94
5 81
5 13
5 25
5 92
5 27
5 24
5 40
5 35
5 53
5 56
5 99
5 58
5 85
5 67
5 67
6 55
6 37
6 29
7 9
7 76
7 98
7 95
7 46
7 9
7 67
7 70
7 87
7 21
7 89
7 89
8 44
8 74
8 32
8 96
8 17
8 97
9 29
9 65
10 70
10 13
10 13
10 80
10 44
10 77
10 59
10 64
11 89
11 81
11 95
11 85
11 61
11 27
11 27
11 82
11 32
11 17
12 93
12 39
12 59
12 29
12 18
12 41
12 36
12 36
13 78
13 15
13 89
13 67
13 39
13 23
13 32
13 63
13 73
13 71
14 83
14 48
14 43
14 26
14 21
15 56
15 48
15 78
15 26
15 89
15 92
15 43
15 40
15 40
15 53
15 40
16 85
16 70
16 74
16 41
16 54
16 72
17 79
17 51
17 44
17 54
17 67
17 45
18 92
18 24
18 55
18 68
18 31
19 96
19 94
19 38
19 75
19 87
19 34
19 35
19 62
19 62
19 70
20 68
20 34
20 36
20 69
20 84
20 47
20 58
20 92
20 21
21 61
21 26
21 60
21 33
21 85
22 69
22 48
22 87
22 25
22 85
22 99
22 61
22 92
23 79
23 55
23 32
23 75
24 32
24 76
24 70
24 37
24 41
24 82
24 59
24 45
24 47
24 87
25 80
25 79
25 52
25 40
25 44
26 38
26 68
26 89
26 86
26 32
26 56
26 93
26 54
26 42
27 86
27 69
27 87
27 75
27 95
27 47
27 47
28 36
28 36
28 98
28 60
28 43
28 53
28 51
28 52
28 87
29 60
29 90
29 76
29 85
29 87
29 65
29 62
29 56
29 89
29 65
29 89
30 87
30 33
30 86
30 59
31 68
31 37
31 90
31 48
31 43
31 36
32 47
32 89
32 54
32 38
32 35
32 94
32 49
32 50
32 52
32 91
32 47
32 40
32 40
32 98
33 85
33 67
33 95
33 88
33 40
33 86
33 97
33 56
33 87
33 97
33 89
34 84
34 69
34 74
34 93
34 82
34 85
34 94
34 46
35 46
35 46
35 83
35 44
36 87
36 96
36 84
36 84
37 55
37 62
37 42
37 67
37 62
38 74
38 92
38 44
38 85
38 84
39 57
39 61
39 69
39 72
39 59
39 99
39 62
39 46
39 56
39 90
40 64
40 63
40 81
40 62
40 48
41 94
41 92
41 75
41 66
41 44
41 62
41 98
41 77
41 72
42 73
42 43
42 88
42 53
42 91
43 79
43 69
43 70
43 64
43 53
44 94
44 80
44 94
44 75
44 65
45 99
45 74
45 81
45 63
45 94
45 86
45 59
45 91
46 85
46 53
46 87
46 73
47 90
47 90
47 94
47 94
47 98
47 98
47 88
47 58
48 96
48 97
48 64
49 71
49 81
49 87
49 63
49 54
49 55
49 91
49 59
49 91
50 57
50 54
50 99
51 66
51 66
51 94
51 53
51 83
51 93
51 83
51 83
52 88
52 65
52 66
53 76
53 80
53 87
54 82
54 81
54 80
55 84
55 90
55 99
55 79
55 84
55 69
55 70
56 73
56 82
56 97
56 92
57 66
57 85
57 99
57 89
57 90
58 85
59 95
59 63
60 96
60 75
60 80
60 73
60 76
61 77
61 89
61 64
62 63
62 74
62 95
62 72
63 65
64 70
64 97
64 85
65 87
65 98
65 99
65 98
66 77
66 94
67 80
68 82
68 72
68 78
68 85
68 86
68 90
69 78
69 88
69 71
69 87
69 72
69 85
70 88
70 85
70 99
70 88
71 95
71 72
71 85
71 90
72 87
72 80
72 74
72 97
72 97
73 93
73 96
73 97
74 83
74 83
75 80
75 88
75 85
75 87
75 87
76 88
76 77
76 87
77 85
77 84
77 97
78 96
79 80
79 97
80 87
81 88
81 99
82 85
82 90
83 98
84 96
86 97
86 93
87 99
88 93
88 98
90 95
91 94
92 97
92 95
93 95
93 98
98 99
