0 65
0 70
0 45
0 51
0 1
0 60
0 49
1 42
1 31
1 80
1 84
1 9
1 22
1 29
1 13
2 47
2 81
2 75
2 85
2 95
2 13
2 7
2 14
2 15
3 85
3 47
3 85
3 79
3 30
3 80
3 86
3 7
3 18
3 16
3 68
4 58
4 87
4 71
4 76
4 23
4 64
5 55
5 8
5 77
6 13
6 92
6 20
6 16
6 38
6 15
6 58
6 22
6 79
7 24
7 63
7 24
7 59
7 94
7 79
7 92
7 36
7 75
7 55
8 23
8 72
8 9
8 31
8 63
8 69
8 78
8 60
8 70
8 94
8 96
9 28
9 20
9 32
9 87
9 32
9 41
10 70
10 46
10 78
10 37
10 68
10 59
10 99
10 19
10 53
11 73
11 38
11 75
11 62
11 22
11 41
11 16
11 17
11 43
11 68
12 93
12 61
12 29
12 18
12 26
12 53
12 39
12 89
12 19
12 53
12 97
12 88
12 27
13 28
13 89
13 31
13 34
13 26
13 50
13 69
13 82
14 41
14 69
14 25
14 38
14 68
14 64
14 21
14 31
15 77
15 77
15 73
15 91
15 26
15 62
15 59
15 16
15 51
15 64
16 98
16 57
16 89
16 53
16 76
16 63
16 21
16 92
16 20
16 93
16 99
16 34
16 21
16 33
16 89
16 97
16 67
16 18
16 38
17 96
17 32
17 96
17 66
17 35
17 72
18 44
18 81
18 50
18 84
18 82
18 51
18 88
18 86
18 77
18 94
18 61
19 61
19 82
19 88
19 22
19 89
19 94
19 31
19 80
19 33
19 90
19 22
19 57
20 31
20 59
20 56
20 60
20 52
20 28
20 43
20 87
20 84
20 97
20 76
21 86
21 71
21 35
21 62
21 49
21 73
21 69
21 34
21 51
21 81
21 63
21 96
22 53
22 86
22 68
22 41
22 79
22 82
22 41
22 66
22 33
22 71
23 52
23 98
23 79
23 84
23 55
23 55
23 42
24 63
24 96
24 43
24 81
24 97
24 32
24 92
24 35
24 29
25 26
25 82
25 78
25 46
25 54
25 68
25 82
26 28
26 73
26 31
26 34
26 71
26 89
26 43
26 42
26 47
26 29
26 39
27 31
27 63
27 56
27 54
27 50
27 73
27 57
27 76
27 67
28 51
28 37
28 41
28 68
28 33
28 31
29 70
29 43
29 63
29 55
29 99
30 80
30 99
30 92
31 49
31 40
31 56
31 70
31 33
31 91
31 49
32 72
32 61
32 51
33 68
33 90
33 55
33 52
33 82
33 81
33 97
35 48
35 76
35 87
35 49
35 46
35 93
35 67
35 80
35 99
36 87
36 37
36 91
36 66
37 94
37 40
37 98
37 62
37 55
38 74
38 89
38 58
38 74
39 50
39 98
39 63
39 64
39 89
39 67
39 49
39 89
40 59
40 82
40 90
40 94
40 84
40 81
40 71
41 54
41 53
41 78
41 44
41 98
41 85
41 74
41 93
42 64
42 50
42 90
42 60
42 90
42 70
42 95
42 81
42 57
43 45
43 74
43 61
43 44
44 86
44 72
44 47
44 64
44 63
44 62
44 47
44 95
44 75
45 66
45 94
45 54
45 68
46 92
46 58
46 47
46 90
46 81
46 72
46 49
46 67
47 77
47 52
47 77
47 77
47 64
47 90
47 64
47 54
47 91
48 97
48 73
48 85
48 80
48 75
48 88
49 91
50 76
50 75
50 76
50 90
50 66
51 59
51 86
51 99
51 74
51 71
52 69
52 81
52 90
52 84
52 53
52 90
52 80
53 66
53 57
54 95
54 83
54 72
54 89
54 76
54 77
55 60
55 57
55 87
55 91
55 93
55 99
56 57
56 66
56 87
56 69
57 82
57 96
57 95
58 96
58 97
59 74
60 61
60 71
60 71
61 69
61 91
62 70
62 65
62 86
62 72
62 66
63 82
63 67
64 77
64 66
64 98
64 85
66 76
66 78
66 82
66 79
66 73
66 84
67 99
67 72
67 73
68 73
68 88
69 90
69 98
69 76
70 73
70 80
71 97
71 97
71 80
71 75
71 74
71 80
72 73
72 75
72 84
73 82
73 97
73 79
73 82
73 88
75 84
76 93
76 82
76 85
77 78
78 91
78 97
79 97
80 90
80 94
80 81
80 93
80 83
83 87
84 89
84 97
84 99
85 89
85 90
86 88
88 99
88 92
89 98
89 96
91 94
