0 67
0 89
0 92
0 71
0 30
0 15
0 79
0 59
0 29
0 82
1 74
1 2
1 92
1 83
1 51
1 54
2 62
2 24
2 89
2 35
2 27
2 63
2 96
2 79
2 86
2 10
2 15
3 98
3 13
3 92
3 89
3 87
3 68
3 25
4 32
4 8
4 88
4 14
4 95
4 32
4 86
4 31
4 30
4 19
4 35
4 26
5 54
5 78
5 17
5 77
5 16
5 16
5 10
5 86
5 16
6 65
6 36
6 42
6 82
6 31
6 24
6 75
6 95
6 44
6 53
6 32
6 40
7 18
7 85
7 54
7 13
7 65
7 56
7 28
7 91
7 27
7 93
7 75
7 13
8 57
8 40
8 53
8 97
8 32
8 62
8 58
8 18
8 60
8 74
8 59
8 33
8 18
8 22
8 86
8 53
8 45
9 32
9 49
9 90
9 88
9 50
9 33
9 24
9 91
9 22
9 43
10 50
10 82
10 93
10 61
11 75
11 33
11 34
11 78
11 82
11 24
12 31
12 14
12 56
12 55
12 38
12 87
12 66
13 90
13 96
13 83
13 61
13 29
13 85
13 16
13 22
13 66
13 24
13 83
13 14
14 96
14 88
14 55
14 90
15 31
15 40
15 22
15 72
15 26
15 32
15 84
15 73
16 37
16 70
16 86
16 44
16 51
16 56
17 97
17 97
17 74
17 42
17 51
17 58
17 67
17 36
17 82
17 88
18 76
18 20
18 71
18 60
18 25
18 97
18 32
18 79
18 83
18 31
18 78
19 37
19 56
19 43
19 51
19 70
19 37
19 63
19 57
20 31
20 38
20 44
20 73
20 96
20 95
21 55
21 92
21 80
21 22
21 81
21 44
21 48
21 84
21 47
21 96
21 93
21 53
22 63
22 71
22 33
22 47
22 42
22 87
22 99
22 51
22 64
23 45
23 82
23 71
23 29
23 87
23 55
23 29
23 93
23 99
24 82
24 35
24 92
24 59
24 56
24 68
24 50
24 30
24 97
25 33
25 81
25 46
25 50
25 70
25 33
25 47
25 69
26 65
26 70
26 96
26 27
26 63
26 29
26 54
26 78
26 89
26 48
26 96
26 39
26 97
27 49
27 29
27 58
27 60
27 86
27 61
27 39
27 76
27 61
27 33
27 41
27 54
28 49
28 71
28 34
28 56
28 40
28 53
29 63
29 68
29 32
29 71
29 69
29 56
30 38
30 71
30 31
30 77
30 88
31 38
31 52
31 98
31 49
31 91
31 60
31 85
32 33
32 68
32 76
32 46
32 90
32 83
32 73
32 43
33 80
33 80
33 53
33 85
33 35
33 67
34 36
34 77
34 89
34 87
34 84
34 92
34 78
34 88
34 78
35 90
35 38
35 83
35 91
35 57
35 65
36 99
36 49
36 92
36 45
37 93
37 77
37 69
37 97
37 78
37 62
37 50
38 40
38 93
38 71
38 63
38 44
38 86
39 85
39 81
39 49
40 85
40 91
40 51
40 53
41 96
41 77
41 93
41 57
41 96
41 92
41 61
41 73
42 80
42 96
42 47
42 54
42 46
42 82
42 75
43 83
43 47
43 50
44 54
44 80
44 63
44 69
44 65
44 88
44 81
45 93
45 75
45 86
45 89
45 92
45 68
46 94
46 55
46 75
46 67
46 68
47 66
47 50
47 91
47 92
48 68
48 92
48 63
48 83
48 71
48 88
49 65
50 70
50 65
50 68
50 87
50 94
50 76
51 98
51 65
51 78
51 63
52 88
52 61
52 72
52 94
52 69
53 56
53 59
53 93
54 76
54 74
54 61
54 97
55 97
55 91
55 89
55 86
56 78
56 66
56 84
56 83
56 76
57 60
57 96
57 93
57 79
58 59
58 67
58 88
58 70
58 89
58 99
58 64
59 82
59 67
59 90
59 62
59 75
59 83
60 73
60 68
60 68
60 87
60 76
61 93
61 70
62 99
62 99
62 95
62 99
62 90
63 94
63 75
63 79
63 85
64 92
64 83
64 74
64 85
64 91
64 78
64 98
65 82
65 70
66 94
67 77
67 74
68 75
68 96
69 97
69 84
70 95
70 95
71 96
73 82
73 94
73 91
73 76
73 74
73 75
74 77
74 87
75 80
75 89
76 83
76 80
76 90
78 83
79 83
79 85
81 88
81 92
82 92
82 85
82 91
82 83
82 91
84 92
85 86
86 96
86 91
86 89
86 95
88 92
89 91
90 98
92 98
