0 86
0 87
0 23
0 47
0 19
0 74
0 17
0 57
0 37
0 28
1 42
1 10
1 68
1 43
1 44
1 84
1 37
1 67
1 46
1 33
2 24
2 81
2 89
2 15
2 56
2 52
2 18
2 36
2 60
2 98
3 94
3 81
3 33
3 23
3 17
3 64
3 88
3 70
4 49
4 10
4 46
4 40
4 65
5 90
5 24
5 75
5 6
5 13
5 53
5 57
5 13
5 34
5 19
5 24
6 34
6 50
6 51
7 64
7 68
7 85
7 37
7 18
7 46
7 33
7 8
7 51
7 98
7 24
7 88
7 8
7 42
8 83
8 40
8 33
8 55
8 51
8 23
8 85
9 70
9 89
9 85
9 38
9 51
9 75
9 14
9 94
10 99
10 85
10 45
10 90
10 86
10 41
10 56
10 48
10 33
10 27
11 64
11 20
11 82
11 48
11 88
12 55
12 54
12 19
12 85
12 21
12 51
12 14
12 92
12 25
12 36
13 44
13 42
13 84
13 83
13 61
13 36
13 79
13 60
13 65
13 93
13 27
14 36
14 26
14 37
14 77
14 29
14 99
14 61
14 76
15 73
15 28
15 29
15 30
15 99
15 34
15 91
15 61
15 95
15 48
15 81
15 92
16 17
16 94
16 98
16 63
16 37
16 90
16 98
16 31
16 97
16 53
16 94
16 64
16 97
16 41
17 79
17 72
17 78
17 61
17 74
17 83
17 61
17 26
17 76
17 87
18 80
18 35
18 61
18 31
18 26
18 71
18 71
18 22
19 65
19 43
19 59
19 59
19 98
20 31
20 75
20 92
20 65
20 90
20 54
20 84
20 28
21 65
21 92
21 24
21 39
21 93
21 66
21 96
22 69
22 43
22 72
22 29
22 83
22 69
22 29
22 53
22 79
22 63
22 30
23 27
23 30
23 29
23 68
24 46
24 97
24 48
24 55
24 31
24 47
24 78
24 70
24 40
25 62
25 59
25 81
25 43
26 41
26 86
26 96
26 92
26 99
26 81
26 45
26 42
27 40
27 39
27 97
27 67
27 36
27 29
28 65
28 43
28 51
28 68
28 30
28 34
28 73
29 38
29 69
29 98
30 69
30 58
30 35
30 48
30 62
30 68
30 90
31 97
31 42
31 38
31 65
32 35
32 99
32 37
32 81
32 72
32 59
32 39
32 85
32 76
33 66
33 44
33 41
33 77
33 66
33 51
34 36
34 86
34 53
34 96
34 51
34 71
34 67
34 48
34 60
35 40
35 46
35 50
35 37
35 96
35 69
35 96
35 65
35 51
35 85
35 82
36 83
36 97
36 38
36 39
37 42
37 54
37 49
37 62
37 58
37 89
38 67
38 65
38 47
38 50
38 98
38 57
38 54
39 74
39 49
39 55
39 99
39 47
39 43
39 78
39 66
39 57
39 88
39 79
40 82
40 90
40 99
40 41
40 51
41 60
41 44
41 90
41 48
41 75
42 46
42 43
42 64
43 81
43 90
43 65
43 84
43 52
43 93
43 96
43 47
43 59
43 79
43 79
44 83
44 64
44 63
44 46
44 51
44 47
45 87
45 99
45 96
45 47
46 71
46 67
46 75
46 55
47 73
47 56
47 92
47 68
47 75
47 51
48 52
48 75
48 49
49 88
49 98
49 61
49 73
49 59
50 94
50 62
50 80
50 98
50 61
50 85
50 91
50 84
50 96
51 75
51 62
51 90
51 57
51 74
51 81
52 88
52 54
52 55
52 67
52 76
52 74
53 65
53 92
53 95
53 98
53 97
53 64
54 59
54 69
54 83
54 91
54 65
54 56
54 97
54 98
54 80
54 71
55 76
55 94
55 89
55 98
55 80
55 94
55 66
56 81
56 74
56 99
56 73
57 83
57 91
57 62
57 99
58 82
58 98
58 80
59 90
59 86
59 96
59 84
59 87
59 91
59 96
60 72
60 93
60 75
60 64
60 73
61 72
61 74
61 65
62 80
62 76
62 86
63 77
63 96
63 70
63 78
64 75
64 75
65 77
65 68
66 84
66 72
66 79
68 72
68 81
68 95
69 82
69 74
69 85
69 75
69 91
70 78
70 96
71 76
71 99
72 76
73 81
74 88
75 97
75 84
75 76
75 99
76 98
77 94
78 99
78 97
79 97
79 86
79 94
79 99
79 94
80 82
82 89
82 93
82 87
82 84
82 98
82 93
83 98
83 94
83 84
84 89
85 92
87 98
89 97
93 95
96 99
