0 94
0 45
0 6
0 18
0 23
0 35
0 19
1 36
1 39
1 45
1 36
1 34
1 47
1 90
1 73
1 56
1 64
1 75
2 81
2 15
2 69
2 56
2 75
2 29
2 56
2 96
2 6
2 44
2 93
3 13
3 70
3 54
3 39
3 29
3 68
3 28
3 84
4 14
4 73
4 9
4 66
4 6
5 17
5 20
5 84
5 50
5 83
5 86
5 29
5 35
5 18
5 40
5 9
5 6
5 12
6 31
6 57
7 87
7 47
7 73
7 77
7 70
7 84
7 72
7 38
7 16
7 50
7 80
7 48
7 83
8 28
8 32
8 36
8 91
8 86
8 12
8 80
8 20
8 74
9 65
9 99
9 93
9 63
9 25
9 39
9 71
9 44
9 45
9 39
9 59
9 24
10 49
10 82
10 46
10 68
11 95
11 31
11 92
11 34
11 63
11 40
11 75
11 79
11 39
11 31
11 76
12 82
12 24
12 31
12 57
12 31
12 60
12 57
12 64
12 18
13 23
13 65
13 88
13 37
13 85
13 58
14 82
14 99
14 80
14 97
14 99
14 30
14 56
14 17
14 24
14 37
14 96
14 58
14 22
14 22
15 67
15 84
15 38
15 65
15 56
15 59
15 23
15 36
15 53
15 76
15 88
15 99
15 26
15 91
15 58
15 64
16 83
16 37
16 41
16 62
16 70
16 21
16 22
16 50
16 32
17 21
17 82
17 58
17 24
17 53
18 29
18 69
18 85
19 36
19 21
19 77
19 80
19 51
19 75
19 80
19 29
19 51
19 23
19 56
19 30
20 44
20 56
20 60
20 80
20 60
20 93
21 36
21 52
21 99
21 97
21 25
21 33
21 82
21 53
21 30
21 52
21 94
22 84
22 51
22 79
22 38
22 26
22 37
22 97
23 99
23 96
23 41
23 95
23 33
23 51
23 78
23 36
24 67
24 74
24 41
24 53
24 45
24 77
24 99
25 92
25 46
25 74
26 45
26 84
26 65
26 32
26 35
26 53
26 98
26 44
26 34
26 39
26 62
26 36
26 78
26 32
26 54
26 78
26 47
27 90
27 45
27 73
27 31
28 89
28 64
28 50
28 73
28 54
28 67
28 50
29 92
29 43
29 53
29 44
29 99
29 84
30 87
30 72
30 76
30 72
31 44
31 57
31 36
31 42
31 83
32 78
32 88
32 47
32 48
32 71
32 90
33 74
33 48
33 97
33 80
33 94
33 34
34 70
34 70
34 71
34 63
34 42
34 41
34 64
34 52
34 49
34 75
35 90
35 40
35 72
35 93
35 58
35 80
35 94
36 73
36 69
36 72
36 92
36 74
37 52
37 71
37 82
38 55
38 62
38 84
38 45
38 44
38 92
38 51
38 95
38 51
39 61
39 42
39 42
39 71
39 86
39 60
39 51
40 81
40 86
40 69
40 47
40 87
40 42
42 76
42 95
42 44
42 71
42 93
42 79
43 56
43 76
43 96
43 80
43 69
43 73
44 70
44 55
44 95
44 65
45 82
45 56
45 90
45 59
45 88
45 71
45 72
45 99
45 75
45 58
46 96
46 80
46 78
47 90
47 58
48 95
48 68
48 77
48 55
48 53
48 52
48 95
48 75
49 81
49 73
49 92
49 75
49 80
49 90
50 61
50 75
50 77
50 95
50 63
51 99
51 65
51 57
51 68
52 92
52 84
52 86
53 60
53 76
53 54
53 77
53 69
53 78
53 76
53 66
54 97
54 99
54 89
54 60
54 67
55 59
55 59
55 88
55 79
55 89
55 71
55 67
55 59
55 76
56 68
56 85
56 72
57 74
57 77
57 91
57 92
58 87
58 91
58 81
58 73
59 91
59 62
59 80
59 65
59 80
59 66
59 99
59 88
59 63
60 92
60 98
60 69
60 66
60 95
60 88
61 64
61 98
61 71
61 82
62 86
62 91
62 63
62 94
62 95
63 81
63 89
63 74
64 80
64 82
64 78
64 74
64 96
65 98
65 73
65 97
66 77
66 96
66 80
66 75
66 80
66 69
68 82
68 93
68 97
68 97
68 80
68 85
68 82
68 70
69 87
70 84
70 75
71 84
71 94
73 95
73 87
73 95
74 88
74 85
75 80
75 91
76 94
76 94
77 83
77 84
78 97
79 98
79 88
80 81
82 95
83 98
83 84
83 99
83 87
83 85
84 99
84 86
86 93
86 88
86 95
88 96
90 95
91 92
91 95
93 96
95 97
