0 57
0 78
0 23
0 81
0 41
0 99
0 25
0 16
1 37
1 46
1 55
1 41
1 83
1 76
1 11
1 9
1 3
1 15
1 19
2 9
2 38
2 66
2 95
2 56
2 70
2 21
2 77
2 39
3 88
3 98
3 85
3 14
3 67
3 69
3 27
3 98
3 25
4 19
4 68
4 52
4 78
4 15
4 76
4 72
4 48
4 9
4 43
4 88
4 42
4 87
4 49
5 8
5 14
5 11
5 94
5 19
5 68
5 98
6 83
6 56
6 17
6 48
6 99
6 43
6 38
6 72
7 48
7 97
7 69
7 63
7 88
7 96
7 37
7 82
7 75
7 13
8 46
8 19
8 55
8 50
8 55
8 69
8 10
8 20
8 48
8 85
8 91
8 65
8 64
9 59
9 68
9 97
9 82
9 17
9 76
9 89
9 24
10 68
10 18
10 73
10 11
10 97
10 86
11 47
11 90
11 35
11 97
11 16
11 24
11 78
11 12
11 49
11 92
11 27
12 53
12 82
12 88
12 33
12 85
12 24
12 90
13 77
13 18
13 90
13 96
13 21
13 65
13 99
13 38
14 36
14 43
14 37
14 81
14 57
14 15
14 22
15 87
15 95
15 47
15 94
15 63
15 49
16 31
16 87
16 37
16 56
16 17
16 67
16 97
16 51
16 90
16 71
16 26
17 96
17 20
17 41
17 31
17 78
17 80
17 29
18 29
18 44
18 30
18 47
18 72
18 98
18 23
19 59
19 34
19 30
19 26
19 44
19 27
19 75
19 52
19 56
19 29
19 65
19 34
19 99
19 42
19 91
20 24
20 51
20 66
20 32
20 72
20 93
21 75
21 91
21 80
21 27
21 65
21 46
21 29
21 45
21 62
22 53
22 96
22 86
22 39
22 72
22 42
22 88
22 65
22 61
22 24
22 27
22 96
23 62
23 92
23 96
23 77
23 50
23 93
23 24
23 97
23 73
24 38
24 50
24 99
24 69
24 31
24 76
24 63
24 56
24 92
24 70
24 59
24 36
25 96
25 73
25 42
25 94
25 41
25 62
25 69
25 67
25 67
25 83
26 38
26 88
26 96
26 99
26 51
26 83
27 49
27 97
27 58
27 72
27 35
28 47
28 55
28 31
28 59
28 63
28 65
28 58
28 49
28 47
28 29
29 48
29 34
29 57
29 65
29 59
29 68
29 58
29 78
29 54
29 45
29 72
29 64
29 71
30 60
30 67
30 59
30 79
30 60
30 90
30 91
30 67
31 77
31 38
31 94
31 77
31 70
31 33
32 46
32 69
32 94
32 82
32 52
32 53
33 45
33 65
33 89
33 65
34 69
34 76
34 60
34 73
34 37
34 63
34 56
35 62
35 53
35 61
35 36
35 80
35 51
36 54
36 68
36 37
36 44
36 73
36 53
36 62
37 67
37 92
37 39
37 46
37 86
37 95
37 88
38 56
38 50
38 98
38 48
38 76
39 77
39 94
39 95
39 87
40 41
40 78
40 77
40 68
40 41
40 47
41 51
41 91
41 86
41 77
42 88
42 53
42 73
42 95
42 71
42 47
42 74
43 83
43 80
43 70
43 48
43 51
43 76
43 51
43 75
43 61
43 66
44 86
45 75
45 48
45 96
45 62
45 69
45 97
45 55
46 76
46 56
46 60
46 92
46 50
46 71
47 53
47 89
47 69
47 96
47 52
47 98
48 65
48 56
48 54
48 52
49 55
49 77
50 67
50 99
51 98
51 92
51 61
51 58
52 53
52 84
52 59
52 65
53 79
53 56
53 83
53 60
54 60
54 57
54 61
55 97
55 77
55 71
55 80
56 59
56 85
56 79
56 93
56 75
57 65
57 74
57 75
57 93
57 67
57 76
58 72
58 76
58 77
58 99
58 64
59 74
59 94
59 65
60 86
60 62
61 95
61 68
61 90
61 67
62 91
62 69
62 76
62 63
62 66
63 95
64 77
64 90
65 85
65 72
65 90
65 89
65 88
66 84
66 96
67 92
68 89
68 81
69 95
70 82
70 91
71 72
71 83
72 92
72 84
72 96
72 81
73 88
73 81
73 85
73 85
74 79
74 85
74 97
74 89
75 76
76 98
78 98
78 89
78 90
78 81
79 92
79 89
79 99
80 81
80 85
80 88
81 97
81 82
81 93
82 84
84 94
84 85
84 98
84 88
84 98
85 98
85 89
86 93
87 88
88 95
89 90
89 93
89 95
89 95
91 92
92 95
