0 83
0 31
0 86
0 35
0 41
0 91
1 76
1 86
1 85
1 81
1 76
1 11
1 20
2 65
2 65
2 58
2 35
2 96
2 63
2 3
2 3
2 58
2 36
3 96
3 73
3 23
3 78
3 57
3 57
3 51
4 86
4 43
4 54
4 94
4 14
4 42
5 25
5 65
5 81
5 49
5 43
5 61
5 14
5 68
5 32
5 76
5 74
5 18
6 68
6 90
6 94
6 64
6 55
6 39
6 54
6 50
6 84
7 64
7 75
7 82
7 31
7 12
8 29
8 33
8 90
8 98
8 97
8 77
8 49
8 68
8 77
8 88
8 40
8 46
9 77
9 28
9 53
9 36
9 38
9 81
9 35
9 43
9 57
9 56
9 95
10 17
10 82
10 29
10 51
10 86
10 99
10 68
10 27
10 93
10 59
11 99
11 87
11 81
11 60
11 74
11 46
11 58
11 49
12 24
12 46
12 49
12 55
12 85
12 17
12 53
12 52
12 69
13 69
13 38
13 69
13 66
13 19
13 88
13 78
13 93
13 92
13 88
13 50
14 55
14 19
14 45
14 52
14 81
14 96
14 36
14 47
14 32
14 19
14 33
14 82
15 28
15 30
15 61
15 81
15 16
15 47
15 74
15 66
15 41
15 90
16 19
16 64
16 99
16 74
16 94
16 40
17 95
17 78
17 48
17 60
17 54
17 96
17 74
17 89
17 88
17 49
17 83
17 53
18 79
18 27
18 31
18 42
18 80
18 64
18 26
18 87
18 82
18 99
18 81
18 27
19 79
19 72
19 60
19 47
19 88
20 85
20 69
20 80
20 61
20 45
20 94
20 85
20 66
20 61
21 81
21 62
21 86
21 98
21 92
21 47
21 88
22 95
22 77
22 34
22 53
22 95
22 65
22 80
22 91
22 87
22 74
22 28
23 63
23 47
23 67
23 30
23 34
23 42
23 74
23 53
23 80
23 53
24 80
24 93
24 34
24 65
24 35
24 83
25 40
25 71
25 47
25 98
25 38
25 85
26 63
26 76
26 62
26 28
26 51
26 54
27 70
27 62
27 86
27 48
28 74
28 33
28 61
28 54
28 43
28 76
28 77
28 98
29 60
29 32
30 99
30 55
30 66
30 36
30 85
30 79
30 45
30 76
31 39
31 48
31 54
31 75
31 68
31 84
31 92
32 55
32 81
32 42
32 63
32 69
32 84
32 69
33 45
33 88
33 54
33 40
33 99
33 80
33 70
33 55
34 49
34 88
34 91
34 45
34 76
34 46
34 85
34 88
34 63
34 89
35 74
35 93
35 85
35 91
35 65
35 57
36 80
36 88
36 52
36 97
36 88
36 61
37 78
37 76
37 57
37 84
37 78
38 46
38 67
38 44
38 72
38 46
38 79
38 78
38 54
38 71
38 47
38 62
39 98
39 67
39 87
39 87
39 70
39 53
39 89
39 44
39 72
40 86
40 80
40 65
40 92
40 89
40 47
40 89
41 44
41 76
41 48
41 59
41 46
41 81
41 68
41 97
42 82
42 54
42 55
42 60
42 57
42 58
42 57
42 58
43 44
43 52
43 98
43 97
43 66
43 78
43 50
43 60
44 68
44 74
44 80
44 92
44 81
45 82
45 67
45 55
45 80
46 58
46 60
46 69
46 86
46 97
47 71
47 69
47 70
47 94
47 86
47 55
48 84
48 60
48 95
48 87
49 80
49 77
49 96
50 60
50 52
50 69
50 81
50 86
51 99
51 61
51 82
51 56
51 54
51 82
51 86
51 63
51 95
51 73
51 91
51 98
51 82
52 63
52 96
52 80
52 58
52 98
53 93
53 69
53 64
53 59
54 72
54 65
54 72
54 93
55 87
55 61
55 63
55 81
55 93
55 79
56 76
56 98
56 95
56 65
56 92
57 89
57 98
57 75
58 66
58 63
58 68
59 98
59 94
59 88
59 99
59 60
60 90
60 70
60 93
61 84
62 91
62 78
62 87
62 92
63 91
63 87
63 68
65 94
65 86
65 88
65 72
66 77
66 89
66 98
66 80
66 80
66 76
66 76
67 71
68 94
68 98
68 74
68 76
69 98
69 70
70 76
70 90
70 76
70 84
70 78
71 94
71 76
71 79
72 96
73 92
73 83
73 96
74 93
77 94
78 93
78 99
80 98
80 97
81 88
82 95
83 90
84 94
85 97
85 88
86 96
86 87
89 97
89 99
90 99
90 94
91 95
92 94
92 97
95 96
