0 20
0 25
0 22
0 76
0 21
0 43
0 15
1 15
1 56
1 11
1 40
1 40
1 50
1 96
1 98
1 94
1 68
1 54
1 77
1 22
2 11
2 84
2 30
2 45
2 13
2 11
2 97
3 22
3 55
3 44
3 36
3 60
3 56
3 84
3 59
4 90
4 38
4 72
4 16
4 29
4 48
4 64
5 29
5 80
5 92
5 36
5 57
5 85
5 21
5 95
5 61
5 68
5 23
5 52
6 60
6 25
6 73
6 55
6 17
6 73
6 16
6 92
6 17
6 15
6 22
7 28
7 49
7 79
7 10
7 50
7 50
7 48
7 78
7 35
7 68
8 74
8 29
8 47
8 59
8 42
8 30
8 12
8 27
8 25
8 35
8 50
9 79
9 66
9 47
9 85
9 24
9 94
9 74
9 26
9 56
10 77
10 38
10 43
10 27
10 41
10 23
10 44
10 31
10 83
10 47
10 54
10 93
10 57
11 30
11 35
11 76
11 30
11 71
11 21
11 45
11 32
11 46
11 50
12 83
12 62
12 63
12 20
12 16
12 52
12 62
13 66
13 84
13 44
13 85
14 35
14 80
14 93
14 63
14 31
14 74
14 58
14 23
14 69
14 24
14 45
14 58
14 32
14 54
14 79
14 40
15 25
15 37
15 54
15 57
15 66
15 73
15 53
15 67
15 47
15 61
15 31
16 51
16 93
16 70
16 27
16 62
16 94
16 23
16 97
17 43
17 97
17 45
17 82
17 68
17 25
17 54
18 96
18 19
18 23
18 25
18 20
19 43
19 82
19 35
20 47
20 81
20 46
20 45
20 94
20 37
21 88
21 55
21 48
21 66
21 62
21 50
21 31
21 33
21 68
21 39
21 68
22 79
22 55
22 63
22 32
22 55
22 45
22 68
22 33
22 50
22 79
22 78
23 61
23 48
23 40
23 65
23 92
23 77
23 39
23 90
23 26
23 69
23 88
23 37
23 84
24 67
24 66
24 59
24 41
24 83
24 59
24 78
24 96
25 53
25 82
25 94
25 88
25 73
25 84
25 69
25 62
26 51
26 35
26 80
26 70
26 42
26 63
26 79
26 97
26 63
26 50
26 46
26 98
27 51
27 53
27 83
27 91
28 39
28 54
28 39
28 99
28 86
28 51
28 76
28 62
28 29
28 78
29 79
29 34
29 40
29 60
29 64
29 89
30 43
30 37
30 39
30 82
30 89
30 92
30 31
30 98
30 57
31 70
31 92
31 65
31 91
31 81
32 34
32 42
32 63
33 81
33 92
33 84
33 95
33 93
33 37
34 54
34 99
34 91
35 50
35 83
35 40
35 69
35 43
36 86
36 62
36 70
36 63
36 44
36 75
36 95
37 87
37 88
37 50
37 45
37 99
37 82
38 50
38 97
38 74
38 56
38 49
38 49
39 44
39 66
39 91
39 74
39 92
39 61
39 66
39 52
40 95
40 41
40 72
40 46
40 98
41 83
41 62
41 81
41 95
41 85
41 61
41 66
42 43
42 53
42 48
42 72
42 93
42 67
42 56
43 46
43 77
44 88
44 58
44 53
44 69
44 90
44 88
45 70
45 51
45 72
45 87
45 60
45 68
45 83
46 84
46 80
46 88
46 94
46 77
46 89
47 69
47 56
47 60
47 54
47 55
48 97
48 96
48 73
48 77
48 87
48 68
48 98
48 83
48 69
49 57
49 79
49 58
49 87
50 51
50 73
50 87
50 70
50 98
51 70
51 57
51 52
52 89
52 56
53 81
53 84
53 67
53 58
54 95
54 63
55 68
55 65
55 71
56 84
56 83
56 88
56 97
57 67
57 70
57 59
58 91
58 63
59 89
59 94
59 95
59 62
60 64
60 83
60 69
61 70
61 81
61 88
62 65
62 77
62 77
62 85
63 85
63 74
63 70
64 69
64 89
64 91
65 70
65 78
65 74
66 80
66 87
67 73
67 68
67 90
67 92
67 92
67 69
67 85
68 96
68 91
68 93
68 81
68 79
68 72
68 70
69 89
70 92
70 73
70 90
70 98
72 93
73 79
73 95
74 90
74 92
74 98
74 90
74 85
75 80
75 99
75 85
75 91
75 85
75 94
76 96
76 87
77 89
77 85
77 85
77 80
78 92
79 81
79 87
80 90
81 86
82 97
83 88
83 84
85 99
85 96
85 94
86 99
86 94
87 93
87 98
88 97
89 98
90 97
91 92
92 95
92 95
93 97
95 99
96 97
