0 56
0 63
0 16
0 63
0 3
0 22
0 38
0 46
0 13
0 44
0 99
0 72
0 80
1 48
1 14
1 63
1 15
1 38
1 58
1 92
1 84
1 55
1 89
1 51
2 26
2 26
2 98
2 33
2 7
2 9
2 13
2 12
2 48
3 58
3 73
3 43
3 56
3 40
3 18
3 72
3 64
3 30
3 36
3 79
3 68
4 84
4 42
4 91
4 88
4 8
4 87
4 81
4 86
4 17
4 55
5 78
5 33
5 92
5 21
5 21
5 20
5 21
5 70
5 50
5 74
5 34
5 32
6 23
6 74
6 75
6 94
6 68
6 37
6 53
7 86
7 8
7 60
7 78
7 73
7 69
7 37
7 80
7 92
7 9
7 77
7 83
8 52
8 38
8 10
8 61
8 26
8 89
8 67
8 26
8 11
8 39
8 21
8 42
8 57
9 52
9 96
9 73
9 63
9 20
10 61
10 42
10 33
10 28
10 16
10 16
10 98
10 11
10 93
10 23
10 65
11 54
11 16
11 52
11 61
11 35
11 17
11 57
12 64
12 42
12 36
12 18
12 64
12 17
12 81
12 50
12 15
12 19
12 38
13 98
13 47
13 74
13 71
13 52
13 38
13 70
13 28
13 74
14 16
14 96
14 96
14 85
15 99
15 75
15 30
15 64
15 18
16 96
16 22
16 37
16 75
16 99
16 85
17 61
17 92
17 33
17 91
17 42
17 89
17 97
18 40
18 50
18 70
18 61
18 92
18 90
18 98
18 60
18 30
18 90
18 67
18 83
18 30
18 23
18 79
19 83
19 49
19 94
19 95
19 68
19 70
19 92
20 94
20 91
20 56
20 60
20 58
20 79
20 75
20 80
20 32
20 53
20 89
21 83
21 80
21 48
21 64
21 36
21 23
21 25
21 55
21 72
21 31
22 60
22 79
22 68
22 46
22 37
22 57
22 85
23 53
23 84
23 76
23 62
23 24
24 58
24 25
24 46
24 73
24 54
24 36
25 38
25 30
25 34
25 43
25 88
26 62
26 82
26 81
26 43
26 90
26 81
26 53
27 44
27 57
27 79
27 54
27 39
27 77
27 94
27 92
28 80
28 45
28 87
28 34
28 61
28 83
28 76
28 47
28 40
28 54
28 56
28 84
29 50
29 88
29 37
29 61
30 87
30 98
30 81
30 33
31 79
31 86
31 89
31 60
31 92
31 87
31 74
31 46
31 33
32 50
32 64
32 87
32 87
32 51
33 94
34 63
34 39
34 35
34 35
34 98
35 84
35 91
35 79
35 50
35 51
35 36
35 95
35 48
36 50
36 68
36 49
36 95
36 84
36 97
36 61
37 50
37 99
37 90
38 86
38 90
38 81
38 54
38 83
39 77
39 53
39 56
40 48
40 65
40 46
40 50
40 99
40 70
41 91
41 50
41 63
41 43
41 80
41 59
41 76
41 87
41 53
41 73
42 64
42 54
42 47
42 91
42 68
42 81
42 89
42 86
42 67
43 59
43 55
44 62
44 77
44 78
44 53
45 95
45 51
45 89
45 74
45 57
46 50
46 61
46 86
46 66
46 62
47 51
47 60
48 54
48 68
48 50
48 77
49 50
49 85
49 91
49 71
50 92
50 91
50 97
50 91
50 64
50 63
50 53
50 78
51 87
51 66
51 71
51 61
51 88
51 70
51 87
52 77
52 69
52 82
53 55
53 76
53 81
53 94
55 63
55 62
55 95
56 81
56 70
56 84
57 99
57 81
58 89
58 84
58 77
58 96
59 90
59 80
59 69
59 86
59 80
59 64
59 64
60 89
60 81
60 82
60 73
60 99
61 87
61 69
61 73
61 79
62 71
62 98
62 79
63 66
64 97
64 71
65 91
65 76
65 75
65 87
66 71
66 84
66 81
66 70
66 69
67 72
67 88
67 72
67 89
67 69
68 85
68 79
68 79
68 80
69 78
69 98
69 84
69 79
69 80
70 83
70 97
70 71
70 86
70 86
71 87
71 81
71 94
71 96
72 76
73 95
73 97
73 89
73 75
74 84
74 82
74 97
74 76
74 76
75 87
75 92
75 93
75 79
75 91
75 95
75 94
76 79
76 97
76 86
77 86
77 93
77 81
78 96
79 87
79 86
80 86
80 89
81 92
81 90
81 91
81 96
82 98
82 84
82 87
82 93
82 95
83 86
83 97
84 94
84 92
86 98
87 88
87 94
89 91
89 93
89 96
90 99
94 98
94 98
