0 39
0 71
0 78
0 74
0 79
0 59
0 99
0 47
0 89
1 24
1 61
1 36
1 73
1 57
1 10
2 29
2 3
2 87
2 76
2 52
2 89
3 39
3 17
3 33
3 70
3 18
3 22
3 20
3 70
3 10
3 67
3 79
3 48
3 9
4 84
4 10
4 83
4 30
4 11
4 29
4 43
4 51
4 99
4 44
4 87
4 98
5 83
5 13
5 19
5 80
5 34
5 30
5 43
5 81
5 32
6 28
6 40
6 34
6 12
7 73
7 27
7 40
7 73
7 38
7 27
7 28
7 33
7 14
7 25
7 74
7 51
7 12
7 74
7 37
8 13
8 34
8 18
8 49
8 38
8 22
8 31
8 91
8 92
8 79
8 12
8 24
9 40
9 38
9 91
9 24
9 38
9 58
9 85
9 57
9 94
9 46
9 20
9 71
10 88
10 34
10 30
10 60
10 26
10 26
10 15
10 45
10 55
10 91
10 69
10 31
11 87
11 37
11 18
11 83
12 84
12 93
12 36
12 31
12 50
12 55
12 24
12 23
13 30
13 75
13 71
13 82
13 58
13 35
14 34
14 43
14 80
14 89
14 15
14 98
14 51
14 98
14 36
15 73
15 87
15 51
15 63
15 55
15 60
15 53
15 46
15 24
16 97
16 30
16 70
16 55
16 72
16 70
16 90
16 35
16 28
16 17
17 76
17 70
17 27
17 62
17 26
17 53
17 51
17 59
17 70
17 46
18 56
18 72
18 25
18 55
18 57
18 82
18 50
18 85
18 96
18 78
18 98
18 92
19 39
19 54
19 64
19 53
19 72
19 50
19 71
19 46
19 26
20 64
20 21
20 56
20 97
20 84
20 61
20 70
20 21
21 24
21 66
21 37
21 22
21 43
21 49
21 45
21 61
22 42
22 81
22 38
22 93
22 41
22 87
23 45
23 89
23 94
23 30
23 52
23 43
23 36
23 43
23 94
23 56
24 55
24 69
24 42
24 98
24 55
24 92
24 58
24 74
25 81
25 97
25 48
25 48
25 76
25 67
25 77
25 82
25 65
25 73
25 47
26 34
26 27
26 39
26 36
26 41
26 56
26 46
26 97
26 65
26 36
26 99
26 93
27 76
27 61
27 97
27 51
27 92
27 58
28 68
28 56
28 29
29 30
29 72
29 76
29 32
29 33
30 88
30 71
30 33
30 41
30 83
30 38
30 43
31 93
31 91
31 33
31 33
32 57
32 94
32 50
32 48
32 94
33 92
33 76
34 87
34 48
34 44
34 82
34 36
35 97
35 41
35 95
35 72
35 75
35 63
35 64
35 57
36 60
36 76
36 88
36 60
36 64
36 97
36 42
36 59
36 76
36 48
36 52
37 45
37 74
37 64
37 57
37 85
38 79
38 88
38 97
39 45
39 95
39 40
39 96
39 46
39 57
39 99
39 64
39 72
39 86
40 88
40 76
40 87
40 97
40 54
41 46
41 68
41 57
41 61
42 53
42 72
42 43
42 88
42 53
43 74
43 78
43 86
43 58
43 45
44 84
44 57
44 69
44 99
44 64
44 97
44 79
44 73
45 49
45 92
45 91
46 67
46 74
46 77
46 93
47 85
47 65
47 74
47 75
47 78
47 74
48 72
48 88
48 88
48 50
48 75
48 68
49 77
49 75
50 94
50 67
50 95
50 92
50 91
50 99
50 85
50 88
51 68
51 97
51 64
51 55
51 54
52 77
52 61
52 71
52 85
52 77
52 66
52 74
52 85
53 63
53 63
54 86
54 59
54 74
54 66
54 99
54 88
54 89
54 91
54 61
54 83
55 97
55 69
55 90
55 57
56 58
56 89
56 85
56 91
56 73
57 79
57 58
57 59
57 89
58 84
58 98
58 99
58 62
59 90
59 70
60 90
60 64
60 61
60 90
61 80
62 74
62 94
62 64
63 86
64 86
64 72
64 87
64 80
65 71
65 91
65 79
66 73
66 84
66 98
66 83
67 79
68 82
69 99
69 85
69 94
69 98
69 75
70 71
70 79
70 95
70 86
70 76
71 99
71 85
71 77
72 96
72 76
72 91
73 79
73 76
73 76
73 93
74 99
74 90
76 82
76 82
77 97
77 86
78 89
78 92
79 99
79 90
79 90
79 97
79 85
80 96
80 90
81 84
81 85
81 88
81 92
81 85
81 90
83 99
83 86
84 88
86 94
87 88
90 94
91 93
91 97
92 99
93 97
94 95
96 98
97 98
