0 95
0 44
0 56
0 96
0 52
0 54
1 63
1 52
1 61
1 31
1 88
1 55
1 14
1 94
1 45
1 84
1 95
1 46
2 46
2 36
2 50
2 44
2 93
2 20
2 26
2 18
2 34
2 39
2 47
2 9
3 58
3 84
3 10
3 22
3 66
3 6
3 13
3 90
3 84
3 85
3 12
4 72
4 60
4 87
4 7
4 85
4 66
5 57
5 83
5 44
5 53
5 77
5 66
5 56
5 88
5 58
5 19
5 93
5 61
5 63
6 21
6 60
6 24
6 97
6 26
6 43
6 11
6 19
7 25
7 69
7 70
7 42
7 45
7 80
7 82
7 83
7 82
7 63
7 73
8 85
8 15
8 55
8 15
8 63
8 60
8 54
8 20
8 59
9 63
9 61
9 85
9 36
9 70
9 63
9 22
9 32
9 74
9 72
9 78
9 76
10 84
10 92
10 36
10 60
10 97
10 24
10 58
10 69
11 55
11 23
11 94
11 49
11 93
11 38
11 28
11 74
11 97
11 78
11 61
12 43
12 55
12 90
12 82
12 56
12 66
12 33
12 15
12 14
12 75
13 94
13 74
13 57
13 77
13 54
13 57
13 19
13 56
13 68
14 98
14 99
14 77
14 32
15 30
15 98
15 31
15 27
15 64
15 97
15 78
16 36
16 66
16 81
16 49
16 95
16 70
16 27
16 91
16 97
16 37
17 96
17 91
17 27
17 23
17 70
17 63
17 44
18 43
18 91
18 58
18 47
18 53
18 91
18 82
18 32
18 48
18 26
19 55
19 27
19 77
20 50
20 31
20 60
20 78
20 42
20 42
20 34
21 83
21 67
21 40
21 38
21 42
21 29
21 23
21 79
21 24
22 68
22 98
22 31
22 41
22 36
22 54
23 39
23 77
23 76
23 98
23 86
23 94
23 58
23 88
23 99
23 35
24 97
24 39
24 87
24 40
24 61
24 59
24 55
25 92
25 77
25 50
25 63
25 83
25 38
26 57
26 29
26 74
26 79
26 36
26 81
26 89
27 66
27 65
27 41
28 59
28 95
28 76
28 83
28 54
29 63
29 40
29 41
29 51
29 82
29 31
29 83
29 81
30 97
30 38
30 99
30 56
30 80
31 92
31 54
31 36
31 32
31 99
31 46
31 44
31 44
32 70
32 49
32 38
32 57
32 78
33 57
33 67
33 73
33 48
33 47
34 97
34 65
34 37
34 63
34 57
34 79
34 52
34 40
34 61
34 35
34 71
35 59
35 37
35 38
35 58
35 41
36 64
36 74
36 67
36 47
37 58
37 88
37 66
37 39
37 91
37 70
37 39
37 71
37 91
38 89
38 53
38 64
38 79
38 47
38 57
39 56
39 46
39 97
40 89
40 86
40 56
40 41
40 65
40 98
41 63
41 58
41 73
41 55
41 50
41 60
41 75
41 93
41 65
41 86
42 77
42 55
42 61
42 96
42 61
42 96
43 46
43 56
43 81
43 63
44 65
44 86
44 84
44 60
44 61
44 86
45 51
45 66
45 74
45 96
46 74
46 77
46 69
46 61
46 73
46 83
47 56
47 69
47 85
47 93
47 98
48 63
48 81
49 68
49 62
49 94
49 60
49 62
49 85
50 80
50 72
51 74
51 97
51 62
51 98
51 99
51 74
52 60
52 60
52 72
52 70
52 68
53 55
53 76
54 74
54 95
54 60
54 63
54 94
54 71
54 68
54 81
55 93
55 77
55 66
55 70
55 94
56 91
56 65
56 78
56 76
56 69
57 95
57 68
58 60
58 99
58 85
58 81
58 99
58 92
58 74
59 72
59 79
60 66
60 82
60 93
61 79
61 69
61 66
61 83
61 98
62 82
62 87
62 69
62 83
62 66
62 96
63 78
63 82
63 97
63 96
63 68
63 92
64 77
65 95
65 91
65 93
65 81
66 71
66 69
66 81
66 97
66 80
67 80
67 94
67 78
67 84
67 79
68 88
68 71
68 71
68 73
68 78
68 86
68 94
68 70
68 73
69 98
69 75
69 79
69 70
70 92
70 85
71 95
71 96
72 80
73 81
73 74
73 84
73 93
74 90
74 91
75 82
75 82
75 76
76 94
76 90
76 78
78 91
78 82
80 93
80 93
80 96
80 83
80 84
81 94
81 82
82 94
82 99
82 89
83 96
83 94
83 94
83 94
84 89
84 93
85 86
86 96
87 91
88 96
88 98
88 90
89 95
92 98
93 97
94 99
