0 32
0 52
0 54
0 57
0 50
0 39
0 53
0 27
1 33
1 81
1 46
1 32
1 15
1 64
1 4
1 98
1 62
1 36
1 30
2 72
2 46
2 43
2 85
2 85
2 78
2 50
2 91
2 62
2 4
2 58
2 27
3 81
3 31
3 40
3 70
3 53
3 94
3 91
3 66
3 68
3 58
3 46
4 40
4 11
4 80
4 7
4 82
4 85
4 14
4 26
4 15
4 92
4 38
4 90
5 76
5 68
5 54
5 54
5 55
5 29
5 39
5 82
5 17
5 58
5 76
5 43
6 67
6 58
6 97
6 30
6 75
6 24
6 96
6 59
6 50
6 50
7 96
7 66
7 37
7 30
7 38
7 71
8 9
8 20
8 68
8 24
8 14
8 22
9 44
9 96
9 14
9 27
9 22
9 92
9 16
9 70
9 63
9 95
9 26
9 78
9 62
9 85
10 94
10 95
10 64
10 87
10 33
10 69
11 66
11 59
11 25
11 92
11 77
11 31
11 76
11 78
11 49
12 55
12 61
12 96
12 56
12 83
12 66
12 70
12 42
12 23
13 37
13 76
13 51
13 72
13 39
14 81
14 80
14 19
14 34
14 21
14 84
14 27
14 97
14 99
14 26
14 64
15 86
15 61
15 91
15 58
15 97
15 55
15 78
15 34
15 59
15 87
15 73
15 46
15 95
15 64
15 98
16 29
16 85
16 62
16 28
16 90
16 66
16 29
16 18
16 48
16 32
17 26
17 78
17 24
17 26
17 74
17 73
17 89
17 28
18 33
18 39
18 88
18 41
18 25
18 64
18 35
18 71
18 99
18 64
18 22
18 76
18 72
19 82
19 68
19 91
19 92
19 32
19 99
19 57
19 54
19 98
19 67
19 36
20 81
20 87
20 96
20 53
20 36
20 54
20 22
20 38
21 61
21 39
21 79
21 39
21 52
21 52
22 30
22 45
22 89
22 58
23 85
23 66
23 35
23 71
23 39
23 69
23 59
23 59
23 81
23 93
23 28
23 51
23 41
23 77
23 95
24 29
24 64
24 93
24 84
24 75
24 28
24 62
25 40
25 67
25 75
25 34
25 28
25 26
26 99
26 85
26 89
26 73
26 56
26 73
26 87
26 88
26 83
26 63
26 30
27 47
27 37
27 57
27 48
27 85
27 79
27 94
27 33
27 90
27 62
27 34
28 87
28 74
28 91
28 62
28 92
28 46
28 86
28 84
28 38
28 74
28 61
28 71
29 64
29 34
29 44
30 69
30 56
30 65
30 78
30 46
30 52
30 79
30 71
30 81
30 68
31 89
31 54
31 64
31 70
31 78
31 64
31 44
31 46
32 59
32 70
32 98
32 40
32 78
32 72
32 81
33 58
33 34
33 63
33 66
34 61
34 81
34 68
34 56
34 94
34 41
34 43
34 99
34 40
36 68
36 40
36 39
37 76
37 90
37 52
37 87
37 63
38 77
38 88
38 47
38 39
38 69
38 55
39 88
39 85
39 67
39 64
39 62
39 88
39 84
39 47
40 79
40 48
40 65
40 54
40 99
40 82
40 86
40 43
40 69
41 60
41 66
41 98
41 89
42 93
42 91
42 57
42 65
42 92
43 85
43 99
43 68
44 74
44 70
44 70
45 67
45 61
45 50
46 53
46 75
46 58
46 98
46 65
47 83
47 66
47 63
47 65
47 61
47 53
48 92
48 67
49 57
49 65
49 58
49 82
50 68
50 59
50 74
50 63
51 67
51 70
52 71
52 57
52 55
53 62
53 65
53 97
53 63
53 81
53 94
53 83
53 72
54 72
54 80
54 89
54 95
54 82
54 78
54 63
55 65
55 74
55 86
56 71
56 57
56 57
56 94
56 93
56 97
57 83
57 77
57 77
57 83
58 60
58 80
58 69
59 84
59 84
59 76
59 93
59 70
59 99
60 82
60 86
61 99
61 84
61 62
61 88
61 70
62 67
62 87
62 83
63 88
63 84
63 65
64 80
64 85
65 90
66 92
66 92
67 82
67 80
67 77
68 70
68 75
68 98
69 77
69 83
69 88
69 93
69 70
69 84
70 74
71 92
71 89
71 89
72 79
73 87
74 78
74 75
74 93
75 84
75 85
75 96
75 85
75 91
76 85
77 94
77 85
77 92
78 89
80 98
80 95
80 88
81 91
81 94
81 87
81 92
82 95
83 89
84 97
85 91
85 95
85 98
85 89
86 99
86 99
88 95
91 95
93 98
