0 49
0 88
0 89
0 46
0 44
0 31
0 60
0 31
0 86
0 22
0 86
0 71
0 38
1 86
1 59
1 17
1 24
1 55
1 37
1 44
1 4
1 35
1 4
1 88
1 75
1 88
1 30
1 40
1 52
2 92
2 23
2 16
2 65
2 38
2 34
2 13
3 84
3 74
3 31
3 29
3 22
3 45
3 90
3 23
3 31
4 6
4 44
4 19
4 39
4 77
4 13
5 41
5 97
5 28
5 7
5 38
5 35
5 49
5 8
5 28
6 97
6 27
6 92
6 96
6 39
6 8
6 52
6 25
6 90
6 41
6 44
6 77
6 99
6 69
7 61
7 20
7 75
7 86
7 42
7 61
7 19
7 91
7 91
7 83
8 20
8 22
8 45
8 27
8 23
8 11
8 82
8 43
8 79
9 59
9 47
9 49
9 85
9 72
9 13
9 54
9 79
9 51
10 30
10 25
10 89
10 18
10 34
10 56
10 83
10 80
11 15
11 47
11 39
11 31
11 23
11 79
11 86
11 18
11 72
11 37
11 26
12 73
12 98
12 53
12 19
12 82
12 49
12 38
12 98
12 85
12 51
13 33
13 32
13 72
13 99
13 25
13 60
14 21
14 45
14 77
14 38
15 98
15 87
15 98
15 70
15 95
15 19
15 61
15 87
15 80
16 47
16 34
16 78
16 84
16 58
16 70
16 81
17 28
17 50
17 45
17 48
17 27
17 66
18 60
18 59
18 44
18 84
18 19
18 94
18 69
19 89
19 72
19 72
19 75
19 62
19 58
19 30
19 91
20 90
20 49
20 96
20 73
20 36
20 90
20 67
20 48
20 92
21 43
21 36
21 58
21 59
21 83
21 30
21 52
21 24
21 97
21 64
22 54
22 38
22 53
22 69
22 64
22 35
22 58
22 42
23 85
23 47
23 43
23 44
23 82
23 68
24 92
24 25
24 74
24 88
24 51
24 49
24 50
24 33
24 51
24 40
24 66
25 39
25 82
25 37
25 95
25 71
25 40
25 33
25 84
25 59
25 55
26 67
26 45
26 55
26 28
26 96
26 91
26 46
27 97
27 40
27 37
27 52
27 81
27 34
27 35
27 41
27 60
27 59
27 84
28 39
28 96
28 76
28 31
29 91
29 58
29 47
29 65
29 66
29 57
29 31
29 68
29 82
29 78
30 46
30 90
30 57
30 65
30 46
30 82
31 85
31 94
31 81
31 47
31 68
32 62
32 41
32 37
32 61
32 44
32 37
33 55
33 86
33 43
33 60
33 53
33 80
33 45
33 86
33 76
34 55
34 43
34 90
34 83
34 44
34 36
34 95
35 57
35 43
36 65
36 83
36 89
36 90
37 44
37 82
37 92
37 96
37 95
37 92
38 40
38 83
38 66
38 61
38 41
38 97
38 89
39 47
39 86
39 94
39 85
39 61
39 73
39 70
40 47
40 89
40 92
40 79
40 57
40 86
40 76
40 51
41 66
41 61
41 48
42 46
42 49
42 80
42 63
43 77
43 75
43 64
43 55
43 61
43 61
43 79
44 82
44 53
44 55
44 87
45 82
45 90
45 52
45 90
46 52
46 75
46 96
46 76
46 54
46 55
47 73
47 70
47 65
47 81
48 63
48 68
48 53
48 67
48 90
49 75
49 70
49 54
49 73
49 80
49 60
49 52
50 69
50 93
50 72
51 87
51 91
52 66
52 88
52 66
52 93
53 74
53 85
53 78
53 64
54 66
54 62
54 71
54 62
54 73
54 56
55 81
55 85
55 64
56 96
56 72
56 84
57 90
57 93
57 93
57 63
57 96
57 87
57 91
58 76
58 87
59 91
59 84
59 79
59 93
59 89
59 75
60 88
60 70
60 80
61 63
61 68
61 66
61 91
61 76
62 87
62 70
62 95
62 75
62 93
62 68
62 79
62 67
62 91
62 78
63 89
63 92
63 88
63 73
63 78
64 82
64 90
64 82
64 94
64 91
65 98
65 95
65 69
66 69
66 71
66 99
66 71
66 95
67 87
67 70
67 76
68 86
68 80
68 82
69 90
69 93
69 90
70 82
70 87
71 88
72 99
72 73
72 84
72 82
72 94
73 86
73 88
74 92
75 82
75 85
75 92
75 86
76 79
77 96
78 79
78 94
80 97
80 93
81 98
81 86
81 99
81 95
83 85
83 97
83 86
83 84
84 91
84 86
85 87
85 98
86 91
88 99
91 99
91 93
92 95
95 99
97 98
