0 3
0 11
0 66
0 13
0 66
0 32
0 16
0 35
1 16
1 30
1 4
1 70
1 35
1 50
1 37
1 81
1 68
1 91
1 64
1 16
2 25
2 97
2 21
2 24
2 58
2 3
2 56
3 22
3 73
3 59
3 41
3 46
3 11
4 57
4 60
4 42
4 90
4 74
4 23
4 37
4 34
4 47
4 94
4 71
4 95
4 53
4 39
4 13
4 5
4 13
5 19
5 6
5 49
5 74
5 48
5 88
5 69
5 58
5 9
5 91
6 86
6 58
6 77
6 87
6 87
6 83
6 38
6 83
7 17
7 67
7 29
7 43
7 81
7 10
7 92
7 40
7 82
7 25
7 63
7 34
7 63
7 67
7 96
7 94
8 34
8 64
8 26
8 52
8 58
8 35
8 57
8 25
8 82
9 37
9 12
9 47
9 40
9 44
9 30
9 70
9 79
9 58
9 39
9 58
10 83
10 47
10 50
10 84
10 71
10 11
10 67
10 73
11 13
11 62
11 18
11 23
11 15
11 14
11 80
12 39
12 95
12 50
12 60
12 27
12 29
12 17
12 71
12 96
12 81
12 34
12 42
12 72
13 71
13 49
13 55
13 34
13 22
13 82
14 63
14 47
14 64
14 46
14 66
14 35
14 54
14 84
15 47
15 20
15 66
15 40
15 46
15 91
15 62
16 76
16 36
16 36
17 69
17 47
17 40
17 96
17 52
17 21
17 66
17 86
18 20
18 88
18 45
18 56
18 36
18 76
18 21
18 61
19 69
19 77
19 21
19 63
19 67
19 72
19 48
19 62
20 85
20 25
20 50
20 57
20 72
20 46
20 97
20 51
21 91
21 57
21 98
21 95
21 81
22 28
22 80
22 96
22 70
22 63
22 65
23 97
23 37
23 96
23 91
23 53
23 54
24 27
24 83
24 26
24 38
24 40
24 69
24 99
24 99
25 85
25 81
25 63
25 63
25 55
25 71
26 96
26 32
26 41
26 41
26 65
26 67
26 97
26 55
26 37
26 86
26 71
26 76
27 47
27 50
27 43
27 49
28 90
28 33
28 90
28 77
28 63
28 33
28 90
28 78
28 51
28 73
28 72
28 80
29 46
29 76
29 83
29 78
29 90
29 42
29 32
29 69
29 79
29 80
30 51
30 67
30 59
30 67
30 51
30 78
30 39
30 58
31 69
31 69
31 80
31 82
32 33
32 33
32 46
32 36
32 48
32 87
32 60
32 57
33 74
33 95
33 35
33 57
34 90
34 58
34 57
35 37
35 54
35 82
35 66
35 87
35 48
35 66
35 82
36 94
36 45
36 93
36 86
36 72
36 37
36 96
36 43
37 80
37 93
37 80
37 94
37 81
37 64
37 79
38 42
38 56
38 40
38 39
38 86
38 95
38 49
38 74
38 41
39 76
39 83
39 40
39 80
40 78
40 44
40 97
40 44
40 46
40 46
41 61
41 54
41 89
41 49
41 49
41 90
41 81
42 58
42 57
42 47
42 70
42 97
42 86
43 93
43 88
43 94
43 52
43 89
43 78
44 86
44 59
44 47
44 70
45 88
45 97
45 71
46 91
46 63
46 96
47 88
47 64
47 49
47 89
48 53
48 63
48 73
48 68
48 55
48 91
49 76
49 70
49 87
49 88
49 89
49 82
49 91
49 95
49 97
49 72
50 55
50 78
50 54
51 72
51 99
51 88
51 54
51 55
51 98
51 97
52 97
52 86
52 77
52 53
52 86
53 56
53 73
53 73
53 72
53 95
54 59
54 56
54 59
54 81
54 82
54 55
54 95
54 57
55 76
55 73
55 89
55 71
56 96
56 93
56 68
56 89
57 90
57 58
57 66
57 61
57 66
58 70
58 97
58 92
59 66
59 96
59 79
60 69
60 93
60 77
60 97
60 93
60 88
60 89
61 72
61 99
61 97
62 85
62 85
62 97
63 71
63 64
63 84
63 69
63 93
63 94
63 90
63 96
63 84
63 77
64 96
64 72
65 93
65 89
65 67
65 89
65 80
66 73
66 96
67 99
68 86
68 80
69 75
69 91
69 85
70 72
70 98
70 77
70 73
71 77
71 93
71 80
72 82
72 78
72 83
73 75
73 77
73 91
73 78
74 85
74 95
75 87
75 84
75 92
75 87
75 86
76 90
76 92
76 99
77 96
77 93
77 89
78 82
81 96
81 93
82 83
84 89
85 95
86 95
86 94
87 89
87 88
88 89
88 93
97 98
