0 93
0 9
0 41
0 21
0 35
1 68
1 24
1 89
1 5
1 36
2 93
2 16
2 46
2 53
2 11
2 38
2 76
2 98
2 38
3 60
3 91
3 84
3 90
3 23
3 73
3 13
3 7
3 11
4 99
4 98
4 85
4 91
4 22
4 82
4 18
4 95
4 95
4 27
4 77
4 34
5 27
5 39
5 12
5 82
5 90
5 68
6 34
6 53
6 78
6 97
6 64
6 66
6 65
6 59
6 44
6 89
7 20
7 70
7 95
7 93
7 75
7 27
7 35
7 24
7 27
7 25
8 64
8 91
8 57
8 79
8 51
8 85
8 58
9 34
9 42
9 79
9 94
9 71
9 74
9 92
9 63
9 82
9 72
9 52
9 75
9 48
9 29
10 87
10 12
10 22
10 64
10 21
10 97
10 82
10 76
10 80
10 14
11 86
11 29
11 67
11 88
11 28
11 21
11 44
11 51
11 34
12 60
12 60
12 43
12 29
12 17
12 94
12 24
13 53
13 87
13 26
13 34
13 54
13 61
14 35
14 78
14 89
14 61
14 49
14 79
14 76
14 74
14 91
14 77
15 95
15 33
15 25
15 29
15 60
15 98
15 52
15 45
15 23
15 21
15 40
15 62
16 59
16 45
16 87
16 99
16 98
16 43
16 17
16 89
16 95
17 82
17 34
17 27
17 36
17 19
17 51
17 50
17 45
17 94
17 19
17 46
17 26
17 39
18 41
18 63
18 22
18 20
18 48
18 61
19 30
19 81
19 93
19 55
19 91
19 40
19 29
19 25
19 71
19 99
19 33
20 78
20 49
20 25
20 52
20 81
20 81
20 46
20 31
20 26
20 89
20 51
20 28
20 35
20 61
20 44
21 66
21 96
21 55
21 62
22 26
22 34
22 66
22 40
22 52
22 76
22 68
22 70
22 39
22 31
23 90
23 35
23 90
23 31
23 74
23 31
24 25
24 28
24 80
24 78
24 70
24 72
24 37
24 53
24 49
24 87
24 79
25 80
25 79
25 82
25 46
25 70
25 61
25 54
25 62
26 56
26 55
26 97
26 34
26 67
26 90
27 78
27 68
27 60
27 76
28 99
28 83
28 91
28 32
28 41
29 65
29 98
29 98
29 36
29 69
30 93
30 78
30 58
30 81
30 56
30 96
30 33
31 63
31 71
31 57
31 65
32 55
32 66
32 41
32 46
32 81
32 70
33 60
33 76
33 67
33 45
33 75
33 78
33 72
33 71
34 97
34 91
34 66
34 56
34 41
34 94
34 70
34 58
34 64
34 48
35 53
35 41
35 58
35 89
36 62
36 84
36 95
36 67
36 49
36 89
37 71
37 74
37 90
37 95
37 71
38 73
38 42
38 96
38 95
39 90
39 42
39 52
39 62
40 66
40 70
40 54
40 87
40 47
40 53
40 52
40 96
41 90
41 70
41 88
42 99
42 55
42 85
42 67
42 77
42 84
43 60
43 81
43 73
43 73
43 50
43 75
43 91
44 80
44 91
44 92
44 83
44 98
44 96
44 96
44 46
45 83
45 93
45 62
45 85
45 97
45 97
46 65
46 71
46 78
46 73
46 90
46 63
46 72
47 56
47 79
47 62
47 94
47 62
47 94
48 82
48 91
48 60
48 70
48 79
48 67
48 76
49 58
49 79
49 76
49 73
49 82
49 65
50 58
50 60
50 57
50 91
50 82
51 91
51 85
51 94
51 62
52 57
52 54
52 75
52 58
52 80
53 86
53 76
54 80
54 79
54 81
54 60
54 83
54 57
54 75
54 58
55 88
55 96
55 76
55 79
55 91
56 72
56 92
56 73
57 92
57 75
58 91
58 66
58 66
58 96
59 96
59 80
59 65
60 97
60 88
60 65
60 79
60 69
60 82
60 80
60 61
60 94
60 85
61 70
62 99
62 92
62 83
62 77
63 69
63 96
63 65
63 71
64 86
64 76
64 84
64 98
66 75
66 68
66 76
66 72
66 83
67 89
67 71
67 76
68 71
68 90
68 84
69 88
69 90
69 81
70 90
70 94
70 89
70 94
70 87
70 92
70 72
70 98
71 98
71 78
71 72
72 94
72 76
72 89
73 95
73 83
73 91
74 88
76 84
76 84
77 80
77 81
77 96
78 96
78 92
78 82
78 95
78 86
79 86
79 80
79 92
80 85
81 92
82 91
83 89
83 99
83 98
84 89
86 89
86 99
88 91
89 99
89 94
91 94
91 97
92 93
