0 21
0 25
0 97
0 31
0 58
0 28
0 66
0 88
0 26
0 1
0 81
1 18
1 43
1 97
1 60
1 18
1 8
2 10
2 29
2 30
2 15
2 67
2 51
2 8
2 78
2 65
2 41
2 95
2 11
2 75
3 47
3 85
3 84
3 47
3 53
3 97
3 83
3 99
3 81
3 97
3 49
3 49
3 74
4 44
4 19
4 32
4 35
4 48
4 31
4 49
4 28
4 62
4 94
4 98
5 75
5 17
5 45
5 53
5 62
5 66
5 91
5 68
5 56
6 40
6 40
6 59
6 72
6 43
6 58
6 42
6 60
6 86
7 81
7 90
7 40
7 32
7 52
7 17
7 26
7 64
7 53
7 49
8 77
8 92
9 11
9 83
9 27
9 96
9 60
9 43
9 38
9 11
9 44
10 28
10 73
10 64
10 30
10 76
10 63
10 34
11 37
11 44
11 36
11 85
11 32
11 89
11 90
11 19
11 62
11 93
11 97
11 13
11 19
12 67
12 69
12 77
12 13
12 60
12 92
12 44
12 84
12 48
12 13
13 70
13 79
13 91
13 67
13 31
13 24
14 68
14 71
14 45
14 97
14 54
14 51
14 70
14 91
14 98
15 34
15 71
15 92
15 99
15 69
15 17
15 24
15 89
15 66
15 84
15 33
15 57
15 29
16 41
16 72
16 29
16 44
16 38
16 35
16 53
16 99
16 57
17 97
17 79
17 55
17 43
17 59
17 67
17 77
17 42
18 69
18 58
18 82
18 63
18 66
18 58
18 49
19 96
19 73
19 48
19 68
19 45
19 37
20 24
20 79
20 24
20 93
20 88
20 67
20 72
20 90
20 60
20 50
20 76
21 97
21 60
21 60
21 88
21 31
21 70
21 37
21 47
21 98
21 86
21 65
22 28
22 51
22 52
22 48
22 62
22 67
22 34
22 99
22 79
22 75
22 78
22 26
22 33
22 50
23 71
23 39
23 81
23 91
23 35
23 93
24 84
24 41
24 56
24 30
24 30
24 34
24 72
24 50
25 72
25 77
25 72
25 38
25 62
25 29
25 50
25 90
26 99
26 44
26 71
26 88
26 38
26 29
26 77
27 98
27 57
27 79
27 64
27 62
27 76
27 85
27 89
28 39
28 98
28 33
28 52
28 56
28 84
28 74
28 60
28 66
29 95
29 53
29 95
29 36
29 88
29 98
29 31
29 55
29 43
29 39
29 36
29 95
29 87
29 67
29 80
29 44
30 70
30 87
30 79
30 46
31 45
31 39
31 44
31 84
31 96
32 66
32 52
32 64
32 43
32 76
33 78
33 53
33 66
33 99
33 81
33 51
33 95
33 49
33 63
33 55
33 66
33 35
34 60
34 91
35 55
35 99
35 63
35 76
35 75
35 91
35 97
36 50
36 82
36 60
36 54
36 55
37 58
37 56
37 53
37 46
37 55
37 71
38 94
38 70
38 90
38 81
38 71
38 76
38 78
38 71
39 99
39 67
39 57
39 98
39 48
39 69
39 75
40 99
40 78
40 54
40 85
40 82
40 55
40 96
41 73
41 45
41 51
41 84
41 71
41 93
42 82
42 86
42 51
43 92
43 79
43 89
43 66
44 72
44 51
44 74
44 79
44 77
45 88
45 63
46 98
46 92
47 71
47 63
47 80
47 68
48 49
49 50
49 63
49 96
49 79
49 51
50 72
50 78
50 72
51 90
52 58
52 71
52 89
52 86
52 79
52 63
52 76
52 91
52 76
52 59
53 86
53 71
53 79
54 89
54 73
54 83
54 74
54 91
55 84
55 86
55 61
55 61
56 65
56 94
56 81
57 67
58 75
58 94
58 96
58 71
58 82
59 80
59 91
59 74
60 76
60 79
61 92
61 65
61 82
61 69
61 81
61 93
62 82
62 69
62 88
62 84
62 73
62 78
63 69
63 77
63 64
64 77
64 72
65 75
65 85
65 81
65 72
65 75
65 98
65 87
65 87
65 73
65 96
66 85
66 98
66 68
67 86
67 99
67 95
67 93
67 70
67 73
68 82
68 73
69 98
69 99
69 96
70 73
70 98
70 87
70 87
72 94
72 73
72 87
72 94
73 74
73 78
74 85
75 87
76 95
77 82
77 82
77 79
77 91
77 82
77 84
78 94
78 81
78 91
79 96
81 87
82 98
82 88
82 98
82 87
83 98
84 90
84 95
84 98
85 87
86 87
87 92
88 90
91 98
93 96
93 97
94 99
