0 45
0 5
0 50
0 70
0 59
0 18
0 13
0 22
0 35
0 40
1 31
1 52
1 18
1 71
1 46
1 74
1 70
1 15
1 34
1 50
1 66
1 69
1 13
1 9
1 64
2 83
2 67
2 24
2 12
2 58
3 75
3 92
3 50
3 85
3 25
3 27
3 30
3 79
3 54
3 31
4 19
4 45
4 42
4 12
4 21
5 72
5 35
5 63
5 6
5 49
5 88
5 30
5 8
5 97
5 32
5 71
5 52
6 31
6 53
6 18
6 40
6 81
6 92
6 20
6 72
6 29
7 41
7 9
7 51
7 80
7 42
7 56
7 68
7 30
7 98
7 43
8 34
8 36
8 18
8 67
8 98
8 9
8 99
8 96
9 20
9 37
9 87
9 59
9 90
9 34
9 23
9 72
10 69
10 96
10 74
10 90
10 19
10 56
10 53
10 93
10 72
10 73
11 42
11 41
11 44
11 50
11 43
11 84
11 22
11 81
11 20
11 78
12 80
12 29
12 27
12 13
12 59
12 47
12 29
12 70
12 42
13 65
13 99
13 47
13 49
13 86
13 21
13 69
13 38
13 71
13 38
13 83
13 74
13 87
13 43
13 87
14 34
14 72
14 70
14 28
14 19
14 94
15 86
15 76
15 16
15 43
15 83
15 74
15 77
16 58
16 47
16 78
16 85
16 19
16 41
16 73
16 19
16 21
16 79
16 83
17 50
17 81
17 25
17 23
17 52
17 67
17 45
17 84
18 77
18 50
18 40
18 53
18 33
18 78
18 41
19 67
19 87
19 86
19 50
19 25
20 92
20 79
20 99
20 90
20 80
20 41
20 66
21 34
21 77
21 23
21 25
21 92
21 74
21 48
22 91
22 43
22 62
22 85
22 79
22 83
22 25
23 92
23 56
23 62
23 45
23 35
23 41
23 51
23 31
23 49
23 79
23 76
24 79
24 75
24 93
24 28
24 52
24 65
24 44
25 56
25 94
25 49
25 40
25 58
25 30
25 28
25 50
25 82
25 47
26 68
26 32
26 82
26 55
26 80
26 51
26 71
27 89
27 45
27 85
27 53
27 55
27 93
28 82
28 35
28 50
28 57
28 58
28 41
29 72
29 84
29 60
29 65
29 57
30 84
30 93
30 40
30 93
30 82
30 64
30 65
31 50
31 51
31 91
31 99
32 52
32 87
32 96
32 53
32 55
32 36
32 81
32 88
32 41
33 70
33 86
33 61
33 45
33 59
33 65
33 78
33 59
34 62
34 53
34 43
34 45
34 76
34 70
34 73
34 93
34 66
34 55
35 75
35 59
35 94
35 97
35 62
35 45
36 79
36 66
36 80
36 56
36 88
36 40
36 71
36 64
36 85
37 78
37 62
37 46
37 45
37 50
37 45
37 61
37 80
38 80
38 59
38 56
38 63
38 82
38 41
38 68
38 81
38 95
38 45
39 66
39 92
39 79
39 76
40 63
40 42
40 56
40 46
41 62
41 59
41 49
41 43
42 81
42 95
42 89
42 51
42 67
42 62
42 74
43 59
43 83
43 81
43 58
44 56
44 74
44 92
44 54
44 61
44 56
44 61
45 56
45 52
45 58
45 61
45 49
46 49
46 72
46 91
46 48
46 88
46 68
46 97
46 48
47 86
48 87
48 77
48 83
48 85
49 68
49 56
49 73
49 59
49 59
49 83
49 88
49 64
50 90
50 73
50 52
50 76
51 78
51 52
51 56
51 78
51 80
51 55
52 64
52 81
52 85
53 78
53 75
53 63
53 79
53 77
54 96
54 91
54 83
54 83
54 92
55 98
55 82
55 73
55 82
55 75
56 73
56 94
56 71
57 90
57 66
57 74
57 69
57 58
57 84
57 80
57 75
58 96
58 93
59 91
59 69
59 62
59 81
59 92
60 79
60 99
60 97
60 67
60 99
60 66
61 70
61 73
62 83
62 71
63 80
63 95
64 66
64 78
64 92
64 78
64 96
65 84
65 79
65 76
66 74
66 74
67 86
68 88
68 94
68 69
69 84
69 72
70 78
70 82
70 81
70 81
70 80
70 76
71 82
71 87
71 81
72 77
72 74
72 87
72 78
73 93
74 90
74 94
74 97
75 81
75 93
75 84
75 78
76 80
76 88
76 97
76 79
76 96
77 97
78 98
79 87
79 89
79 90
79 80
79 92
80 97
80 82
81 87
83 97
87 99
87 90
87 96
87 91
88 96
90 96
91 93
94 95
98 99
