0 21
0 38
0 6
0 41
0 34
0 76
0 74
1 7
1 23
1 93
1 43
1 92
1 6
1 75
1 23
2 81
2 10
2 98
2 92
2 64
2 35
2 43
2 76
2 83
2 98
2 16
2 69
3 76
3 85
3 41
3 40
3 20
3 25
3 66
3 77
4 8
4 23
4 43
4 95
4 93
4 8
4 11
4 5
4 43
4 25
4 93
4 86
4 23
4 38
5 79
5 40
5 25
5 23
5 34
5 84
5 51
5 34
6 44
6 19
6 82
6 73
6 56
6 44
6 70
6 28
6 88
6 56
6 65
6 51
6 86
7 42
7 12
7 26
7 91
7 91
7 58
7 98
7 52
8 69
8 67
8 15
8 14
8 21
8 48
8 69
8 12
8 90
8 63
8 56
8 69
8 27
8 45
8 73
8 84
8 86
9 94
9 17
9 66
9 45
9 77
9 87
9 89
9 73
9 56
9 69
9 96
10 17
10 97
10 47
10 69
10 84
10 31
11 44
11 44
11 15
11 50
11 92
11 20
11 97
11 58
11 25
12 36
12 74
12 38
12 85
12 92
12 35
12 20
12 91
12 52
12 44
12 27
13 47
13 23
13 89
13 63
13 14
13 19
13 76
13 70
13 19
14 63
14 52
14 93
14 53
14 93
14 47
14 96
14 41
14 44
14 65
14 40
14 49
15 24
15 81
15 37
15 77
15 60
15 75
16 86
16 47
16 99
16 35
16 51
16 66
16 81
16 87
16 35
16 67
16 45
17 35
17 98
17 72
17 37
17 70
17 50
17 97
17 79
17 23
18 44
18 29
18 33
18 63
18 32
18 88
18 49
18 48
18 96
18 98
19 48
19 93
19 50
19 25
19 91
19 54
19 80
19 72
20 54
20 50
20 85
20 91
20 33
20 27
20 76
21 27
21 54
22 32
22 96
22 99
22 58
22 40
22 72
22 57
23 61
23 79
23 54
23 77
23 32
23 26
23 68
23 75
23 42
24 59
24 94
24 93
24 84
24 89
24 86
24 31
24 91
25 46
25 95
25 47
25 75
25 50
25 80
25 69
26 84
26 90
26 67
26 48
26 32
26 66
26 99
26 40
26 58
26 35
26 47
27 64
27 51
27 89
27 72
27 62
27 64
27 75
28 65
28 58
28 42
28 80
28 98
28 62
28 66
28 64
28 69
29 97
29 76
29 85
29 90
29 54
29 44
30 67
30 85
30 73
30 50
30 36
30 42
30 83
30 70
31 75
31 83
31 43
31 49
31 60
31 78
31 65
32 46
32 41
32 49
32 62
33 96
33 80
33 83
33 82
33 59
33 64
33 39
33 72
33 90
33 51
34 73
34 39
35 67
35 93
35 55
36 73
36 80
36 38
36 70
37 44
37 83
37 56
37 58
37 41
37 91
37 87
38 82
38 76
38 52
38 68
38 91
38 54
38 90
38 68
39 68
39 54
39 52
39 96
39 42
39 42
40 54
40 86
40 54
40 52
40 49
40 70
41 46
41 68
42 83
42 82
42 59
42 68
42 44
42 53
42 98
42 81
42 81
42 66
43 60
43 69
43 80
43 60
43 81
44 53
44 96
44 94
44 99
44 94
44 67
44 94
45 77
45 88
45 96
45 73
46 51
46 50
46 87
46 59
47 80
47 94
47 63
47 98
47 62
48 80
48 61
48 62
48 84
49 75
49 80
49 58
49 74
49 73
50 54
50 55
50 75
50 57
50 63
50 88
51 54
51 57
51 81
51 65
51 56
51 93
51 70
52 55
52 94
52 55
52 55
53 55
53 85
53 67
53 69
54 62
54 79
54 99
54 77
55 56
55 67
55 66
56 81
56 83
56 68
57 84
57 61
57 58
57 68
57 74
58 64
58 90
58 88
58 74
58 87
58 67
58 96
59 74
59 64
59 72
60 98
60 97
60 66
61 74
61 74
61 82
61 79
62 97
62 73
62 75
62 80
63 84
63 87
63 78
64 97
64 74
64 79
65 96
65 76
65 81
65 83
65 76
66 70
67 84
67 88
67 97
67 70
67 99
67 98
67 88
68 96
68 71
68 69
68 93
69 97
70 73
70 84
70 76
70 90
70 77
71 79
71 94
71 94
71 73
72 81
72 75
72 99
72 79
73 82
73 82
74 88
75 94
75 92
75 86
76 95
76 81
78 81
80 98
80 86
81 84
81 85
81 92
83 97
84 89
85 88
88 98
88 96
88 96
90 98
91 93
92 93
96 98
96 97
