0 74
0 87
0 12
0 32
0 13
0 59
0 15
1 31
1 76
1 38
1 59
1 4
1 24
1 46
1 5
1 89
1 22
1 9
1 40
1 46
1 46
1 46
1 2
1 71
2 13
2 92
2 9
2 3
2 24
2 19
2 22
2 90
2 86
3 91
3 20
3 17
3 63
3 5
3 38
3 54
3 76
3 41
3 54
3 13
3 4
3 49
4 42
4 29
4 91
4 92
4 49
4 39
4 92
4 77
5 96
5 73
5 75
5 16
5 35
5 28
6 89
6 15
6 22
6 23
6 31
6 75
6 36
7 74
7 79
7 77
7 15
7 99
7 38
8 95
8 41
8 81
8 55
8 13
8 12
8 40
9 46
9 37
9 94
9 56
9 68
9 62
9 61
9 85
9 13
9 82
9 87
9 20
10 54
10 77
10 35
10 69
10 77
11 36
11 53
11 46
11 46
11 32
11 27
11 94
11 61
12 79
12 64
12 75
12 90
12 89
12 42
12 87
12 83
12 97
12 73
12 58
12 73
12 62
13 94
13 54
13 30
13 94
13 90
13 38
13 48
13 30
14 55
14 90
14 90
14 51
14 62
14 62
14 79
14 35
14 48
15 76
15 90
15 31
15 58
15 89
15 27
16 96
16 34
16 58
16 77
16 36
16 22
17 29
17 75
17 92
17 97
17 37
17 28
18 60
18 88
18 69
18 83
18 91
18 61
18 19
19 82
19 35
19 63
19 34
19 55
19 84
19 73
19 88
20 57
20 69
20 62
20 47
20 33
21 99
21 88
21 85
21 35
21 98
21 96
21 79
21 30
22 52
22 33
22 95
22 56
22 87
22 49
22 50
23 76
23 86
23 78
23 39
23 49
23 34
23 94
23 57
23 60
23 26
23 32
23 44
24 54
24 92
24 35
24 55
24 80
24 76
24 56
24 85
24 29
24 26
24 81
24 78
24 36
24 28
25 90
25 53
25 37
25 96
25 85
25 72
25 52
25 86
25 39
25 48
25 32
25 45
26 80
26 67
26 96
26 61
26 77
26 62
26 90
26 38
27 89
27 60
27 82
27 95
27 49
27 42
28 78
28 35
28 86
28 69
28 90
28 99
28 33
28 95
28 78
28 86
29 41
29 40
29 85
29 52
29 93
29 68
29 57
29 86
29 67
29 70
29 75
29 41
30 61
30 58
30 78
30 38
31 74
31 72
31 95
31 69
31 37
31 57
31 96
32 97
32 74
32 89
32 98
33 69
33 82
33 40
33 98
33 45
33 43
33 74
34 63
34 91
34 79
34 35
34 45
34 86
35 52
35 42
35 64
35 75
35 51
35 81
35 60
35 79
35 88
35 53
35 41
36 95
36 92
36 89
36 46
36 61
36 82
36 66
36 56
36 91
36 60
37 45
37 97
37 43
38 88
38 86
38 85
39 73
39 80
39 73
39 63
39 97
39 69
39 64
39 58
39 77
39 76
39 79
39 99
39 75
39 72
40 64
40 54
40 89
40 54
40 87
40 76
40 98
40 54
40 93
40 52
41 54
41 57
41 57
41 65
41 78
41 86
41 54
41 53
42 89
42 96
42 74
42 45
42 51
42 55
43 56
43 53
43 74
43 58
43 88
44 89
44 79
44 62
44 76
44 60
44 65
45 88
45 87
45 68
46 65
46 73
46 78
46 91
46 91
47 56
47 84
47 85
47 97
48 82
48 93
48 73
48 52
49 84
49 87
49 95
49 90
50 92
50 59
50 55
51 62
51 85
52 93
52 67
52 66
52 75
52 93
52 72
52 73
52 84
53 75
53 76
53 65
53 87
53 66
54 89
54 96
54 96
54 68
55 81
55 60
55 77
55 57
55 73
55 91
56 58
56 79
56 89
56 72
56 78
57 92
57 95
57 96
57 81
57 62
58 80
58 82
58 87
59 63
59 79
59 85
59 94
59 67
59 77
60 66
60 86
61 78
61 77
61 85
61 68
62 83
62 79
63 94
63 75
63 64
64 99
64 89
64 72
66 92
66 87
66 80
66 74
66 96
67 96
67 69
67 91
67 91
67 76
68 83
68 88
69 90
70 88
70 80
71 83
71 79
72 96
72 89
73 88
73 93
73 91
73 86
74 82
74 97
74 98
74 81
74 80
75 86
75 85
76 78
76 98
76 92
76 96
77 93
79 85
80 98
80 82
80 85
81 82
81 83
82 87
83 84
84 90
84 91
87 99
87 92
88 95
88 97
89 99
91 93
91 96
93 97
