0 68
0 40
0 66
0 26
0 26
0 85
0 48
0 51
0 51
0 34
0 5
0 34
0 29
0 66
0 43
0 81
1 54
1 66
1 33
1 69
1 50
1 18
1 36
2 82
2 25
2 37
2 90
2 70
2 38
2 26
2 57
2 36
2 80
2 46
3 79
3 4
3 60
3 96
3 12
3 15
3 19
3 87
3 60
3 85
4 77
4 11
4 37
4 22
4 25
4 28
4 11
4 27
4 21
5 60
5 16
5 16
5 90
5 86
5 38
5 76
5 59
5 40
5 86
5 31
5 60
6 27
6 24
6 76
6 96
6 90
7 46
7 88
7 10
7 93
7 51
7 34
7 13
7 46
7 52
7 92
8 94
8 44
8 62
8 66
8 25
8 91
8 20
8 40
8 98
8 89
8 97
8 32
9 17
9 73
9 70
9 87
9 77
9 30
9 76
9 80
9 95
9 28
9 83
9 46
9 12
9 53
9 50
10 42
10 50
10 66
10 27
10 16
11 89
11 61
11 81
11 98
11 60
11 46
11 81
11 89
11 40
11 95
12 57
12 36
12 34
12 68
12 35
12 18
12 94
13 30
13 60
13 15
13 43
13 83
13 71
13 34
13 31
13 24
13 85
13 72
13 91
13 98
14 52
14 24
14 21
14 37
14 68
14 27
14 55
14 93
14 67
14 57
14 19
14 86
15 40
15 94
15 42
15 35
15 94
16 91
16 56
16 63
16 82
16 79
16 19
16 69
16 98
16 43
16 43
16 55
16 34
16 49
16 20
16 85
17 52
17 37
17 63
17 35
17 22
17 40
17 48
17 97
17 31
18 64
18 59
18 59
18 37
18 84
18 96
18 37
18 20
19 30
19 55
19 37
19 78
19 48
19 45
19 43
20 53
20 79
20 61
20 28
20 29
20 93
20 48
20 64
21 85
21 83
21 49
21 71
21 94
21 26
21 86
21 82
21 56
21 85
21 97
22 40
22 71
22 86
22 69
22 62
22 31
22 41
22 24
23 67
23 54
23 47
23 24
23 95
23 76
23 89
23 66
24 25
24 55
24 75
24 28
24 65
25 90
25 41
25 76
25 93
25 69
25 92
25 97
25 50
25 58
25 56
25 52
26 33
26 82
26 34
26 33
26 33
26 80
26 95
27 93
27 90
27 34
27 50
27 85
27 30
28 85
28 74
28 91
28 94
29 32
29 56
29 72
29 94
29 94
29 79
29 92
29 56
30 49
30 82
30 64
30 43
30 96
30 31
30 77
31 57
31 48
31 56
31 95
31 96
31 46
31 99
31 99
32 80
32 62
32 70
32 98
32 71
33 98
33 47
33 59
33 96
33 63
33 89
33 40
33 40
34 94
34 37
34 78
34 72
35 47
35 96
35 73
36 84
36 37
36 82
36 89
36 96
36 75
37 63
37 38
37 51
38 73
38 46
38 71
38 87
38 77
38 92
38 39
39 60
39 79
39 50
39 85
39 61
40 41
40 47
40 54
40 74
40 83
40 87
40 67
40 99
40 66
40 54
41 52
41 72
42 77
42 65
42 46
42 71
43 86
43 80
43 84
44 72
44 53
44 56
44 58
45 65
45 92
45 98
46 82
46 66
47 85
47 87
47 61
47 76
48 77
48 84
48 86
48 82
48 52
48 49
48 61
48 88
49 76
50 95
50 77
50 73
50 95
50 69
50 52
50 54
50 65
51 97
51 57
51 84
52 78
52 57
53 90
53 77
53 75
53 55
53 71
54 72
54 75
54 86
54 90
55 74
55 65
55 60
55 57
57 94
57 91
57 62
58 72
58 77
58 79
58 67
58 65
59 90
59 70
59 91
59 95
60 63
60 77
60 76
60 93
60 72
60 61
60 71
60 65
60 90
61 99
61 96
62 88
62 99
62 64
62 63
62 69
62 76
63 79
63 87
63 96
64 82
64 80
64 71
64 89
64 98
64 70
65 90
66 99
66 95
66 79
67 77
67 73
67 89
68 80
68 95
68 89
68 74
69 71
69 93
70 94
70 73
70 73
72 86
73 97
73 76
73 93
74 87
74 91
75 99
75 84
76 99
76 90
76 99
76 93
76 82
76 97
77 96
77 98
77 82
77 99
77 83
78 99
78 82
79 83
80 90
80 85
80 85
81 90
81 83
81 99
81 85
82 85
82 97
82 86
82 92
82 94
83 87
83 90
83 85
85 98
85 89
85 94
86 90
86 94
88 95
90 98
90 97
91 96
91 98
92 94
94 96
