0 70
0 86
0 5
0 94
0 61
0 36
0 23
0 28
0 23
0 16
1 18
1 22
1 30
1 85
1 98
1 38
1 69
1 89
1 69
2 27
2 99
2 20
2 39
2 49
2 40
3 54
3 83
3 20
3 23
3 83
3 22
3 36
3 41
3 79
3 36
3 95
4 61
4 17
4 13
4 32
4 93
5 70
5 85
5 98
5 80
5 40
5 87
5 39
5 94
5 87
5 31
5 57
6 89
6 17
6 11
6 74
6 76
6 88
6 31
6 52
6 25
7 37
7 50
7 85
7 93
7 36
7 91
7 39
7 37
7 49
7 42
7 15
7 71
7 44
7 53
8 31
8 35
8 69
8 31
8 44
8 73
8 84
8 82
8 30
8 19
9 12
9 90
9 35
9 41
9 15
9 83
10 23
10 62
10 34
10 23
10 78
10 18
10 25
10 49
10 12
10 62
10 97
10 74
11 15
11 84
11 15
11 27
11 71
11 37
11 94
11 46
12 68
12 55
12 15
12 48
13 46
13 75
13 71
13 24
13 57
13 82
13 86
13 49
13 86
13 50
14 62
14 15
14 46
14 20
14 42
14 30
14 94
15 71
15 42
15 40
15 85
15 45
15 92
15 74
16 92
16 92
16 62
16 27
16 85
16 32
16 77
17 28
17 97
17 27
17 78
17 92
17 20
17 91
17 21
17 42
18 46
18 93
18 50
18 88
18 70
18 55
18 68
18 86
18 69
18 22
18 51
19 53
19 98
19 82
19 32
19 40
19 38
19 26
19 32
20 73
20 97
20 90
20 95
20 50
20 87
21 77
21 93
21 77
21 33
21 75
21 93
21 81
21 29
21 90
21 47
22 48
22 60
22 56
22 41
22 94
22 47
22 69
22 34
23 65
23 76
24 58
24 40
24 70
24 77
24 66
24 68
24 88
24 56
24 36
24 77
24 74
24 64
24 30
25 30
25 82
25 39
25 61
25 57
25 28
25 56
25 74
25 46
25 99
26 39
26 46
26 92
26 98
26 45
27 40
27 93
27 61
27 65
28 81
28 70
28 31
29 62
29 86
29 54
29 92
29 32
29 82
29 48
29 75
30 39
30 76
30 80
30 85
30 84
30 46
30 83
30 85
31 35
31 45
31 75
31 94
31 98
31 60
31 53
31 85
31 53
32 94
32 91
32 93
32 53
32 97
32 73
32 57
32 79
32 42
33 63
33 89
33 84
34 91
34 84
34 36
34 35
34 79
34 73
35 84
35 40
36 79
36 57
36 53
37 50
37 77
37 85
37 88
37 91
37 84
37 72
38 86
38 96
38 90
38 94
39 74
39 92
39 50
39 86
39 44
39 54
40 52
40 64
40 78
40 76
40 66
40 80
41 87
41 73
41 56
41 58
41 46
41 58
41 55
41 90
41 80
41 79
42 99
42 47
42 83
42 77
43 64
43 52
43 65
43 65
43 64
43 72
43 84
43 53
43 57
43 71
44 69
44 52
44 78
44 48
44 78
44 57
45 74
45 62
45 48
45 67
45 47
45 92
45 51
45 51
46 83
46 99
46 49
46 80
46 64
46 88
46 78
46 58
46 98
47 97
47 61
47 67
47 82
47 71
48 66
48 61
48 67
48 49
48 86
49 70
49 84
49 81
49 52
49 54
49 58
50 96
50 97
50 63
50 72
50 84
50 61
50 75
50 84
50 60
51 71
51 60
51 75
51 61
51 89
51 61
52 71
52 93
52 85
52 70
52 80
52 59
52 53
53 58
53 54
53 88
53 57
54 79
54 91
54 81
54 76
55 68
55 79
55 89
55 99
55 91
55 79
56 57
56 79
56 78
56 97
56 64
56 93
56 66
57 64
57 82
57 73
58 90
58 88
58 81
58 66
59 94
59 98
59 96
59 81
59 72
59 72
60 89
60 95
60 68
60 75
61 84
61 94
62 83
62 96
63 86
63 65
64 70
65 93
65 70
65 67
66 88
66 90
66 83
66 98
66 92
67 80
67 68
67 78
67 87
68 89
69 98
69 87
69 93
69 83
70 84
71 98
71 89
71 91
73 84
73 97
73 87
74 90
74 87
75 77
75 83
75 81
75 92
75 99
75 80
75 86
76 97
77 82
77 85
78 95
78 99
78 83
78 82
79 96
80 96
80 85
80 83
80 82
81 96
81 84
82 86
82 97
83 96
84 90
84 91
86 88
86 97
86 91
86 91
87 93
89 93
91 96
91 99
92 96
93 94
94 98
95 99
