0 82
0 57
0 68
0 56
0 34
0 13
0 14
0 35
0 84
0 84
0 58
0 34
0 83
1 51
1 67
1 19
1 85
1 3
1 99
1 14
1 93
1 69
1 36
1 25
1 61
2 26
2 90
2 90
2 26
2 45
2 48
2 89
2 67
2 57
2 42
2 51
3 67
3 58
3 84
3 72
3 45
3 16
3 64
3 88
3 15
3 47
3 56
3 80
4 19
4 8
4 13
4 67
4 59
4 19
4 57
4 61
5 55
5 61
5 6
5 21
5 36
5 24
5 71
5 98
5 30
5 51
5 96
6 68
6 92
6 75
6 75
6 17
6 29
6 43
6 48
6 18
6 7
7 71
7 82
7 11
7 72
7 85
7 68
7 37
7 16
7 80
7 74
8 28
8 40
8 23
8 38
8 75
8 31
8 18
8 58
8 85
8 65
8 81
9 93
9 53
9 47
9 89
9 39
9 44
9 84
10 50
10 56
10 90
10 99
10 70
10 76
10 43
10 25
10 31
10 46
10 22
11 93
11 99
11 65
11 30
11 21
11 96
11 97
11 49
11 98
11 76
11 73
12 69
12 47
13 44
13 79
13 44
13 55
13 61
13 20
13 57
13 30
14 23
14 17
14 60
14 90
14 59
14 94
14 19
14 49
14 40
15 98
15 83
15 94
15 51
15 18
16 20
16 23
16 62
16 51
16 23
16 71
16 67
16 19
16 73
17 50
17 85
17 71
17 58
17 64
18 31
18 97
18 81
18 90
18 53
18 34
18 92
18 26
19 29
19 87
19 95
19 55
19 23
19 26
20 81
20 60
20 93
21 61
21 42
21 93
21 88
21 23
21 66
22 43
22 71
22 30
22 75
22 54
22 26
22 25
22 48
23 32
23 64
23 40
23 52
23 75
23 62
23 66
23 70
23 82
23 32
23 98
24 66
24 53
25 80
25 48
25 69
25 52
25 45
25 53
25 86
25 52
25 53
26 94
26 46
26 91
26 73
26 94
26 95
26 72
26 79
27 45
27 75
27 51
27 65
27 51
27 28
27 59
27 96
27 90
27 84
28 95
28 66
28 32
28 85
29 36
29 37
29 69
29 92
29 31
29 39
29 65
30 36
30 53
30 51
30 89
30 72
31 62
31 94
31 70
31 46
31 47
31 33
31 44
31 55
31 51
31 84
31 52
31 59
32 51
32 74
32 55
32 41
32 39
32 81
32 88
32 89
33 59
33 68
33 65
33 44
33 88
33 99
33 34
34 52
34 73
34 77
34 63
34 50
34 82
34 84
35 87
35 83
35 63
35 53
35 57
35 64
35 93
35 70
35 79
36 79
36 82
36 64
36 52
36 45
36 57
37 56
37 46
37 45
37 77
38 84
38 70
38 43
38 62
38 64
38 50
38 61
39 76
39 78
39 53
39 86
39 86
40 72
40 66
40 92
40 93
40 60
40 63
40 81
40 89
40 91
41 45
41 60
41 92
41 50
42 48
42 63
42 98
43 44
43 44
43 76
43 83
44 59
44 93
44 57
45 73
45 76
45 84
45 72
45 98
45 80
45 97
45 55
46 79
46 60
46 74
46 51
46 66
46 89
47 92
47 72
48 70
48 56
48 90
48 84
48 52
48 95
49 90
49 64
49 84
49 71
49 56
49 63
49 90
49 96
50 93
50 86
51 73
51 90
51 64
52 70
53 58
53 76
53 88
53 64
53 97
53 60
54 70
54 63
55 69
55 84
55 76
55 86
56 74
56 77
56 99
56 91
56 92
57 85
57 77
57 71
57 71
57 66
57 59
58 82
58 74
58 68
58 85
58 83
58 96
59 94
59 75
60 82
60 81
60 66
60 90
60 81
61 96
61 63
61 77
61 74
61 63
61 62
62 72
62 63
63 72
63 88
64 76
64 80
65 94
65 74
65 78
65 74
65 75
65 71
65 96
66 68
66 73
66 83
66 67
66 67
67 82
67 89
67 90
68 93
68 90
68 96
68 90
69 98
69 91
69 75
70 88
70 95
70 81
70 95
70 73
71 91
71 95
71 76
71 98
71 92
72 96
73 97
73 83
73 98
74 88
74 85
74 89
74 75
75 92
75 81
75 79
75 85
76 80
76 77
76 91
77 84
77 80
78 80
78 92
78 81
79 87
79 91
80 82
80 89
81 82
81 94
82 89
82 95
82 99
83 88
84 87
84 91
86 94
86 91
86 87
87 96
87 92
90 91
90 98
92 93
93 96
95 97
96 97
96 99
