0 63
0 92
0 40
0 83
0 90
0 86
0 16
0 74
0 32
0 77
0 76
0 82
1 85
1 35
1 57
1 99
1 79
1 57
1 69
1 54
1 75
1 15
1 82
2 37
2 82
2 62
2 26
2 20
2 66
2 3
2 82
2 17
2 96
2 80
3 86
3 52
3 26
3 65
3 9
3 46
3 97
3 64
3 81
3 6
3 28
3 68
3 89
3 83
3 31
3 89
4 98
4 52
4 21
4 67
4 95
4 99
5 96
5 77
5 75
5 63
5 17
5 56
5 72
5 42
5 52
5 92
5 61
5 46
5 93
5 74
5 95
6 90
6 53
6 84
6 47
6 42
6 34
6 51
7 97
7 58
7 27
7 32
7 22
7 61
7 55
7 82
7 30
8 49
8 48
8 29
8 38
8 58
8 70
8 56
8 52
8 10
8 73
9 43
9 36
9 49
9 59
9 34
9 59
10 72
10 43
10 48
10 63
10 41
10 37
10 33
11 63
11 84
11 82
11 53
11 40
11 25
11 24
11 79
11 27
12 18
12 76
12 14
12 95
12 79
12 34
12 55
12 36
12 39
12 80
13 19
13 71
13 57
13 43
13 75
13 72
13 16
13 89
13 46
14 94
14 75
14 76
14 72
14 86
14 43
14 22
14 89
14 54
14 42
15 38
15 29
15 83
15 20
15 51
15 48
15 58
15 81
15 40
16 64
16 31
16 41
16 65
16 84
16 69
17 21
17 50
17 66
17 79
17 31
17 53
17 75
18 31
18 89
18 32
18 34
18 31
18 97
18 83
18 41
18 43
18 81
18 72
18 71
18 47
18 81
18 65
19 53
19 52
19 68
19 86
19 26
20 30
20 86
20 43
20 54
20 34
20 36
20 56
20 75
20 84
20 45
20 98
21 35
21 84
21 81
21 38
21 43
21 39
21 42
22 68
22 67
22 40
22 47
22 32
22 76
22 61
23 71
23 34
23 82
23 63
23 71
23 84
23 64
23 86
24 60
24 37
24 60
24 54
24 25
24 36
24 43
24 87
24 79
24 86
24 94
25 97
25 35
25 46
25 26
25 93
26 92
26 80
26 53
26 31
26 42
26 80
27 77
27 94
27 47
27 95
28 55
28 39
28 32
28 52
28 34
28 34
28 52
29 68
29 41
29 35
30 61
30 84
30 64
30 94
30 93
30 83
30 69
30 45
31 50
31 50
31 67
31 54
31 34
31 78
31 97
31 35
31 51
31 60
32 38
32 70
32 95
33 64
33 66
33 55
33 76
33 84
33 61
33 95
33 73
33 34
33 68
33 67
34 55
34 73
35 91
35 70
35 60
35 61
35 56
35 62
35 80
36 81
36 69
36 93
36 59
37 99
37 89
37 90
37 71
37 95
37 70
37 69
37 86
37 41
37 64
37 90
38 73
38 41
38 40
38 41
38 77
38 48
39 40
39 89
39 50
39 67
39 95
39 74
39 54
40 46
40 42
40 62
40 59
40 62
40 49
40 91
40 89
41 49
41 53
41 96
41 67
41 79
41 96
41 73
42 53
42 54
42 64
42 82
43 98
43 92
43 62
43 58
43 86
43 53
44 65
44 84
44 78
44 97
45 49
45 61
45 83
45 88
45 99
46 51
46 93
46 47
46 87
46 56
46 73
47 70
47 50
48 84
48 74
48 54
48 53
48 63
49 79
49 75
50 99
50 90
50 94
50 98
50 97
50 79
51 71
51 58
51 83
51 64
51 88
51 55
51 94
51 75
52 65
52 89
53 93
53 80
53 93
53 78
53 80
53 76
54 91
54 66
54 71
54 88
54 74
54 91
54 72
55 61
55 88
56 70
57 91
57 83
57 90
57 99
58 74
58 85
58 74
58 77
58 97
59 64
59 89
59 74
59 68
60 89
60 99
60 71
61 86
61 64
62 71
62 71
63 70
63 73
63 91
64 74
64 86
64 96
65 69
65 90
65 87
65 93
66 79
66 69
66 83
66 92
67 69
67 81
67 93
68 96
68 78
69 88
69 99
69 88
69 90
69 78
69 83
70 73
70 80
71 90
71 92
71 95
71 88
71 73
71 73
71 95
72 83
72 95
74 92
74 76
74 93
75 95
75 85
76 98
76 96
76 99
76 91
77 97
78 80
78 88
78 97
78 81
79 85
79 87
81 97
82 99
82 99
83 94
83 93
85 90
86 92
87 94
87 96
87 92
89 90
89 98
90 99
91 95
94 99
94 97
94 99
95 97
96 99
