0 76
0 96
0 19
0 35
0 40
0 83
0 84
0 10
0 27
0 73
0 45
0 29
0 18
1 53
1 88
1 2
1 92
1 54
1 89
1 60
1 68
1 2
1 13
2 21
2 38
2 35
2 46
2 96
2 87
2 79
2 10
2 44
2 49
2 81
3 6
3 23
3 96
3 17
3 38
3 22
3 38
3 50
3 91
3 37
4 61
4 23
4 18
4 20
4 63
4 18
4 62
4 31
5 46
5 72
5 70
5 70
5 85
5 52
5 55
5 32
5 72
5 16
5 34
5 54
5 91
6 83
6 69
6 54
6 79
6 47
6 60
6 20
6 84
6 63
6 33
6 83
6 19
6 49
6 38
7 45
7 40
7 10
7 25
7 47
7 65
7 64
7 84
7 16
7 60
7 65
8 12
8 13
8 71
8 27
8 9
8 41
8 72
8 52
8 69
9 91
9 10
9 26
9 88
9 83
9 97
9 20
9 37
9 23
9 39
9 83
9 32
9 78
9 37
10 53
10 36
10 27
10 21
10 35
10 39
10 59
10 65
11 57
11 85
11 92
11 88
11 72
11 88
11 53
11 31
12 91
12 44
12 27
12 69
12 80
12 20
13 26
13 17
13 39
13 96
13 20
13 87
13 99
14 94
14 87
14 56
14 95
14 38
14 76
14 87
14 98
15 84
15 96
15 97
15 28
15 53
15 51
15 32
15 70
15 23
15 55
16 75
16 73
16 98
16 52
16 30
16 66
17 97
17 61
17 91
18 87
18 82
18 54
18 88
18 92
18 73
18 39
18 92
18 89
18 36
18 95
19 92
19 77
19 37
19 93
19 68
19 87
19 33
20 51
20 31
20 89
20 35
20 29
20 90
21 34
21 84
21 33
21 76
21 68
21 79
21 24
21 60
21 65
21 42
21 48
21 86
22 56
22 83
22 81
22 41
23 88
23 87
23 80
23 65
23 54
23 94
24 60
24 69
24 60
25 55
25 88
25 32
25 26
25 70
25 48
25 71
26 76
26 63
26 55
26 86
27 79
27 40
27 41
27 98
27 45
27 49
28 53
28 81
28 61
28 67
28 71
28 80
29 60
29 95
29 44
29 79
29 32
29 38
30 51
30 38
30 40
30 71
30 50
30 45
30 66
31 39
31 66
31 98
31 52
31 41
32 78
32 82
32 66
33 76
33 91
33 60
33 65
33 75
33 93
33 93
33 58
34 67
34 73
34 46
34 68
34 72
34 80
35 41
35 51
35 76
35 86
35 61
36 72
36 50
36 86
36 79
36 74
37 86
37 83
37 77
37 86
37 42
37 88
37 60
37 46
38 69
38 58
38 80
38 65
38 98
38 98
39 43
39 76
39 91
39 47
39 57
39 93
39 90
39 51
40 73
40 63
41 99
41 54
41 63
41 66
41 94
41 96
41 99
41 59
42 98
42 71
42 92
42 83
43 48
43 54
43 51
44 95
44 48
44 83
45 61
45 61
45 48
45 98
45 86
46 63
46 76
46 90
46 80
46 95
46 61
46 96
46 69
46 53
46 67
46 58
47 87
47 84
47 52
47 77
47 96
47 99
47 70
48 59
48 72
48 61
48 93
48 97
48 72
48 67
49 70
49 86
49 94
50 79
50 56
50 65
51 71
51 70
51 83
51 59
51 61
52 61
52 67
52 73
52 56
52 84
53 66
53 54
53 97
53 94
53 75
53 79
53 71
53 54
53 57
53 58
54 92
54 73
54 65
54 61
54 68
54 82
54 78
55 68
55 65
55 74
55 93
55 60
56 73
56 99
57 95
57 66
57 89
57 81
57 93
58 96
58 80
58 67
58 76
58 74
59 82
59 70
59 68
59 60
59 79
60 71
60 74
60 77
60 61
60 76
61 78
61 73
61 73
61 93
61 98
61 92
61 82
62 76
62 77
62 84
62 73
62 70
62 88
62 87
63 64
63 76
63 80
63 98
63 79
63 72
65 83
65 85
65 95
65 82
66 78
66 74
66 88
66 80
67 95
67 68
67 70
67 88
67 78
68 85
68 77
68 94
68 73
68 94
69 77
69 82
69 90
69 72
70 95
70 84
70 82
70 81
70 97
70 90
71 99
71 91
71 96
73 82
73 99
73 77
73 78
73 81
74 95
74 84
75 90
75 97
76 93
79 96
79 88
80 95
80 83
80 85
80 92
80 81
81 96
81 91
82 99
82 94
83 98
84 94
84 89
84 89
84 95
85 91
89 92
90 92
92 99
97 98
