0 92
0 25
0 43
0 42
0 19
0 74
0 33
0 67
0 10
0 81
0 92
1 71
1 27
1 6
1 96
1 7
1 16
1 47
1 42
1 80
1 74
2 73
2 58
2 92
2 39
2 63
2 92
2 37
2 38
3 15
3 22
3 19
3 35
3 11
3 64
3 22
3 58
3 93
4 14
4 58
4 60
4 84
4 20
4 54
5 77
5 7
5 8
5 26
5 53
5 30
5 68
5 92
5 39
5 53
5 56
5 54
5 9
5 15
6 44
6 91
6 57
6 72
6 23
6 55
6 24
6 56
6 43
6 59
6 48
6 15
6 80
7 52
7 86
7 55
7 73
7 67
7 82
7 76
7 65
7 71
7 40
7 97
7 17
7 84
8 82
8 73
8 26
8 33
8 51
8 66
8 84
8 79
8 11
8 81
8 9
8 98
9 31
9 88
9 18
9 23
9 98
9 48
9 85
9 26
9 13
9 97
10 67
10 74
10 21
10 38
10 36
10 11
10 86
10 18
10 43
10 11
10 51
10 14
11 23
11 97
11 52
11 46
11 99
11 87
11 61
11 95
11 13
11 74
11 20
11 74
11 31
12 38
12 80
12 65
12 95
12 75
12 19
12 85
12 43
12 31
12 67
12 77
13 16
13 31
13 93
13 97
13 15
13 93
13 73
13 51
13 74
14 63
14 60
14 44
14 31
14 70
14 90
14 39
15 94
15 75
15 64
16 38
16 99
16 71
16 68
16 83
16 98
16 39
16 75
17 23
17 24
17 84
17 29
17 95
17 73
17 62
17 36
17 77
17 90
17 61
17 87
17 59
18 82
18 95
18 27
18 44
18 64
18 33
18 95
19 73
19 25
19 40
19 94
19 71
20 28
20 97
20 71
20 54
20 58
20 96
20 55
20 37
20 48
21 33
21 69
21 75
21 89
21 42
22 29
22 63
22 54
22 51
22 47
22 98
23 67
23 53
23 50
23 76
23 52
24 41
24 60
24 97
24 35
24 31
24 39
25 79
25 53
25 87
25 85
25 59
26 87
26 96
26 73
26 81
26 56
26 77
26 86
27 66
27 66
27 75
27 55
27 64
27 85
27 60
27 54
27 86
27 94
27 46
27 55
28 37
28 68
28 43
28 36
28 41
28 40
28 39
29 30
29 36
29 44
29 69
29 93
29 62
29 77
30 68
30 40
30 88
30 93
30 92
30 59
30 59
30 72
30 88
30 47
30 59
30 59
30 97
31 43
31 66
31 82
31 37
31 46
32 41
32 87
32 50
32 44
32 76
32 40
32 85
32 74
32 69
32 94
32 57
32 84
33 39
33 69
33 34
33 55
33 49
33 58
33 40
34 39
34 81
34 89
34 60
35 71
35 42
35 43
35 85
36 64
36 94
36 62
36 37
36 52
36 85
36 61
36 67
36 78
36 84
37 48
37 70
37 95
37 71
37 88
37 65
37 81
38 83
38 43
38 87
38 67
38 87
38 52
39 80
39 50
39 40
39 61
40 52
40 98
41 71
41 55
41 65
41 93
41 42
42 68
42 64
42 87
42 79
43 45
43 71
43 72
43 74
43 45
44 75
44 77
44 60
45 57
46 73
46 94
46 59
46 88
46 67
47 98
47 63
47 75
47 69
47 76
48 91
48 85
48 94
48 56
48 61
48 86
48 76
48 93
48 92
48 91
48 60
48 97
49 80
49 76
49 52
49 94
49 94
50 78
50 65
50 81
50 55
50 57
50 89
51 91
51 78
52 85
53 75
53 57
54 91
54 58
54 85
54 75
55 76
55 68
55 77
55 71
56 73
56 90
57 60
57 62
57 94
57 64
57 86
57 78
58 96
59 65
59 75
59 97
60 81
60 81
60 62
60 68
61 71
61 96
61 67
61 86
61 89
61 76
61 75
62 86
62 97
62 79
63 72
63 92
63 94
63 64
63 96
63 95
63 66
64 68
65 68
65 84
65 78
66 83
67 90
67 77
67 94
67 98
68 69
69 88
69 96
69 87
70 81
70 85
71 73
71 73
71 80
71 73
71 90
71 79
72 96
73 90
73 79
73 76
73 78
74 78
75 96
75 87
75 84
76 82
76 91
76 99
77 92
77 86
77 99
77 93
78 79
78 99
78 96
78 99
80 84
81 82
81 99
82 90
82 98
83 98
83 96
85 89
85 96
86 98
87 95
87 93
88 91
88 89
88 95
88 91
90 91
90 96
91 92
92 98
93 95
93 96
95 98
97 99
98 99
