0 19
0 18
0 1
0 63
1 59
1 64
1 88
1 98
1 99
1 65
1 98
1 42
1 52
1 76
1 76
1 48
1 32
2 70
2 20
2 94
2 33
2 27
2 85
2 43
2 66
2 28
2 18
3 5
3 62
3 39
3 19
3 6
3 27
3 65
3 19
3 74
3 83
4 31
4 53
4 8
4 85
4 70
4 90
4 94
4 40
4 47
4 72
4 57
4 80
4 46
5 6
5 29
5 99
5 7
5 24
5 14
5 57
5 38
5 28
5 37
5 22
5 15
6 70
6 87
6 28
6 7
6 63
6 45
6 32
6 29
6 50
6 76
6 78
6 8
6 53
6 13
7 28
7 44
7 43
7 26
7 92
7 66
7 73
7 85
7 22
7 71
7 85
7 9
8 95
8 50
8 52
8 61
8 13
8 64
9 30
9 29
9 37
9 35
9 71
9 94
10 29
10 55
10 67
10 99
10 69
10 47
10 48
10 27
10 21
11 13
11 73
11 55
11 38
11 64
11 53
11 22
12 66
12 63
12 97
12 95
12 86
12 71
12 88
12 55
13 52
13 60
13 34
13 82
13 48
13 54
13 51
13 77
13 15
13 22
14 26
14 78
14 24
14 68
14 93
14 76
14 92
14 70
14 77
14 71
14 71
15 45
15 27
15 62
15 96
15 86
15 69
15 53
15 72
15 97
15 49
16 90
16 52
16 47
16 20
16 60
16 26
16 44
16 82
16 70
17 46
17 20
17 23
17 34
17 21
17 33
18 83
18 54
18 87
18 23
18 23
18 26
19 80
19 27
19 26
19 21
19 87
19 83
19 46
20 59
20 38
20 33
20 98
20 33
21 46
21 99
21 30
21 81
21 90
21 50
21 26
21 88
21 45
22 64
22 61
22 39
22 67
22 91
22 50
22 81
22 24
22 26
22 54
23 36
23 88
23 82
23 43
24 38
24 49
24 25
24 35
25 57
25 41
25 98
25 82
25 39
25 73
25 65
25 41
26 55
26 65
26 86
26 32
26 85
27 90
27 45
27 66
27 35
27 44
27 90
27 74
28 63
28 67
28 55
28 63
28 87
28 55
28 44
28 34
28 80
28 92
29 89
29 90
29 59
30 51
30 99
30 34
30 34
30 80
30 87
31 36
31 66
31 56
31 78
31 53
31 46
31 55
31 64
31 62
31 88
31 75
31 90
32 94
32 66
32 54
32 43
32 79
32 59
32 38
32 34
32 92
32 99
33 44
33 73
33 88
33 40
33 74
33 54
33 85
33 78
34 62
34 80
34 42
34 99
34 46
34 41
34 42
34 61
35 99
35 72
35 46
35 64
35 70
35 82
35 37
36 61
36 78
36 74
36 65
36 41
36 64
37 47
37 59
37 40
37 65
37 92
38 68
38 99
38 67
38 43
39 89
39 87
39 46
39 43
39 67
39 68
39 59
39 97
40 53
40 61
40 63
40 56
41 60
41 98
42 77
42 56
42 70
42 51
43 99
43 57
43 80
43 48
43 99
43 94
43 74
44 96
44 52
44 88
44 65
44 88
44 82
44 86
44 57
44 82
45 71
45 80
45 81
45 49
45 87
46 91
46 52
46 51
46 70
46 96
46 52
46 76
47 74
47 71
47 63
47 91
48 79
48 91
48 97
48 49
48 53
48 94
48 77
48 89
48 98
49 68
49 93
49 88
49 64
49 89
49 52
49 77
49 65
50 76
50 77
51 78
51 60
51 87
51 98
51 95
51 95
51 88
51 95
51 86
52 71
52 73
52 53
52 75
53 58
53 97
53 89
53 62
54 90
54 66
54 78
54 94
54 85
54 87
55 81
55 67
55 72
56 89
56 59
56 83
56 59
56 59
56 60
56 58
57 92
57 59
57 80
57 93
58 72
58 77
58 88
59 71
59 98
59 98
59 93
60 72
60 70
60 82
60 86
61 89
61 87
61 64
62 81
63 82
63 82
63 69
63 69
63 82
64 67
65 92
65 77
65 67
66 96
66 95
66 96
66 79
66 92
68 81
68 95
68 87
68 83
68 69
68 93
69 72
71 91
71 80
71 97
71 81
72 88
72 88
73 93
74 90
74 86
75 91
76 80
76 77
77 83
77 83
78 95
78 93
79 92
79 93
79 91
80 88
80 98
80 81
81 86
81 98
82 94
83 89
83 97
83 92
84 88
84 92
84 92
85 91
86 95
87 89
87 93
87 98
87 91
87 96
87 95
87 94
90 98
92 99
94 95
97 99
