0 76
0 71
0 28
0 77
0 62
0 62
0 23
0 17
0 29
0 15
0 90
0 89
0 33
0 17
0 92
0 38
1 50
1 11
1 83
1 4
1 29
2 22
2 25
2 30
2 27
2 71
2 25
2 59
2 57
2 29
2 4
2 39
3 71
3 50
3 90
3 82
3 58
3 81
3 99
3 47
4 59
4 52
4 91
4 25
4 7
4 84
4 86
4 48
4 73
4 80
4 30
4 74
4 28
4 87
5 49
5 78
5 96
5 58
5 15
5 53
5 91
5 63
5 68
5 20
5 44
5 45
5 53
5 57
5 33
5 40
5 61
6 63
6 17
6 81
6 7
6 93
6 21
7 82
7 79
7 95
7 79
7 89
7 25
7 30
7 98
8 42
8 62
8 43
8 24
8 44
8 67
8 55
8 63
8 60
8 13
8 60
8 32
8 43
9 20
9 62
9 63
9 70
9 11
9 91
9 76
9 64
9 75
9 12
9 28
10 49
10 94
10 13
10 72
10 47
10 22
10 65
10 45
10 22
10 47
10 80
11 79
11 40
11 52
11 60
11 54
11 15
11 97
11 37
11 91
12 62
12 88
12 83
12 89
12 74
12 98
12 17
12 55
12 69
12 16
12 78
13 51
13 64
13 77
13 76
13 76
13 48
14 34
14 70
14 95
14 40
14 64
14 74
14 44
14 28
15 44
15 61
15 96
15 98
15 40
15 92
15 34
16 69
16 26
16 81
16 47
16 37
16 21
16 70
16 64
17 24
17 28
17 49
17 43
17 31
17 93
17 92
17 62
17 40
17 33
17 98
18 54
18 63
18 29
18 58
18 90
18 87
18 58
18 86
18 44
18 96
18 80
18 30
18 58
18 45
19 23
19 33
19 49
19 67
19 20
20 65
20 62
20 77
20 26
20 24
20 78
20 97
20 76
20 91
20 73
20 31
20 48
20 32
21 53
21 28
22 86
22 50
22 87
22 59
22 99
22 64
22 52
22 55
22 93
23 32
23 59
23 68
23 92
23 50
23 47
23 69
23 99
23 39
24 29
24 34
25 43
25 37
25 68
26 66
26 36
26 66
26 96
26 31
26 99
26 84
27 77
27 89
27 48
27 95
27 91
27 33
27 29
27 42
28 75
28 45
28 37
28 75
29 48
29 88
29 81
29 68
29 61
29 31
29 40
30 69
30 94
30 43
30 79
30 60
30 68
30 62
31 34
31 90
31 69
31 46
31 91
31 50
32 55
32 59
32 87
32 60
32 97
32 61
33 97
33 80
33 77
33 55
33 41
33 35
33 97
34 86
35 36
35 46
35 74
35 94
35 99
35 46
35 86
35 47
35 36
35 78
36 53
36 92
36 42
37 47
37 84
37 61
37 85
37 94
38 78
38 72
38 88
38 73
38 40
38 73
38 65
38 54
38 97
38 78
39 66
39 88
39 40
39 59
39 82
39 73
39 70
40 61
40 72
40 83
40 54
40 57
40 88
40 95
40 97
41 97
41 73
41 73
41 94
42 99
42 53
42 59
42 54
42 57
42 86
43 96
43 92
43 84
43 96
44 90
44 85
44 66
44 46
45 85
45 62
45 87
45 58
45 73
45 74
45 69
45 51
46 96
46 88
46 96
46 63
46 65
46 86
46 51
46 88
46 55
46 91
46 52
47 85
47 82
47 58
47 68
48 56
48 77
48 64
49 90
49 89
49 99
50 94
50 64
50 51
50 80
50 86
50 88
51 70
51 52
51 96
51 62
52 96
52 81
52 74
52 58
52 63
52 74
53 89
53 94
53 77
53 58
53 83
53 92
54 93
54 71
54 64
54 98
55 85
55 94
55 56
55 90
55 58
55 86
55 63
55 59
56 80
56 85
57 87
57 60
57 68
57 92
57 64
58 83
58 65
58 84
58 60
58 67
59 65
59 81
59 93
59 89
60 77
60 68
60 89
60 92
61 92
61 66
61 98
61 86
62 86
62 88
63 77
63 78
63 86
63 98
64 84
64 69
64 99
64 75
65 72
65 87
65 96
65 94
65 87
66 91
66 70
66 89
66 80
66 98
66 71
67 69
67 79
68 95
68 76
69 90
71 76
71 94
73 89
73 90
73 89
73 90
73 94
74 87
75 95
76 83
76 93
76 83
77 88
78 86
78 92
78 97
78 96
79 96
79 84
79 91
80 82
81 95
81 96
82 98
83 94
84 97
84 98
84 98
86 98
87 99
87 94
88 97
92 93
93 98
93 99
95 96
