0 39
0 60
0 6
0 95
0 57
0 36
0 2
0 88
1 7
1 64
1 45
1 91
1 91
1 68
1 55
1 41
1 42
1 32
1 20
2 98
2 34
2 24
2 5
2 21
2 7
2 79
2 6
3 59
3 6
3 25
3 21
3 64
3 54
3 87
3 23
3 93
4 62
4 85
4 27
4 8
4 19
4 26
4 30
4 11
5 61
5 23
5 32
5 51
5 29
5 53
5 67
5 75
5 68
5 84
6 63
6 78
6 65
6 34
6 49
6 73
6 31
6 36
6 48
6 70
7 78
7 30
7 80
7 91
7 16
7 84
7 98
7 77
8 77
8 44
8 96
8 81
8 35
8 67
8 93
9 21
9 11
9 92
9 33
9 80
9 47
9 88
9 83
9 13
9 29
10 47
10 96
10 24
10 39
10 38
10 93
10 47
10 55
10 18
10 47
10 27
10 27
10 88
10 91
10 40
11 32
11 37
11 26
11 54
11 30
11 91
11 39
11 96
12 64
12 38
12 58
12 61
12 28
12 26
12 22
12 45
12 41
12 62
13 52
13 37
13 39
13 68
13 23
13 92
14 49
14 85
14 97
14 83
14 25
14 27
14 99
14 21
14 93
15 98
15 20
15 47
15 56
15 57
15 57
15 41
15 57
16 43
16 39
16 95
16 75
16 83
16 84
16 19
16 60
16 74
16 32
16 38
17 55
17 64
17 90
17 76
17 31
17 24
17 76
17 24
18 40
18 81
18 71
18 74
18 64
18 58
18 34
18 92
19 62
19 69
19 67
19 97
19 58
19 35
19 27
19 34
20 41
20 78
20 68
20 51
20 39
21 33
21 32
21 64
21 47
21 33
21 43
21 90
21 28
21 36
21 47
21 50
21 39
22 54
22 30
22 25
22 44
22 40
22 47
23 57
23 50
23 65
23 77
23 57
23 64
23 74
24 25
24 94
24 98
24 40
24 79
24 28
24 33
24 77
25 76
25 97
25 95
25 48
25 79
25 47
25 45
25 49
26 34
26 35
27 64
27 76
27 32
27 96
27 47
27 62
27 88
28 62
28 94
28 51
28 86
28 95
29 84
29 88
29 57
29 40
29 50
29 81
29 60
29 55
29 87
29 80
29 66
30 33
30 83
30 40
30 45
30 47
30 84
31 35
31 83
31 67
31 46
31 72
32 90
32 92
32 45
32 37
32 57
32 71
32 52
32 89
32 83
32 71
33 55
33 51
33 37
33 71
33 73
33 64
34 75
34 52
34 88
34 99
34 75
34 77
34 68
34 96
34 98
34 81
35 59
35 59
35 54
35 76
35 62
35 57
35 67
35 50
36 50
36 71
36 42
36 72
36 46
37 45
37 74
37 43
38 60
38 55
38 60
38 72
38 93
38 62
38 40
38 66
39 94
39 67
39 75
39 42
39 54
40 94
41 71
41 53
41 84
41 56
41 83
42 60
42 56
42 96
42 81
43 75
43 57
43 80
43 83
43 91
43 92
43 87
43 66
44 62
44 72
44 99
44 47
45 72
45 67
45 59
46 53
46 76
46 82
46 79
46 91
47 80
47 59
47 93
47 78
47 57
47 86
47 54
47 68
48 85
48 69
48 68
48 62
48 62
48 98
48 68
48 59
49 82
49 64
49 74
49 96
49 84
49 51
49 50
49 83
50 71
50 78
50 87
50 97
50 51
51 87
51 79
51 61
51 71
51 89
51 78
51 86
51 60
51 61
51 95
52 85
52 85
52 72
52 98
52 86
52 68
52 78
52 55
53 59
54 81
54 71
54 66
54 77
55 68
55 90
55 96
55 96
55 70
55 79
56 96
56 63
56 72
56 95
57 62
57 68
57 89
57 62
57 99
57 93
57 75
58 64
58 74
58 62
59 66
59 70
59 78
59 75
59 83
59 97
60 98
60 64
60 76
60 87
60 69
60 62
61 90
61 84
61 62
61 73
62 64
62 80
62 86
63 64
64 67
65 71
65 92
65 87
66 72
66 84
67 72
67 81
67 92
67 92
67 77
68 85
69 91
69 78
70 73
70 94
71 86
71 92
72 92
72 75
73 80
73 93
73 88
73 76
73 81
74 97
74 96
74 99
75 82
75 98
76 78
76 98
76 82
77 87
78 99
78 93
78 99
78 84
79 94
80 86
80 81
80 87
80 90
82 92
84 98
84 97
85 95
85 92
86 94
86 96
87 96
87 90
88 90
88 93
91 96
91 94
93 94
93 99
94 99
95 98
95 97
