0 88
0 69
0 33
0 76
0 63
0 99
0 95
0 42
0 67
1 65
1 89
1 87
1 47
2 46
2 61
2 46
2 43
2 85
2 75
2 45
2 49
3 92
3 59
3 84
3 99
3 52
3 13
3 48
3 33
4 40
4 83
4 64
4 80
4 69
4 6
4 78
4 51
4 34
4 74
4 37
4 21
4 70
5 52
5 87
5 13
5 70
5 34
5 18
5 89
5 44
5 37
5 14
5 22
5 19
5 86
6 82
6 11
6 58
6 97
6 36
6 68
6 99
6 9
6 99
6 72
6 24
6 94
7 95
7 25
7 48
7 68
7 58
7 28
7 90
7 10
7 85
7 81
7 36
8 24
8 20
8 94
8 82
8 41
8 21
8 33
8 30
9 53
9 77
9 81
9 32
9 39
9 14
9 50
9 70
9 94
10 39
10 27
10 69
10 82
10 26
10 87
10 87
10 34
10 22
10 89
10 25
10 37
11 48
11 84
11 72
11 37
11 57
11 25
11 65
11 46
11 70
11 94
11 66
12 36
12 71
12 56
12 86
12 27
13 26
13 83
13 91
13 74
14 45
14 40
14 71
14 66
14 32
14 55
14 69
14 59
14 67
14 20
14 58
14 66
14 96
14 41
14 89
14 96
15 51
15 23
15 46
15 56
15 93
15 86
15 28
15 36
16 61
16 35
16 69
16 41
17 83
17 33
17 61
17 51
17 21
17 80
18 64
18 38
18 28
18 75
18 63
18 45
19 30
19 64
19 87
19 39
19 56
19 44
19 90
19 32
19 98
20 72
20 93
20 54
20 79
20 58
20 92
21 77
21 32
21 36
21 50
21 99
21 74
21 80
22 71
22 92
22 62
22 71
22 93
22 25
22 62
23 40
23 75
23 37
23 39
23 59
23 69
23 26
23 66
23 83
23 60
23 28
23 97
23 30
24 88
24 98
24 93
25 67
25 28
25 96
25 61
25 79
25 43
25 95
25 40
26 46
26 64
26 67
26 29
26 31
26 78
26 77
26 82
26 59
26 37
26 60
27 42
27 32
27 76
27 37
28 55
28 75
28 51
28 30
28 47
28 98
28 81
28 47
28 95
29 77
29 95
29 35
29 34
29 38
29 67
29 85
29 49
29 30
29 54
29 63
30 46
30 37
30 70
30 68
30 34
30 86
30 43
30 94
31 53
31 43
31 82
32 33
32 58
32 68
32 58
32 75
32 45
33 50
33 72
33 70
33 86
33 42
34 82
34 84
34 80
34 68
34 60
35 96
35 53
35 60
35 99
35 83
35 72
35 96
36 58
36 49
36 46
36 97
36 59
36 88
36 42
36 87
37 78
37 43
37 86
37 64
37 69
37 66
37 60
37 81
38 92
38 87
38 73
38 43
38 62
38 46
38 83
38 91
38 64
38 99
38 67
39 66
39 65
39 45
39 79
40 66
40 61
40 98
40 72
41 64
41 68
41 52
41 59
41 65
41 46
41 88
42 62
42 81
42 63
42 89
42 99
43 96
43 85
43 76
43 98
44 48
44 65
44 67
44 49
44 67
44 74
45 51
45 99
45 64
45 56
45 67
45 92
45 91
45 53
46 82
46 85
47 99
47 59
48 63
48 95
48 89
48 67
48 75
48 82
48 76
48 92
49 63
49 83
50 72
50 52
50 52
50 96
50 62
51 66
51 96
51 69
51 70
51 68
52 91
52 92
52 90
52 68
52 67
53 77
53 97
53 95
53 99
53 62
53 94
53 74
54 73
54 70
54 59
54 79
54 63
54 90
54 87
54 83
54 56
54 67
55 56
55 94
55 98
55 93
55 87
56 98
56 96
56 60
56 58
56 63
57 64
57 85
57 69
57 87
58 93
58 94
58 68
58 79
59 70
59 91
59 62
59 76
59 70
59 61
60 92
60 80
60 71
60 77
60 63
60 85
60 78
61 87
61 76
61 74
61 72
61 66
62 77
63 70
63 82
63 97
64 88
64 71
64 99
65 69
65 70
66 71
66 74
66 85
66 69
67 75
67 80
68 97
68 79
68 78
69 98
69 75
69 82
70 71
71 95
72 88
72 85
72 75
73 89
73 99
74 97
74 88
74 95
74 77
75 90
75 83
75 97
76 88
76 92
76 96
77 80
77 79
77 78
77 90
78 82
78 83
78 84
78 83
79 85
79 89
79 82
79 98
79 81
79 94
79 85
80 82
80 94
81 90
83 86
83 89
84 99
84 95
85 89
88 96
89 90
92 97
