0 87
0 91
0 4
0 40
0 42
0 35
0 70
0 7
0 76
1 2
1 17
1 5
1 69
1 73
1 92
1 69
1 79
1 76
2 77
2 73
2 19
3 10
3 39
3 74
3 52
3 59
3 81
3 61
3 53
3 56
3 8
3 99
4 9
4 9
4 67
4 6
4 64
4 48
4 99
4 46
5 27
5 86
5 98
5 16
5 88
5 17
5 21
5 28
5 42
5 95
5 88
5 23
5 14
6 31
6 58
6 59
6 10
6 41
6 69
6 46
6 98
7 93
7 70
7 76
7 25
7 34
7 68
7 75
7 19
7 39
7 46
8 57
8 39
8 53
8 72
8 23
8 27
8 77
8 71
8 19
8 80
8 69
9 65
9 20
9 64
9 34
9 66
9 83
9 19
9 52
9 59
10 55
10 79
10 11
10 13
10 66
10 21
10 80
10 59
10 85
10 87
10 78
11 43
11 60
11 34
11 79
11 90
11 58
11 44
11 24
11 45
11 72
11 33
11 82
11 89
12 90
12 18
12 68
12 63
12 49
12 89
12 74
12 94
12 71
13 71
13 38
13 71
13 19
13 52
13 78
13 59
13 77
13 84
13 23
13 30
13 96
14 83
14 68
14 18
14 56
14 21
14 67
14 39
15 97
15 73
15 41
15 45
15 91
15 97
15 35
15 22
15 26
15 35
15 77
15 96
15 77
16 84
16 54
16 86
16 35
16 31
16 92
16 60
16 67
16 31
16 85
16 17
16 38
17 44
17 39
18 58
18 25
18 67
18 68
18 65
18 34
18 91
18 36
19 44
19 89
19 84
19 47
19 75
19 45
19 30
19 71
20 92
20 81
20 68
20 81
20 39
20 99
20 71
20 70
20 25
20 36
21 54
21 38
21 42
21 41
21 66
21 66
21 90
21 96
21 67
21 70
22 27
22 84
22 56
22 65
22 79
22 52
22 40
22 45
22 91
22 57
23 73
23 32
23 31
23 76
23 91
23 74
23 60
24 69
24 66
24 44
24 92
24 93
25 98
25 73
25 58
25 47
25 35
25 53
25 36
25 50
25 91
26 78
26 80
26 60
26 31
26 70
26 44
27 45
27 39
27 92
27 58
27 55
27 91
28 76
28 98
28 80
28 80
28 77
28 76
28 44
28 72
29 52
29 94
29 48
30 62
30 87
30 73
30 51
30 64
30 51
30 87
30 71
31 58
31 60
31 43
31 56
31 49
32 81
32 48
32 81
32 59
33 67
33 92
33 61
33 48
33 36
33 72
33 95
34 68
34 46
34 69
34 97
34 78
35 53
35 98
35 73
35 54
36 58
36 65
36 67
36 83
36 63
36 55
36 70
36 41
37 50
37 73
37 85
37 87
37 92
37 86
37 45
38 97
38 52
38 82
38 49
38 42
38 75
38 82
38 87
39 70
39 79
39 59
39 99
39 66
39 55
39 73
39 72
40 74
40 86
40 71
40 97
40 62
40 82
40 84
41 61
41 72
41 85
41 49
41 86
41 95
42 44
42 91
42 60
42 79
42 74
42 69
42 80
43 67
43 84
43 45
43 90
44 85
44 96
44 70
44 70
45 81
45 49
45 46
45 48
45 67
45 65
46 58
46 81
46 48
47 64
47 97
47 68
48 53
48 73
48 89
48 72
48 57
48 52
48 70
49 52
49 90
49 55
49 95
49 65
49 68
49 87
50 52
50 76
50 73
50 92
50 72
51 90
52 82
52 69
52 76
52 86
52 55
52 71
52 88
52 90
53 59
53 57
53 75
53 55
53 87
54 88
54 75
54 82
54 75
55 66
55 69
56 72
56 72
56 88
57 84
57 97
57 84
58 62
58 81
58 77
58 72
59 78
59 69
59 79
59 99
60 80
60 77
61 76
61 79
62 72
62 94
62 97
63 92
63 98
63 87
63 96
64 99
64 68
64 76
65 95
65 85
65 71
65 70
65 83
65 68
65 93
66 77
66 94
66 68
66 97
66 90
67 99
67 73
67 92
67 87
68 80
68 70
68 74
68 84
68 69
69 98
69 71
69 86
69 90
70 86
70 85
71 78
71 84
72 82
72 87
72 77
72 83
73 83
73 81
74 76
74 91
74 76
75 98
75 93
76 79
76 86
76 96
77 87
78 91
78 82
78 84
80 93
80 93
81 96
81 90
82 95
83 99
83 95
83 94
83 90
84 97
84 94
84 91
85 89
86 87
87 99
87 97
89 97
89 99
90 94
90 93
91 94
93 99
