0 15
0 2
0 62
0 78
0 80
0 26
0 76
0 7
0 55
0 94
0 29
0 96
0 15
1 35
1 90
1 42
1 30
1 98
1 83
1 95
1 3
1 49
1 66
1 81
1 89
2 68
2 80
2 50
2 18
2 3
2 49
2 28
2 18
2 35
2 78
2 85
3 18
3 28
3 46
3 64
3 26
3 90
3 91
3 61
3 72
3 86
3 80
4 64
4 92
4 46
4 21
4 37
4 38
4 36
4 82
4 43
4 84
4 69
4 27
5 51
5 10
5 38
5 59
5 39
5 66
5 17
6 11
6 19
6 34
6 62
6 22
6 97
6 94
6 16
6 76
6 14
6 62
6 66
7 75
7 31
7 42
7 77
7 40
7 83
7 41
7 74
7 16
7 61
7 27
8 16
8 23
8 57
8 76
8 24
8 94
8 75
8 89
9 81
9 79
9 78
9 65
9 16
9 53
9 50
9 11
10 73
10 82
10 43
10 14
10 90
10 81
10 42
11 71
11 46
11 80
11 94
11 49
11 84
11 47
11 69
11 78
11 32
11 17
11 87
12 39
12 31
12 18
12 43
13 33
13 60
13 45
13 16
13 97
13 43
13 27
13 69
13 85
13 17
13 55
14 85
14 77
14 24
14 67
14 76
14 29
14 25
14 80
14 68
15 58
15 65
15 29
15 97
15 90
15 59
15 51
15 23
15 68
15 70
15 16
16 81
16 85
16 80
16 31
16 22
16 49
16 80
17 99
17 50
17 27
17 91
17 67
17 54
17 52
17 31
17 95
17 88
18 42
18 94
18 29
18 92
18 38
18 68
19 83
19 39
19 27
19 78
19 33
19 98
19 82
19 95
20 95
20 51
20 43
20 50
20 75
20 56
20 38
20 25
20 21
20 48
20 44
21 52
21 57
21 61
21 52
21 77
21 97
21 34
21 56
21 96
22 34
22 77
22 45
22 81
22 89
22 86
22 48
22 27
22 39
22 25
22 89
22 72
22 56
23 83
23 63
23 42
23 59
23 86
23 90
23 61
23 38
23 24
23 48
23 57
23 58
24 64
24 41
24 87
25 44
25 48
25 71
25 31
26 62
26 53
26 77
26 39
26 57
27 32
27 73
27 31
27 95
27 56
27 32
27 95
27 85
27 74
27 36
28 42
28 86
28 80
28 79
29 68
29 74
30 95
30 34
30 69
30 87
30 87
30 42
30 41
30 90
30 95
30 91
30 85
30 56
31 33
31 65
31 91
31 80
31 36
31 74
32 71
32 84
32 72
32 88
32 47
32 55
32 85
33 61
33 80
33 36
33 48
33 75
33 65
33 81
33 95
33 84
33 57
34 92
34 69
34 77
34 85
35 66
35 46
35 58
35 46
36 42
36 74
36 52
36 65
36 96
36 37
37 65
37 51
37 84
37 88
38 86
38 98
38 50
38 48
38 56
38 54
38 75
38 71
38 84
39 42
39 94
39 61
39 71
40 65
40 92
40 67
40 50
40 45
40 57
40 54
41 63
41 67
41 93
41 97
41 73
41 51
42 57
42 62
42 46
42 99
43 88
43 48
43 45
43 90
43 65
43 62
44 73
44 86
44 65
44 78
44 96
44 89
44 70
44 47
44 84
45 84
45 54
45 95
46 85
46 64
46 97
46 80
46 96
46 80
46 73
47 77
47 67
47 97
47 58
47 79
47 87
47 95
47 94
48 61
48 81
48 63
48 98
49 90
49 60
49 60
49 94
49 66
50 98
50 60
51 74
51 60
51 98
51 97
52 59
52 55
52 62
52 81
53 65
53 87
53 97
54 67
54 78
54 64
55 81
55 60
55 84
56 62
56 70
56 67
56 81
56 62
56 57
56 96
57 97
57 82
58 92
58 71
58 88
58 89
58 80
58 79
59 73
59 91
59 81
59 70
59 65
59 80
60 66
60 61
60 85
61 69
61 87
62 74
62 90
62 70
62 68
63 97
63 85
63 76
63 84
64 84
64 74
65 89
65 73
65 82
66 87
66 68
66 76
66 83
66 99
67 69
67 90
67 81
67 99
67 99
68 99
68 92
68 96
68 69
69 95
69 77
69 74
69 86
70 81
70 86
71 79
72 86
72 82
72 79
73 96
74 79
74 88
74 77
74 79
75 82
75 95
75 81
75 78
76 81
76 79
77 95
78 96
78 81
79 96
79 83
80 83
80 90
81 95
82 88
83 91
84 92
84 90
87 89
87 99
88 97
88 92
92 99
94 95
98 99
