0 78
0 23
0 20
0 8
0 66
0 65
0 37
0 47
0 55
0 37
0 20
0 61
0 25
1 69
1 76
1 40
1 72
1 76
1 25
1 71
2 80
2 13
2 5
2 65
2 12
2 11
2 21
2 94
2 15
2 38
2 70
3 56
3 86
3 68
3 10
3 40
3 30
3 80
3 38
3 66
4 96
4 76
4 44
4 78
4 26
4 92
4 31
4 13
4 81
5 36
5 91
5 20
5 75
5 58
5 83
5 82
5 39
5 44
5 21
5 16
5 9
5 9
5 13
5 18
6 43
6 98
6 64
6 24
6 19
6 49
6 86
6 40
6 59
6 63
7 79
7 63
7 83
7 66
7 74
7 13
7 8
7 75
8 29
8 92
8 42
9 16
9 20
9 92
9 10
9 68
9 64
9 90
9 11
9 96
10 31
10 90
10 74
10 26
10 24
10 98
10 36
10 51
10 50
10 81
10 73
10 31
10 57
10 61
11 68
11 27
11 13
11 37
11 56
11 97
11 93
12 93
12 46
12 81
12 64
12 23
12 72
13 41
13 29
13 29
13 57
13 79
13 50
13 25
13 23
13 15
14 91
14 28
14 86
14 38
14 62
14 98
14 91
15 19
15 89
15 71
15 30
15 16
15 22
15 43
15 41
15 90
15 81
16 40
16 19
16 53
16 97
16 94
16 22
17 84
17 32
17 66
17 53
18 36
18 94
18 57
18 49
18 61
18 90
18 65
19 79
19 44
19 60
19 74
19 49
19 72
19 65
19 23
20 77
20 94
20 78
20 39
20 71
20 69
20 36
20 72
21 76
21 34
21 98
21 46
21 65
21 55
21 69
21 98
21 67
21 96
22 37
22 39
22 51
22 64
22 55
22 25
22 61
22 98
22 57
22 24
22 82
23 66
23 35
23 88
23 87
23 98
23 67
23 49
23 56
23 75
24 76
24 52
24 91
24 89
24 64
24 72
25 75
25 79
25 29
25 46
25 90
25 28
25 48
25 28
26 36
26 68
26 71
26 89
26 41
26 50
26 36
26 49
26 55
26 67
27 41
27 82
27 88
27 50
27 93
27 80
27 28
27 55
27 61
28 62
28 36
28 90
28 35
28 73
28 84
28 49
28 54
29 55
29 95
29 40
29 54
29 97
29 78
30 94
30 55
30 91
30 75
30 71
30 95
30 74
30 94
31 36
31 54
31 95
31 83
32 60
32 68
32 71
32 56
32 56
33 68
33 87
33 79
33 93
34 57
34 82
34 66
34 97
34 89
34 42
34 55
35 66
35 49
35 98
35 70
35 84
35 74
35 93
35 70
35 90
36 76
36 43
36 86
36 50
36 72
37 74
37 75
37 41
37 74
37 59
37 70
37 42
37 45
37 51
38 69
38 43
39 76
39 74
39 44
39 67
40 43
40 68
40 93
40 43
40 58
41 50
41 86
41 48
42 89
42 67
42 71
42 57
42 66
42 96
42 92
43 84
43 89
44 66
44 46
44 96
44 97
44 66
45 75
45 72
45 82
45 65
45 55
45 48
45 92
46 63
46 73
46 56
46 70
46 70
47 89
47 48
47 82
47 64
47 64
47 97
47 95
48 80
48 67
48 82
48 88
48 92
48 69
48 66
48 49
49 78
49 53
49 95
49 50
49 51
49 53
49 78
49 80
50 88
50 78
50 66
50 65
50 93
50 96
51 93
51 86
51 68
51 71
51 53
51 64
51 59
51 55
52 74
52 87
53 75
53 92
53 84
53 55
53 74
54 63
54 75
54 87
54 66
55 84
55 91
55 99
55 87
55 81
56 93
56 75
56 64
56 88
56 87
57 89
57 63
57 62
58 67
58 94
59 85
59 71
59 68
59 77
59 66
60 91
60 86
60 97
60 93
60 84
60 66
61 99
61 87
61 68
61 80
61 66
62 98
63 64
63 94
63 84
63 89
64 90
64 71
64 69
64 71
64 91
65 75
65 86
65 81
65 76
65 76
65 91
66 96
66 77
66 77
66 86
67 90
67 91
68 77
68 81
69 80
69 76
69 94
69 94
71 83
71 77
72 76
72 80
73 92
73 86
74 93
74 89
74 84
75 97
75 78
75 84
75 83
75 99
76 97
76 98
76 86
76 87
77 96
77 98
78 86
79 98
79 95
80 89
81 96
81 89
82 88
82 90
83 93
83 90
83 94
83 98
83 86
84 96
84 86
86 95
88 96
93 99
93 95
94 95
94 96
95 98
96 97
97 98
97 98
