0 64
0 2
0 82
0 17
0 84
0 59
1 65
1 59
1 95
1 54
1 38
1 16
1 10
1 94
2 24
2 98
2 69
2 3
2 63
2 49
2 26
2 48
2 36
2 20
2 81
2 15
2 49
2 19
3 35
3 35
3 15
3 25
3 70
3 72
3 32
3 20
3 37
3 77
3 18
3 46
3 32
4 71
4 94
4 65
4 10
4 87
4 83
4 88
4 13
4 16
4 40
4 36
5 54
5 50
5 44
5 44
5 73
5 81
5 51
5 24
5 24
5 34
6 36
6 60
6 95
6 44
6 25
6 15
6 56
6 43
7 32
7 28
7 29
7 69
7 54
7 35
7 96
7 58
7 33
7 65
7 27
7 19
8 93
8 90
8 36
8 41
8 34
8 50
8 36
9 67
9 56
9 31
9 31
10 72
10 24
10 33
10 65
10 28
10 95
10 45
10 82
10 97
10 95
10 57
10 90
10 34
10 25
11 95
11 71
11 19
11 74
11 17
11 27
11 69
11 85
11 42
11 17
12 50
12 40
12 46
12 74
12 56
12 48
12 59
12 86
12 65
12 82
12 19
12 49
13 57
13 22
13 15
13 43
13 65
13 39
13 21
14 92
14 34
14 17
14 85
14 83
14 39
14 50
14 87
15 87
15 87
15 29
16 45
16 61
16 50
16 99
16 93
16 58
16 63
16 18
16 47
16 90
16 25
16 33
17 52
17 34
17 96
17 42
17 83
17 78
17 72
17 59
17 85
17 41
17 65
17 59
17 37
18 74
18 65
18 21
18 97
18 22
19 27
19 39
19 31
19 82
20 60
20 28
20 38
20 37
20 91
21 89
21 52
21 76
21 43
22 93
22 83
22 40
23 25
23 64
23 81
23 56
23 70
23 86
24 51
24 67
24 53
24 49
24 76
24 87
24 35
24 68
24 95
24 82
25 95
25 36
25 47
25 70
25 85
25 84
25 97
26 32
26 64
26 94
26 53
26 39
26 71
26 83
26 32
27 56
27 86
28 55
28 62
28 54
28 68
29 58
29 55
29 54
29 42
29 44
29 55
29 37
29 44
29 87
29 87
29 67
29 45
30 58
30 69
30 39
30 80
31 78
31 76
31 68
31 66
31 98
31 42
31 66
32 56
32 84
32 42
32 59
32 90
32 50
33 72
33 68
33 47
33 60
33 70
33 80
33 81
34 56
34 70
34 89
34 78
34 38
34 76
34 87
34 93
35 36
35 75
35 65
35 63
35 80
35 59
35 38
36 47
36 47
36 87
36 63
36 90
36 84
36 37
36 97
36 70
37 54
37 56
37 79
38 48
38 48
38 88
38 99
39 94
39 61
39 84
39 66
39 74
39 54
39 72
39 76
39 57
39 57
39 64
40 82
40 51
40 54
40 76
40 54
40 47
40 75
41 57
41 67
42 96
42 98
42 48
42 92
42 52
42 78
43 73
43 83
44 77
44 96
44 54
44 53
44 91
45 59
45 88
45 79
45 51
45 56
45 90
45 50
46 79
46 56
46 60
46 86
46 73
46 65
46 84
46 49
46 55
46 61
46 96
47 71
47 98
47 59
47 66
47 67
47 76
47 64
47 98
48 89
48 65
48 84
49 95
49 86
49 60
49 58
49 94
49 55
49 51
49 65
50 80
50 57
50 86
50 81
50 89
50 60
51 71
51 83
51 85
52 63
52 59
52 66
52 79
52 75
52 90
52 94
53 86
53 58
53 80
53 99
53 98
53 88
53 77
53 64
54 90
54 90
54 97
54 65
55 74
55 91
55 76
55 63
55 83
55 70
55 96
55 73
55 62
55 62
55 97
56 68
56 92
57 70
57 78
57 86
58 80
58 68
59 61
59 99
59 90
59 94
59 91
60 85
60 83
60 75
60 75
60 62
61 87
61 88
61 72
61 71
61 96
61 62
61 66
62 63
62 68
62 65
63 80
63 73
63 82
63 68
63 76
64 65
64 72
64 68
64 74
65 70
65 85
66 82
66 84
66 67
66 84
67 83
67 84
67 92
67 79
67 74
68 96
68 90
69 74
69 99
69 74
70 83
70 77
70 97
71 76
71 79
71 92
71 98
71 84
71 80
72 95
72 73
72 73
74 90
74 86
74 94
74 85
74 98
75 96
76 95
77 89
77 80
77 94
78 97
79 84
80 88
81 97
82 92
82 83
82 83
82 93
83 95
84 94
84 97
85 87
88 90
89 92
89 91
91 97
91 97
92 98
94 99
97 98
