0 33
0 58
0 67
0 63
0 74
0 51
0 22
0 47
0 6
0 34
0 76
0 99
0 88
1 36
1 69
1 12
1 64
1 87
1 56
1 91
1 86
1 32
1 29
1 4
2 78
2 83
2 67
2 50
2 26
2 52
2 32
3 57
3 10
3 98
3 72
3 38
3 49
3 43
3 43
4 55
4 42
4 47
4 82
4 19
4 62
4 67
5 66
5 73
5 78
5 56
5 29
5 93
5 60
5 84
5 47
5 58
5 36
5 54
5 78
5 80
6 74
6 33
6 71
6 57
6 82
6 64
6 94
6 94
6 16
7 78
7 28
7 91
7 34
8 45
8 94
8 61
8 19
8 56
8 36
8 94
8 62
9 50
9 84
9 29
9 76
9 25
9 18
9 10
9 33
9 10
10 66
10 37
10 40
10 74
10 76
10 29
10 35
10 61
10 74
11 39
11 25
11 35
11 31
11 21
11 58
11 99
12 38
12 59
12 69
12 32
12 39
12 21
13 63
13 36
13 43
13 93
13 73
13 74
14 75
14 81
14 18
14 80
14 43
14 79
14 23
14 35
15 77
15 33
15 82
15 25
15 67
15 60
15 16
15 55
16 63
16 96
16 95
16 88
16 63
16 40
16 54
16 18
16 55
16 50
17 51
17 59
17 19
17 30
17 49
18 43
18 64
18 55
18 70
18 34
18 33
18 61
19 72
19 86
19 94
19 63
19 62
20 89
20 42
20 47
20 71
20 98
20 69
21 94
21 30
21 95
21 57
21 88
21 89
21 65
21 97
21 82
22 71
22 86
22 49
22 93
22 81
22 67
22 56
22 98
22 97
22 96
23 34
23 59
23 73
23 88
23 53
23 79
23 47
24 57
24 47
24 90
24 28
24 58
24 75
24 56
24 44
24 61
24 37
24 55
25 71
25 57
25 44
25 26
25 46
25 58
25 38
26 63
26 63
26 29
26 34
26 47
26 73
26 48
26 80
27 87
27 85
27 32
27 60
27 70
27 95
27 85
27 75
28 54
28 34
28 66
28 50
28 75
28 31
29 45
29 48
29 51
29 46
29 42
29 33
29 48
30 97
30 63
30 38
30 98
30 89
30 72
30 71
30 45
30 86
30 94
30 58
31 61
31 63
31 75
31 81
32 75
32 97
32 77
32 95
32 82
32 34
32 65
32 96
32 96
32 86
33 93
33 69
33 58
33 98
33 74
33 99
34 91
34 95
34 70
34 50
34 88
34 80
34 70
34 71
34 86
34 37
35 97
35 85
35 91
35 95
35 76
35 87
35 89
35 72
36 44
36 62
36 48
36 98
36 68
36 70
36 49
36 89
36 69
36 95
36 79
36 77
37 68
37 74
37 39
37 58
37 68
37 71
38 83
38 69
38 74
38 85
38 79
38 77
38 93
38 72
38 76
38 78
38 66
39 70
39 85
39 63
40 59
41 80
41 77
41 62
41 78
41 71
41 68
41 43
41 98
41 43
41 73
41 76
41 68
41 51
41 87
41 83
41 52
41 59
41 71
41 48
42 91
42 86
42 51
43 89
43 78
43 74
43 82
43 45
43 48
43 55
43 93
43 76
44 61
44 81
44 90
44 88
44 74
44 80
44 89
44 82
46 66
46 90
46 61
47 72
47 85
47 92
47 50
47 51
47 60
48 94
48 78
48 99
48 86
48 60
48 96
49 79
49 71
49 96
50 51
50 89
50 58
51 56
51 79
51 96
51 77
52 80
52 99
52 84
52 67
52 77
53 81
53 95
53 59
53 79
53 96
53 67
53 60
54 87
54 74
54 78
54 66
54 82
55 97
55 95
55 74
55 58
56 79
56 69
56 94
56 85
57 59
57 84
57 86
57 62
58 85
58 62
58 64
59 62
59 61
60 88
60 69
60 89
60 92
60 84
61 76
61 97
61 72
61 66
61 67
61 75
62 96
62 70
62 82
62 70
62 70
63 82
63 70
64 92
64 81
64 68
64 77
64 70
65 80
65 84
65 76
65 87
66 90
67 81
67 93
68 72
68 73
69 74
69 99
70 87
70 79
70 80
71 88
71 73
71 73
71 96
72 93
72 98
72 96
72 92
73 84
73 83
74 97
74 95
74 82
74 89
74 86
75 83
75 92
75 92
76 78
76 80
77 95
77 85
78 79
78 89
78 87
79 94
79 90
79 98
81 93
82 98
82 89
83 96
83 96
85 97
85 88
85 93
87 89
87 98
88 99
89 91
89 96
91 95
91 92
