0 97
0 96
0 15
0 51
0 50
0 38
0 46
0 40
0 53
0 26
0 79
0 81
0 4
0 31
0 50
1 20
1 62
1 44
1 61
1 63
1 41
1 52
1 41
1 69
2 47
2 42
2 88
2 89
2 52
2 82
2 3
2 20
2 43
2 55
2 73
3 29
3 31
3 45
3 10
3 73
3 63
3 94
3 78
3 68
3 64
3 83
3 52
3 61
3 56
3 80
3 77
4 31
4 97
4 82
4 74
4 81
4 6
4 54
4 47
4 58
4 56
4 41
4 30
5 80
5 88
5 36
5 10
5 40
6 91
6 64
6 64
6 97
6 92
6 23
6 73
6 11
6 27
6 14
6 65
6 86
6 22
6 33
7 95
7 48
7 99
7 59
7 38
7 41
8 10
8 40
8 86
8 42
8 35
8 22
8 81
9 75
9 98
9 20
9 53
9 18
9 53
9 98
9 59
9 49
10 44
10 27
10 60
10 21
10 46
10 89
10 51
10 91
10 66
10 79
11 68
11 68
11 13
11 12
11 84
11 83
11 43
11 94
11 68
11 55
11 76
11 76
12 84
12 88
12 87
12 17
12 65
12 20
12 41
13 22
13 46
13 62
13 53
13 17
14 32
14 22
14 31
14 51
14 98
14 73
14 85
14 93
14 54
14 80
14 83
15 98
15 25
15 69
15 97
15 93
15 97
15 98
15 39
15 36
15 34
15 38
15 46
16 49
16 48
16 70
16 39
16 87
16 23
16 30
16 97
16 48
17 32
17 28
17 42
17 43
17 42
17 48
17 60
17 59
18 36
18 52
18 21
18 61
18 99
19 89
19 77
19 35
19 53
19 87
19 56
19 65
19 25
19 51
19 49
19 34
19 24
20 84
20 93
20 26
20 41
20 57
20 69
21 82
21 43
21 63
21 57
21 58
21 69
21 86
22 57
22 84
22 36
22 39
22 64
22 24
23 70
23 86
23 27
23 26
23 86
23 58
23 92
24 98
24 79
24 51
24 32
24 42
24 53
24 89
24 85
25 45
25 69
25 82
25 72
25 56
25 92
25 69
25 36
25 53
26 47
26 35
26 89
26 75
26 58
26 97
26 37
26 89
27 37
27 42
27 40
27 59
28 43
28 66
28 63
28 84
28 48
28 89
28 94
29 86
29 63
29 72
29 81
29 51
30 61
30 77
30 74
30 53
30 98
31 72
31 56
31 64
31 37
31 74
32 51
32 76
32 90
32 89
32 94
32 86
32 72
32 77
32 64
32 99
33 89
33 80
33 79
33 59
33 72
34 75
34 61
34 53
34 51
35 92
35 82
36 51
36 56
36 46
37 77
37 93
37 98
37 64
37 89
37 62
37 95
37 42
37 70
38 99
38 65
38 80
38 85
38 72
38 61
39 67
39 65
39 41
39 94
40 86
40 52
40 63
40 45
40 51
40 91
40 60
40 61
41 57
41 82
41 60
41 62
41 61
42 80
42 89
42 58
42 61
43 96
43 83
43 50
43 78
43 76
43 63
43 44
43 85
43 81
44 93
44 48
44 68
44 90
45 62
46 81
46 55
46 76
46 84
46 70
46 75
47 72
47 73
48 82
48 92
48 99
48 78
48 78
48 70
48 64
48 79
49 56
49 69
49 61
49 89
50 76
50 75
50 57
50 53
50 88
51 58
51 55
51 80
51 57
52 97
52 99
52 92
53 70
53 62
53 57
53 68
53 61
53 63
53 92
54 69
54 96
54 61
54 63
54 83
55 62
55 63
55 81
55 64
55 71
56 90
56 96
56 68
56 85
57 60
58 90
58 67
58 67
58 61
58 80
59 76
59 76
59 67
59 99
59 62
59 82
59 68
59 80
60 97
60 93
60 87
60 78
60 71
61 87
62 67
62 92
62 69
62 94
63 69
63 96
63 64
63 74
63 89
64 83
64 67
64 79
64 70
65 75
65 89
65 72
65 71
65 88
66 86
66 81
66 85
66 98
66 72
67 88
67 79
68 97
68 81
68 95
68 75
68 95
68 86
69 91
70 89
70 75
70 81
71 94
71 88
71 94
72 82
72 84
73 76
73 91
73 74
73 82
74 82
74 96
74 89
74 81
75 89
75 86
75 81
76 78
77 98
77 86
78 95
78 85
79 86
79 97
80 82
80 90
80 82
81 82
81 87
81 97
82 84
82 90
82 93
82 97
83 99
83 88
83 94
83 90
83 99
85 91
85 94
85 93
86 97
87 99
88 90
89 98
93 97
