0 90
0 72
0 65
0 92
0 28
0 8
0 3
0 46
0 38
0 95
0 37
0 79
0 49
0 91
1 5
1 42
1 33
1 72
1 42
1 88
2 55
2 75
2 28
2 98
2 71
2 31
2 22
2 66
2 95
2 33
2 67
2 39
2 43
3 81
3 88
3 75
3 27
3 54
3 78
3 8
4 80
4 39
4 29
4 54
4 90
4 20
4 93
4 7
4 54
4 94
5 86
5 50
5 45
5 36
5 31
6 42
6 20
6 52
6 75
6 7
6 82
6 54
6 76
6 22
6 25
6 30
6 39
7 83
7 93
7 26
7 17
7 20
8 48
8 60
8 56
8 57
8 42
8 89
8 52
8 14
8 91
8 57
9 54
9 65
9 30
9 98
9 99
10 89
10 72
10 12
10 36
10 48
10 48
10 78
10 22
10 55
11 43
11 84
12 34
12 58
12 99
12 65
12 95
12 95
12 48
12 71
12 33
12 17
12 72
13 97
13 51
13 97
13 32
13 81
13 78
13 72
13 38
13 33
13 84
14 59
14 81
14 25
14 63
14 39
15 62
15 64
15 52
15 77
15 34
15 37
15 77
15 41
15 58
15 23
15 23
16 70
16 42
16 23
16 24
16 87
16 87
16 90
16 35
17 98
17 27
17 51
17 43
17 23
17 63
17 62
17 44
17 42
17 68
17 84
17 97
18 86
18 31
18 40
18 46
18 77
18 55
18 30
18 21
18 51
18 95
19 37
19 89
19 33
19 91
19 85
19 31
19 37
19 62
19 53
20 48
20 70
20 24
20 94
20 97
20 54
20 80
20 27
21 33
21 82
21 99
21 71
22 71
22 77
22 32
22 67
22 56
22 56
22 40
22 44
23 96
23 89
23 68
23 30
23 28
23 27
23 50
23 69
24 36
24 72
24 74
24 99
24 66
25 34
25 77
25 47
26 57
26 61
26 80
26 84
27 78
27 88
27 45
27 68
27 86
27 58
27 71
27 92
27 74
27 59
27 65
27 74
27 53
27 50
27 40
27 57
28 63
28 73
28 71
28 95
28 79
28 51
28 80
28 85
28 57
28 50
28 71
29 36
29 32
29 45
29 91
29 50
29 53
30 58
30 62
30 85
30 76
30 31
30 96
30 60
31 36
31 53
31 96
31 37
32 60
32 78
32 79
32 83
32 33
32 62
32 35
32 35
32 49
32 90
33 64
33 68
33 41
33 44
33 84
34 49
34 73
35 80
35 38
35 55
35 69
35 86
35 93
36 71
36 76
36 95
36 42
36 91
36 68
37 43
37 55
37 78
37 76
37 93
37 85
38 69
38 61
38 92
38 83
38 50
38 64
38 61
39 84
39 77
39 80
39 91
39 97
39 97
39 82
39 79
40 70
40 79
40 89
40 52
40 67
40 50
41 68
41 60
41 46
41 50
41 58
41 99
42 85
42 90
42 57
42 94
42 90
42 78
42 74
42 94
42 51
42 58
42 91
42 82
42 83
42 68
43 96
43 74
43 99
43 53
43 67
43 61
44 69
44 59
44 97
44 92
44 91
44 67
44 94
45 79
45 63
45 82
45 84
45 49
46 96
46 77
46 89
46 77
46 55
46 60
46 96
46 51
46 92
46 58
47 75
47 52
47 81
47 56
47 78
47 73
47 49
47 54
48 67
48 95
49 57
49 61
49 58
50 66
50 81
50 61
50 91
50 85
50 77
50 75
51 91
51 57
51 61
51 72
51 91
51 99
51 78
51 93
51 61
52 82
52 55
52 93
52 75
52 92
53 60
53 68
53 66
53 93
53 64
53 59
53 77
53 88
54 73
54 69
54 92
54 79
55 98
55 83
55 65
56 61
56 72
56 86
56 89
56 59
56 75
56 89
56 71
57 67
57 70
57 66
57 79
57 76
58 76
58 93
58 79
59 90
59 85
59 99
59 69
60 67
60 68
60 96
60 61
60 80
60 93
61 85
61 65
61 94
61 73
62 83
62 89
62 64
63 73
63 70
63 89
64 79
64 88
64 86
64 97
64 67
65 84
65 73
66 72
66 71
67 71
67 88
68 71
68 69
68 89
68 96
68 99
69 96
69 81
70 92
70 84
71 84
71 85
71 74
71 94
72 83
72 84
72 96
72 88
74 89
76 78
76 91
77 98
77 89
78 89
78 90
79 93
79 98
79 86
83 87
83 88
84 96
85 87
85 87
85 97
87 93
88 98
88 97
89 93
90 97
92 97
93 98
97 99
97 99
