0 73
0 2
0 96
0 11
0 31
0 26
0 96
0 68
0 77
0 62
0 63
0 93
0 76
0 89
1 20
1 98
1 23
1 15
1 99
1 25
1 43
2 4
2 22
2 82
2 29
2 59
2 72
2 40
2 17
2 96
2 49
2 24
2 64
2 65
2 5
2 83
2 19
3 28
3 20
3 81
3 90
3 85
3 23
3 86
3 40
3 69
3 8
3 16
3 99
4 38
4 92
4 19
4 64
4 37
4 77
4 67
4 98
4 61
4 85
4 27
4 11
5 61
5 81
5 44
5 35
5 72
5 81
6 93
6 51
6 16
6 81
6 98
6 93
6 37
6 90
7 37
7 55
7 79
7 13
7 92
7 10
8 59
8 13
8 75
8 77
8 24
8 85
8 90
9 59
9 67
9 96
9 29
9 33
9 94
9 97
9 19
9 25
9 55
10 43
10 35
10 75
10 19
10 17
10 43
10 61
10 39
10 62
10 89
10 68
10 76
10 65
10 21
11 43
11 20
11 88
11 50
11 36
11 54
11 25
11 28
11 96
11 98
11 69
11 69
12 26
12 97
12 66
12 83
12 73
12 80
12 79
12 48
13 19
13 95
13 75
13 26
13 45
13 58
13 39
13 77
13 70
14 82
14 83
14 18
14 97
14 63
14 20
14 65
14 61
15 98
15 76
15 62
15 25
15 40
15 37
15 88
15 35
16 77
16 24
16 49
16 27
16 39
16 83
17 28
17 96
17 52
17 48
17 37
17 49
17 88
17 56
17 95
18 45
18 43
18 53
18 39
18 38
18 99
18 84
18 67
18 64
19 78
19 97
19 54
19 34
19 46
19 32
20 43
20 41
20 80
20 39
20 31
20 86
20 23
20 57
20 36
21 32
21 29
21 78
21 81
21 57
21 79
21 70
21 29
21 87
21 84
22 73
23 45
23 47
23 51
23 53
23 73
23 61
23 59
23 35
24 78
24 73
24 82
24 96
24 74
24 68
24 54
25 53
25 83
25 26
25 99
25 27
25 63
25 57
25 91
26 49
26 71
26 98
26 96
26 70
26 31
26 68
26 39
27 80
27 46
27 50
27 28
27 69
27 76
27 44
27 63
28 92
28 36
28 91
28 48
28 66
29 31
29 30
29 83
29 58
29 55
29 98
29 82
29 89
30 99
30 40
30 90
30 78
30 32
30 63
30 79
30 79
30 72
31 45
31 50
31 70
31 90
31 60
31 93
31 35
31 36
31 36
31 66
31 47
32 70
32 41
32 94
32 63
32 95
32 55
32 38
33 95
33 57
33 63
33 72
33 34
33 62
33 44
33 82
34 85
34 85
34 67
34 99
34 94
34 51
34 39
34 58
35 89
35 69
35 82
36 89
36 47
36 57
36 51
36 82
36 65
37 99
37 95
37 98
37 75
37 83
37 86
37 89
38 95
38 39
38 59
38 47
38 78
38 54
39 55
39 58
39 91
39 73
39 59
39 95
39 44
40 87
40 77
40 58
40 45
41 68
41 45
41 91
41 67
41 92
41 69
42 75
42 95
42 58
42 48
42 84
42 72
43 90
43 69
44 92
44 61
44 70
45 69
45 79
45 74
45 97
45 46
45 80
45 77
46 56
46 53
46 82
46 63
46 79
46 86
46 81
46 51
47 65
47 51
47 48
47 91
47 75
48 99
48 73
48 91
49 58
50 87
50 86
50 98
50 65
50 79
50 88
50 92
50 66
50 69
50 72
51 86
51 74
52 53
52 75
52 92
52 58
52 59
52 54
53 56
53 68
53 91
54 62
54 57
54 68
54 93
55 73
55 69
55 78
55 61
55 86
55 92
56 80
56 84
56 63
56 80
56 63
56 71
57 70
57 82
57 85
57 75
57 98
57 99
57 72
58 63
58 67
59 73
59 88
59 80
60 92
60 78
60 73
61 62
61 88
61 93
61 83
62 93
62 68
62 88
62 97
62 94
62 67
62 74
62 72
63 83
63 98
63 97
64 80
64 68
64 84
64 77
64 94
65 67
65 80
65 87
65 75
65 73
65 88
66 87
66 90
66 79
66 88
67 75
68 78
68 97
68 90
69 86
69 90
69 78
69 96
70 85
71 83
71 82
72 98
72 93
72 84
74 93
74 75
74 81
74 79
74 88
75 99
75 83
75 96
76 98
76 90
77 92
77 85
78 96
78 79
79 98
79 94
80 92
80 93
81 96
81 94
81 85
82 94
88 96
88 97
89 95
90 98
92 99
95 96
