0 70
0 42
0 27
0 89
0 66
0 83
0 7
0 81
0 10
0 28
0 40
0 94
0 35
0 5
0 94
0 17
1 13
1 76
1 43
1 50
1 41
1 48
1 8
1 99
1 34
2 68
2 42
2 85
2 87
2 95
3 78
3 95
3 91
3 32
3 65
3 95
3 59
3 78
3 41
3 4
3 31
3 89
3 55
3 7
4 40
4 20
4 68
4 27
4 58
4 34
4 63
4 11
4 52
4 38
4 18
5 89
5 10
5 39
5 56
5 93
5 59
5 95
5 8
5 12
5 68
5 30
6 77
6 16
6 94
6 64
6 57
6 76
6 15
6 36
6 75
6 30
6 83
7 99
7 99
7 66
7 71
7 39
7 13
7 44
7 68
7 20
7 39
7 42
7 84
8 40
8 29
8 15
8 50
8 69
8 68
8 21
8 25
8 31
8 26
8 10
8 89
8 61
8 88
9 44
9 37
9 18
9 34
9 13
9 48
9 25
9 65
9 13
10 16
10 16
10 58
10 12
10 60
10 91
10 50
10 21
10 29
10 49
11 68
11 59
11 83
11 74
11 51
11 85
12 26
12 81
12 97
12 93
12 15
12 59
12 86
12 98
12 58
13 41
13 89
13 62
13 94
13 28
13 97
13 44
13 35
13 55
13 72
13 53
14 75
14 73
14 73
14 53
14 70
14 19
15 90
15 33
15 86
15 67
15 23
15 38
15 99
15 97
15 52
15 58
15 88
15 55
15 34
16 32
16 49
16 50
16 97
16 28
16 17
16 58
16 98
16 72
17 19
17 42
17 54
17 38
17 81
17 73
17 34
17 60
18 86
18 48
18 25
18 92
18 50
18 57
18 21
18 93
18 21
18 36
18 48
19 29
19 72
19 66
19 93
19 20
19 24
19 34
19 44
19 49
19 38
19 71
20 64
20 46
20 80
20 85
20 78
20 93
20 94
20 66
21 80
21 58
21 80
21 47
21 78
21 53
21 39
21 63
21 77
22 38
22 99
22 45
22 41
22 46
22 70
23 86
23 97
23 36
23 96
23 83
23 70
23 31
23 60
23 64
23 71
23 80
23 59
24 44
24 91
24 85
24 41
24 27
25 86
25 63
25 32
25 65
25 36
25 78
25 36
25 31
25 71
25 28
25 71
26 37
26 53
27 65
27 29
28 37
28 40
28 47
28 88
28 64
28 75
28 33
28 60
28 85
28 48
28 83
29 56
29 66
29 88
29 43
29 64
29 97
29 98
30 95
30 34
30 70
30 56
30 51
30 85
30 53
30 53
30 98
30 39
30 80
30 68
31 98
31 69
31 78
31 51
31 36
31 55
32 36
32 80
32 49
32 45
32 51
32 52
32 96
32 64
32 86
33 83
33 52
33 79
33 68
33 64
33 55
33 89
33 60
33 54
33 58
34 84
34 52
34 76
34 63
34 78
35 57
35 65
35 94
36 65
36 83
36 96
36 80
36 70
36 70
37 41
37 70
38 44
38 98
38 77
38 67
38 74
38 92
38 98
39 96
40 44
40 93
40 76
40 56
41 69
41 50
41 57
41 75
42 76
42 91
42 98
42 74
42 98
42 95
42 43
42 80
42 96
43 51
43 54
43 82
44 90
44 67
44 72
44 72
44 79
44 50
44 87
45 91
45 63
45 59
45 51
45 48
45 78
45 49
45 78
46 79
46 84
46 63
46 71
47 86
47 79
48 50
48 83
48 88
48 49
49 89
49 95
49 76
49 65
49 69
50 84
50 54
50 57
50 66
50 94
50 89
50 78
50 90
51 81
51 55
51 63
51 53
51 95
51 70
51 54
51 63
51 65
51 72
51 90
52 76
52 79
52 57
52 94
52 54
52 69
52 77
53 68
54 71
54 74
54 67
54 63
55 95
55 80
55 86
56 63
56 64
56 90
56 91
56 95
57 76
58 86
58 85
58 86
58 84
58 80
59 87
59 90
60 97
60 92
60 85
61 95
61 79
64 89
64 86
64 93
64 93
64 99
64 83
64 66
64 65
65 81
65 80
65 94
66 68
66 78
67 68
67 86
67 84
67 88
68 84
68 97
69 99
70 88
70 85
71 95
72 98
73 92
73 77
73 87
73 76
74 81
74 96
74 99
75 94
75 84
76 81
76 80
78 96
79 93
79 88
79 90
80 88
80 87
80 83
82 97
83 97
83 87
84 89
84 96
84 92
85 91
86 97
86 93
86 90
87 92
88 99
94 96
94 95
97 99
97 99
