0 66
0 73
0 52
0 37
0 53
0 35
0 17
0 51
0 37
0 44
0 14
1 26
1 95
1 61
1 18
1 74
1 92
1 35
1 58
1 44
1 35
1 72
2 31
2 40
2 34
2 47
2 48
2 85
2 6
2 37
3 27
3 51
3 56
3 47
3 30
3 20
3 97
3 93
3 33
3 27
3 74
4 65
4 55
4 11
4 92
4 5
4 23
4 99
4 42
4 14
4 89
4 17
4 17
5 31
5 90
5 42
5 76
5 24
5 93
5 43
5 81
5 68
5 28
6 72
6 28
6 14
6 81
6 97
6 60
7 72
7 68
7 97
7 17
7 48
8 26
8 20
8 79
8 75
8 26
8 66
8 23
8 98
8 13
8 9
8 64
9 45
9 89
9 56
9 70
9 72
9 45
9 96
9 77
9 62
9 89
9 46
10 47
10 33
10 37
10 62
10 95
10 66
10 30
10 83
11 98
11 45
11 34
11 38
11 56
11 33
11 63
11 89
12 63
12 13
12 24
12 16
12 61
12 99
12 68
12 27
12 47
12 22
13 82
13 42
13 65
13 64
14 37
14 66
14 20
14 60
14 50
14 40
14 62
15 66
15 94
15 70
15 57
15 72
15 81
15 76
15 75
15 88
15 46
15 22
15 30
16 19
16 96
16 41
16 62
16 91
16 77
16 88
16 65
16 34
16 81
17 82
17 41
17 67
17 74
17 31
17 56
17 47
17 74
17 43
17 67
17 25
17 88
17 44
18 66
18 71
18 47
18 59
18 30
19 39
19 87
19 60
19 93
20 31
20 32
20 31
20 39
20 74
20 57
20 71
20 45
21 41
21 75
21 52
21 73
21 51
22 52
22 82
22 74
22 77
22 98
23 69
23 25
23 35
23 74
23 93
23 97
23 35
23 57
24 55
24 48
24 69
24 82
24 57
24 37
25 33
25 86
25 97
25 49
25 95
25 45
25 41
26 55
26 79
26 36
26 41
26 74
26 58
26 68
26 45
26 41
27 73
27 52
27 86
27 84
27 84
27 86
27 79
27 45
28 59
28 92
28 71
28 81
28 48
28 56
28 44
28 94
28 73
28 62
28 61
28 84
28 90
29 32
29 84
29 35
29 44
29 99
29 32
30 92
30 60
30 51
30 41
30 62
30 70
30 47
30 77
30 56
30 92
31 42
31 75
31 99
31 46
31 89
31 89
31 81
32 77
32 91
32 48
32 43
32 35
32 66
32 45
32 81
32 40
33 42
33 39
33 43
33 59
33 38
33 83
33 74
33 92
34 58
34 46
34 87
34 49
34 98
34 62
34 54
34 94
34 35
35 60
35 93
35 68
35 94
36 77
36 93
37 48
37 95
37 89
37 68
38 48
38 89
38 91
39 79
39 98
39 81
39 85
39 57
40 59
40 67
40 48
40 44
40 83
41 71
41 71
41 84
41 61
41 46
41 76
41 62
41 89
41 68
41 86
42 66
42 53
42 67
42 53
42 53
42 84
43 61
43 56
43 72
43 68
43 81
44 94
44 47
44 76
44 62
44 81
44 91
44 52
44 63
45 46
45 99
45 71
45 70
45 60
45 60
46 79
46 79
46 47
46 52
46 57
47 55
47 54
47 49
47 60
47 95
47 55
47 58
48 94
48 60
48 71
48 94
48 94
48 54
49 99
49 91
50 97
50 74
50 79
50 76
50 84
50 88
50 78
51 67
51 89
51 52
51 65
51 85
52 57
52 82
52 83
53 90
53 59
53 81
54 88
54 79
54 57
54 61
54 99
54 85
55 78
55 81
56 78
56 91
56 71
56 92
56 76
56 85
57 64
57 78
57 61
58 85
58 80
58 78
59 98
59 74
59 86
60 72
60 89
60 72
60 74
60 74
60 81
61 77
61 69
61 74
61 91
61 77
62 97
62 91
62 94
63 88
64 73
64 80
64 67
64 75
64 71
64 70
64 90
64 87
64 83
65 67
65 83
65 82
65 90
65 82
66 97
66 88
66 72
66 98
66 81
66 81
66 73
69 72
69 90
70 93
70 80
70 95
71 77
71 97
72 93
72 91
73 97
73 86
73 74
73 76
73 92
74 78
74 82
75 87
75 78
75 80
77 81
77 82
78 91
78 90
79 84
79 98
79 80
79 91
79 85
80 85
80 86
81 86
81 91
81 96
81 97
82 83
82 86
82 87
84 98
84 95
85 99
88 93
88 93
88 91
88 92
88 96
89 90
91 99
93 94
94 98
94 98
