0 45
0 34
0 14
1 66
1 18
1 63
1 14
1 95
1 88
1 60
1 30
1 94
2 89
2 81
2 94
2 94
2 94
2 43
2 49
3 69
3 36
3 84
3 25
3 79
4 49
4 64
4 81
4 16
4 24
4 44
4 22
4 29
4 47
4 9
4 66
4 73
4 25
5 82
5 17
5 24
5 96
5 13
5 96
5 81
6 20
6 70
6 11
6 77
6 94
6 40
6 52
6 82
6 41
6 76
6 70
6 89
6 89
6 93
7 60
7 31
7 20
7 66
7 57
7 23
7 76
7 27
7 36
7 86
8 85
8 93
8 60
8 49
8 63
8 96
8 40
8 59
8 84
8 45
8 17
8 10
8 35
8 27
8 84
9 43
9 52
9 32
9 34
9 18
9 61
9 56
9 61
9 61
10 21
10 75
10 74
10 87
10 98
10 30
10 62
10 29
10 62
10 12
10 89
10 56
10 25
10 51
11 73
11 41
11 21
11 12
11 17
11 46
11 39
12 59
12 53
12 97
12 41
12 18
12 39
12 83
12 97
13 40
13 31
13 96
13 35
13 77
13 49
14 79
14 95
14 71
14 19
14 75
14 42
14 80
14 43
14 38
15 51
15 58
15 42
15 41
15 75
15 36
15 72
15 40
15 53
16 33
16 65
16 58
16 33
16 51
16 81
16 29
16 56
16 18
16 21
16 50
16 72
17 33
17 23
17 55
17 41
17 35
17 49
17 85
18 79
18 75
18 28
18 83
18 82
19 34
19 70
19 82
19 37
19 63
19 33
19 69
19 72
19 28
19 49
19 31
19 59
20 37
20 76
20 29
20 71
20 31
20 21
20 57
20 43
20 65
20 24
20 89
20 57
21 69
21 72
21 43
21 33
21 88
21 34
21 50
21 65
22 28
22 66
22 48
22 74
22 81
22 73
23 32
23 87
23 66
23 84
23 86
23 90
23 80
23 86
24 49
24 99
24 80
24 27
24 44
25 83
25 54
25 64
25 30
25 34
25 41
26 68
26 36
26 70
26 38
26 53
26 63
26 90
26 53
27 45
27 76
27 47
27 81
27 74
27 69
27 88
27 48
28 41
28 72
28 74
28 39
28 93
28 83
29 70
29 49
29 71
29 53
29 48
29 93
29 34
29 69
29 37
29 31
29 33
30 41
30 71
31 34
31 98
31 66
31 65
31 54
31 44
31 68
31 51
31 92
31 77
31 43
31 34
32 97
32 45
32 87
32 51
32 53
32 82
32 40
32 95
32 68
33 86
33 61
33 87
33 79
33 88
33 65
33 72
33 43
33 70
33 36
33 35
33 38
33 40
34 69
35 71
35 92
35 98
35 66
36 93
36 98
36 73
37 81
37 81
37 73
37 58
37 70
37 62
37 57
37 51
37 82
37 68
37 54
37 93
38 68
38 42
38 91
38 62
39 90
39 83
39 81
39 46
39 58
39 86
39 75
39 89
39 90
39 49
39 64
39 46
39 61
39 54
39 46
40 86
40 43
40 51
41 70
41 56
41 94
41 42
41 49
42 96
42 51
42 86
42 48
42 92
42 91
42 92
42 81
43 90
43 61
43 97
43 92
43 60
43 52
44 59
44 52
44 59
44 91
44 84
45 68
45 92
45 91
45 97
46 85
46 50
46 95
47 62
47 59
47 94
47 70
47 60
47 59
47 79
48 67
48 89
48 52
48 52
49 54
49 51
49 55
50 59
50 61
50 86
50 98
51 97
51 75
51 93
51 82
51 75
51 83
52 84
52 66
52 88
52 57
52 91
54 84
54 76
54 86
55 75
55 98
56 63
56 66
56 98
56 89
57 95
57 87
57 62
57 95
57 99
58 68
58 77
59 79
59 76
60 77
60 63
60 87
61 78
61 72
61 62
62 88
62 80
62 91
62 87
63 96
63 71
63 99
63 87
63 98
63 81
63 88
64 97
64 80
64 92
64 68
64 80
65 95
65 88
65 71
65 95
65 91
65 67
66 73
66 69
66 76
66 87
67 93
67 75
69 89
69 98
69 97
69 74
70 84
70 71
71 84
71 95
71 98
71 79
71 90
72 77
73 90
73 76
74 78
75 82
75 96
75 81
75 85
75 78
75 96
75 77
76 81
77 82
78 95
79 91
79 82
79 88
80 85
80 96
80 98
80 95
80 83
82 92
82 95
82 97
84 91
84 87
84 94
84 88
85 96
85 98
86 98
86 87
87 93
87 99
88 92
88 89
91 93
92 95
95 99
