0 92
0 38
0 45
0 87
0 76
0 30
0 7
1 63
1 56
1 44
1 70
1 77
1 64
1 21
1 44
1 96
1 65
1 21
1 25
1 83
1 10
2 60
2 75
2 62
2 47
2 14
3 39
3 46
3 54
3 65
3 93
3 11
3 38
3 7
3 27
3 52
4 31
4 41
4 78
4 51
4 76
4 18
4 42
4 42
4 5
4 98
5 75
5 39
5 78
5 65
5 51
5 63
6 48
6 54
6 26
6 56
6 56
6 57
6 20
6 22
6 77
6 79
6 28
7 9
7 9
7 52
7 41
7 51
7 15
7 22
7 49
7 33
7 92
7 34
8 99
8 34
8 92
8 64
8 13
8 78
8 15
8 32
9 81
9 37
9 56
9 50
9 24
9 82
10 36
10 73
10 11
10 56
10 67
10 28
10 97
10 45
10 92
11 15
11 35
11 55
11 29
11 34
11 92
11 42
11 30
11 60
11 62
12 82
12 14
12 61
12 33
12 61
12 50
12 90
12 77
12 76
12 76
13 29
13 68
13 40
13 80
13 34
13 18
13 90
13 80
13 92
13 18
13 74
14 64
14 85
14 67
14 68
14 86
14 44
14 60
14 21
15 86
15 44
15 66
15 95
15 21
15 46
15 33
15 24
15 64
15 81
15 24
15 76
15 46
15 22
15 85
16 32
16 39
16 32
16 70
16 53
16 52
16 91
16 41
17 84
17 97
17 69
17 48
17 96
17 82
17 49
17 46
17 34
17 29
17 88
18 62
18 53
18 71
19 33
19 69
19 25
19 77
19 30
19 66
20 96
20 90
20 50
20 83
20 49
20 64
21 31
21 70
21 40
21 37
21 52
21 35
21 50
21 99
21 48
22 36
22 84
22 28
22 87
22 65
23 30
23 43
23 47
23 92
23 49
23 86
23 85
24 38
24 75
24 84
24 75
24 80
24 80
24 94
25 99
25 28
25 39
25 53
25 81
25 79
25 99
25 48
25 52
26 76
26 55
26 60
26 38
26 43
26 59
26 93
26 76
26 44
26 57
26 37
27 43
27 36
27 44
27 46
27 35
27 75
27 75
27 55
27 52
27 93
28 52
28 96
28 32
28 30
28 40
28 46
28 99
28 57
29 34
29 61
29 89
29 31
29 68
29 52
29 32
29 43
29 45
30 58
30 53
30 64
30 38
31 69
31 67
31 66
31 77
31 52
32 36
32 85
32 85
32 87
32 61
32 79
33 86
33 59
33 86
33 87
33 38
33 48
34 51
34 85
34 74
34 65
35 84
35 47
35 75
35 44
35 52
35 87
35 63
35 49
35 71
36 46
36 92
36 92
37 55
37 75
38 81
38 95
39 86
39 51
40 41
40 77
40 73
40 79
40 80
41 66
41 59
41 98
41 42
41 80
41 67
42 81
42 96
42 47
42 56
42 70
43 58
43 74
43 87
43 56
43 44
43 86
44 96
44 72
44 84
44 81
45 54
45 62
45 59
45 81
45 64
45 61
45 97
46 83
46 50
46 97
46 61
46 78
46 83
47 54
47 90
47 95
47 88
47 87
47 50
48 70
48 93
48 56
48 81
48 99
48 76
48 54
48 78
49 67
49 79
49 98
49 68
49 53
49 97
49 58
49 99
50 70
50 65
50 78
51 83
51 96
51 69
51 71
51 97
51 65
51 90
51 58
52 74
52 79
52 68
52 75
53 77
53 85
53 90
53 81
53 59
53 83
53 64
54 92
54 84
54 74
54 74
55 82
55 98
55 95
55 82
55 84
55 73
56 67
56 83
56 76
56 83
56 84
57 76
57 59
57 78
57 72
57 88
57 59
58 72
58 76
58 97
58 65
58 72
59 91
59 66
59 66
60 70
60 77
60 68
61 89
61 79
61 76
61 98
61 68
62 99
62 77
62 89
62 98
62 73
62 89
62 64
63 77
63 72
63 77
63 74
64 96
64 85
64 90
65 92
65 88
65 85
65 95
65 73
66 81
66 91
66 95
66 85
67 76
67 93
67 94
67 98
67 75
67 80
67 83
68 90
68 72
68 70
69 81
69 88
69 98
69 87
69 92
70 98
71 92
72 89
72 98
73 88
73 91
73 75
73 98
73 88
73 83
74 92
75 85
75 97
76 91
76 85
77 98
78 92
78 92
78 86
78 84
78 88
79 99
81 97
81 84
81 90
82 94
82 92
83 93
83 88
84 96
84 97
85 95
85 97
85 87
86 88
87 94
88 99
91 94
98 99
