0 92
0 74
0 86
0 65
0 98
0 84
0 31
0 72
0 89
0 64
0 66
1 7
1 51
1 8
1 99
1 52
1 97
1 41
1 12
2 34
2 27
2 53
2 14
2 40
2 89
2 81
2 85
2 65
3 17
3 88
3 66
3 48
3 10
3 21
3 97
3 70
4 32
4 66
4 82
4 48
5 31
5 24
5 98
5 94
5 55
5 50
5 51
5 61
5 19
5 31
6 49
6 68
6 9
6 59
6 41
6 64
6 71
6 26
6 65
7 15
7 33
7 76
7 49
7 10
7 53
7 64
7 15
7 47
7 98
7 76
7 45
7 45
7 47
7 29
8 57
8 51
8 22
8 42
8 32
8 62
8 37
8 24
8 78
8 51
8 35
9 99
9 25
9 68
9 93
9 32
9 49
9 56
9 72
9 46
9 79
10 88
10 76
10 46
10 68
10 29
10 31
10 97
10 54
10 32
10 69
10 64
10 24
10 43
11 55
11 14
11 61
11 43
11 25
11 98
11 39
12 36
12 71
12 13
12 63
12 25
12 43
12 46
12 44
12 16
13 74
13 65
13 86
13 56
13 64
13 61
13 25
13 16
13 77
13 20
13 89
13 22
13 75
14 23
14 71
14 91
14 21
15 87
15 61
15 74
15 80
15 69
15 74
15 66
15 28
15 56
15 70
16 38
16 21
16 17
16 64
16 31
16 80
16 63
16 68
17 95
17 96
17 83
17 97
17 98
17 21
18 19
18 84
18 22
18 35
18 60
18 19
18 34
18 63
18 80
18 58
18 20
18 33
18 51
18 89
19 39
19 77
19 57
19 34
19 34
20 66
20 43
20 36
20 72
20 87
20 47
20 52
20 37
20 65
20 77
21 62
21 30
21 42
21 87
21 92
22 83
22 31
22 36
22 87
22 69
23 78
23 91
23 27
23 93
23 50
23 95
23 73
23 95
23 95
24 94
24 80
24 81
24 39
24 68
24 42
25 97
25 62
25 95
25 87
25 97
25 94
25 71
25 59
25 54
25 46
26 84
26 47
26 76
26 74
26 99
26 36
27 94
27 73
27 42
27 76
27 89
27 75
27 66
27 76
27 35
28 81
28 45
28 53
28 76
28 97
28 34
29 53
29 53
29 76
29 75
30 81
30 42
30 39
30 63
30 73
30 84
30 59
30 96
30 76
30 93
30 83
30 63
31 35
31 93
31 84
31 38
31 53
31 79
31 76
32 43
32 42
32 68
32 76
32 42
33 88
33 57
33 50
33 56
33 78
33 44
33 95
33 48
34 89
34 37
34 63
34 85
34 59
34 70
34 82
34 57
34 41
34 36
35 77
35 60
35 48
35 71
35 61
35 77
35 48
35 38
36 73
36 77
36 96
36 43
36 54
36 98
37 49
37 39
37 43
37 60
38 46
38 72
38 94
38 99
38 86
39 59
39 70
39 97
39 86
39 74
39 65
39 63
40 43
40 61
40 47
40 84
40 93
40 92
40 94
40 41
40 66
41 42
41 77
41 89
41 90
41 95
41 61
41 92
41 98
42 64
42 83
42 84
42 72
42 66
43 63
43 68
43 56
43 44
43 93
44 86
44 97
44 64
44 54
44 78
45 83
45 90
45 47
45 90
46 75
46 91
46 58
46 75
46 47
46 88
46 51
46 57
47 93
47 67
47 55
47 52
47 51
48 62
48 73
48 99
48 96
49 55
49 90
50 76
50 79
50 74
51 62
51 72
52 73
53 86
53 67
53 72
53 78
54 93
54 58
54 82
54 71
54 61
54 90
55 68
55 75
56 67
56 97
56 65
57 95
57 77
58 84
58 97
58 74
58 87
58 99
59 89
59 74
59 71
59 80
59 74
59 69
60 81
60 96
60 85
60 78
61 67
61 73
61 90
61 86
62 91
62 72
62 69
62 67
62 80
62 85
62 81
63 92
63 66
63 71
63 91
64 77
64 78
64 99
64 77
64 84
64 85
65 97
65 89
65 99
65 84
66 81
66 97
66 93
66 83
66 82
66 70
67 99
67 75
67 79
67 74
67 99
68 96
69 81
69 79
70 76
70 72
71 77
71 96
71 81
71 75
71 98
71 72
71 76
73 95
73 87
74 96
74 77
74 88
75 97
76 83
76 87
76 89
76 87
76 91
77 92
78 81
79 92
79 91
79 96
79 83
80 97
81 88
81 82
82 86
83 92
83 92
83 84
83 85
87 98
88 92
88 91
89 90
90 91
92 95
93 95
97 98
