0 29
0 97
0 42
0 56
0 10
0 90
1 68
1 93
1 37
1 67
1 68
1 28
1 2
1 53
2 98
2 3
2 50
2 58
2 99
2 91
2 26
2 39
2 89
2 71
2 3
3 52
3 6
3 25
3 38
3 62
3 57
3 54
3 31
3 52
3 49
3 35
3 92
3 11
3 18
3 67
3 89
3 72
4 25
4 52
4 36
4 13
4 74
4 11
4 56
4 16
5 55
5 47
5 48
5 48
5 33
5 91
5 59
5 47
6 53
6 50
6 17
6 41
6 86
6 85
6 74
6 23
7 81
7 65
7 65
7 64
7 94
7 56
7 84
7 86
7 35
7 56
7 62
7 62
7 44
7 64
7 26
7 27
8 52
8 72
8 25
8 87
8 45
8 50
8 84
8 46
8 38
8 83
8 98
8 54
9 57
9 23
9 37
9 42
9 39
9 43
9 63
10 64
10 55
10 41
10 67
10 76
10 18
10 20
11 17
11 19
11 97
11 50
11 64
11 24
11 24
11 69
11 98
11 40
12 77
12 69
12 49
12 82
12 87
12 56
12 32
12 52
12 37
13 25
13 45
13 63
13 50
13 91
13 33
13 70
13 36
13 52
13 68
13 39
13 72
13 28
13 28
14 29
14 17
14 95
14 53
14 92
14 47
14 15
14 38
14 79
14 83
15 45
15 94
15 67
15 78
15 20
15 82
15 83
15 34
15 81
15 94
15 97
15 97
16 48
16 64
16 67
16 94
16 61
16 62
17 83
17 54
17 45
17 88
17 94
17 30
17 41
17 92
18 74
18 32
18 88
18 44
18 57
18 79
18 99
18 46
19 70
19 47
19 63
19 53
19 56
19 64
19 79
20 54
20 70
20 47
21 92
21 35
21 98
21 78
21 98
21 98
22 52
22 62
22 78
23 89
23 29
23 26
23 50
23 52
23 70
23 77
23 85
24 41
24 48
24 51
24 81
24 45
24 90
25 70
25 55
26 29
26 69
26 52
26 80
26 77
26 49
26 84
26 96
26 35
27 30
27 67
27 39
28 71
28 58
28 47
28 98
28 85
28 53
28 40
28 52
28 52
29 35
29 78
29 70
29 45
29 31
30 57
30 88
30 77
30 52
30 77
30 71
30 90
30 82
30 37
31 34
31 84
31 81
31 60
31 70
31 42
31 39
31 48
31 84
32 35
32 85
32 93
32 47
32 58
33 61
33 86
33 97
33 74
33 57
33 75
34 40
34 56
34 63
35 54
35 50
35 99
35 41
35 73
36 41
36 43
36 72
36 41
36 59
36 95
36 73
37 93
38 65
38 47
38 47
38 49
38 76
38 53
38 39
39 72
39 86
39 44
39 99
39 67
39 76
39 81
40 95
40 98
40 90
40 69
40 66
40 48
40 50
40 72
40 46
41 80
41 68
41 99
41 63
42 72
42 88
42 86
43 83
43 71
43 78
43 76
43 47
43 78
43 97
43 99
43 73
44 45
44 83
44 75
44 71
44 50
44 87
45 73
45 78
45 95
45 88
45 67
45 72
45 91
45 58
45 94
46 59
46 59
46 55
46 68
46 69
46 86
46 75
47 86
47 59
47 53
47 81
47 83
47 52
48 77
48 54
48 89
48 94
48 91
48 83
49 76
49 76
49 92
49 80
50 60
50 68
50 80
51 81
51 53
51 53
52 79
52 64
52 62
52 82
52 75
53 89
53 95
53 98
53 97
54 67
54 72
54 65
54 85
54 86
54 55
54 59
55 96
55 71
55 63
55 77
55 85
55 76
55 74
56 58
56 86
57 86
57 70
57 66
57 82
57 98
57 97
58 60
58 70
58 64
58 85
58 77
58 98
58 88
58 83
58 83
58 67
58 99
58 75
58 63
59 89
59 78
59 89
60 93
60 70
60 70
61 84
61 80
61 70
61 70
62 82
62 78
63 81
63 92
63 72
64 88
64 81
64 72
64 79
65 94
66 80
66 79
67 88
67 68
67 93
68 88
68 97
69 82
69 81
70 82
70 71
70 85
70 94
71 73
71 98
72 94
72 79
74 78
74 91
74 82
75 96
75 94
75 91
76 89
76 94
76 87
76 89
76 98
76 91
77 95
77 92
78 81
78 99
79 93
79 87
79 89
79 99
80 97
80 84
81 95
81 99
81 96
82 88
82 91
82 83
83 99
84 96
84 89
84 97
85 88
86 90
86 96
89 91
89 92
89 99
91 97
91 97
92 99
94 96
94 96
95 97
97 99
