0 28
0 73
0 3
0 33
0 57
0 89
0 7
1 76
1 38
1 71
1 34
1 20
1 81
1 29
1 2
1 37
1 45
1 77
2 85
2 70
2 68
2 65
3 63
3 89
3 69
3 96
3 31
3 56
3 64
3 89
4 32
4 76
4 7
4 35
4 15
4 27
4 33
4 76
4 62
4 54
4 83
4 20
4 74
4 75
4 65
5 22
5 38
5 70
5 30
5 44
5 29
5 17
5 40
5 17
5 73
5 56
5 43
5 33
6 18
6 20
6 31
6 50
6 45
6 22
6 8
6 92
6 19
6 24
7 14
7 39
7 82
7 23
7 44
7 49
7 70
7 53
7 25
7 92
8 55
8 31
8 14
8 75
8 97
8 73
8 88
8 65
8 44
8 40
8 92
8 57
9 18
9 79
10 44
10 94
10 88
10 32
10 58
10 71
10 16
11 63
11 89
12 49
12 76
12 87
12 56
12 45
12 72
12 56
12 27
12 65
12 43
12 92
13 74
13 61
13 24
13 40
13 97
13 91
13 53
13 28
14 80
14 15
14 80
14 42
14 80
14 96
14 47
14 86
15 17
15 44
15 37
15 66
15 50
16 94
16 80
16 71
16 98
16 25
16 32
16 74
17 24
17 20
17 51
17 41
17 37
17 82
17 63
17 69
17 83
17 61
18 41
18 65
18 42
18 64
18 99
18 47
19 82
19 38
19 47
19 97
19 24
19 53
19 38
19 48
20 81
20 47
20 37
20 25
20 96
20 50
20 72
20 50
20 97
20 32
21 56
21 24
21 63
21 99
21 71
21 94
21 41
21 37
21 28
21 25
21 57
21 95
21 39
21 78
22 84
22 90
22 72
22 99
22 85
23 65
23 68
23 81
23 30
23 39
23 26
23 38
23 44
23 95
23 83
24 47
24 84
24 59
24 75
24 54
24 86
24 85
24 67
24 64
24 84
24 47
24 67
25 83
25 69
25 55
25 57
25 26
25 27
25 99
25 89
25 28
25 65
25 95
25 98
26 78
26 94
26 65
26 87
26 44
26 61
27 36
27 90
27 86
28 87
28 98
28 44
28 87
28 57
29 99
29 69
29 43
29 54
29 49
29 52
29 61
29 61
30 65
30 52
30 98
30 51
30 65
30 62
30 64
30 73
31 56
31 67
31 56
31 37
31 43
31 92
31 84
32 76
32 33
32 78
32 94
32 71
32 80
32 86
33 43
33 74
33 95
33 41
33 71
33 58
34 64
34 96
34 73
34 43
34 97
35 63
35 46
35 79
35 48
35 46
35 54
35 56
36 77
36 90
36 88
36 64
36 41
36 55
36 43
37 97
37 94
37 47
37 99
38 83
38 66
38 50
38 54
38 61
38 48
38 84
38 43
39 42
39 92
39 87
39 97
39 98
39 48
39 96
39 69
39 79
39 40
40 81
40 64
40 81
40 97
40 69
41 89
41 72
41 88
41 67
41 98
41 79
41 84
42 58
42 86
42 57
42 45
42 54
42 70
42 95
43 79
43 49
43 79
43 76
44 53
44 66
44 89
44 95
44 55
44 57
44 50
44 98
44 62
45 98
45 94
46 77
46 49
46 96
46 97
46 74
46 75
46 78
46 57
46 70
46 48
47 81
47 86
47 51
47 95
47 95
47 55
48 82
48 83
48 92
48 57
48 75
48 55
49 93
50 62
50 66
50 83
50 68
50 96
50 57
51 97
51 83
51 75
52 83
52 89
52 59
52 73
52 64
52 82
52 81
53 70
53 95
53 60
53 94
53 99
54 73
54 73
54 98
55 76
55 72
55 67
56 97
56 90
56 74
56 59
56 89
56 96
57 92
57 78
57 85
57 60
57 78
57 76
57 97
57 88
58 78
58 85
58 81
58 82
58 96
59 64
59 86
59 72
59 93
59 95
60 73
60 74
60 89
60 73
60 85
60 77
61 98
61 84
61 69
61 84
61 93
61 99
62 72
62 75
62 63
63 76
63 68
64 88
64 79
64 69
64 79
65 74
65 82
67 91
67 69
68 75
68 85
68 90
69 97
69 96
69 81
69 91
70 75
72 87
72 93
72 81
73 90
73 82
73 93
73 88
73 90
74 88
74 90
74 99
74 87
74 93
75 97
75 98
77 99
77 90
77 95
77 78
77 98
78 98
78 82
79 95
79 97
79 92
81 95
83 92
84 92
85 95
85 98
86 96
86 99
87 91
87 88
88 97
89 90
89 93
90 97
90 91
91 94
94 97
