0 14
0 33
0 48
0 52
0 64
0 6
0 98
0 85
0 62
1 15
1 64
1 80
1 30
1 92
1 41
1 66
1 64
1 29
1 61
1 7
1 92
1 42
1 17
1 47
1 90
1 73
1 77
2 30
2 16
2 31
2 14
2 27
2 97
2 59
3 49
3 58
3 31
3 58
3 70
3 92
3 71
3 15
4 26
4 62
4 24
4 88
4 99
4 46
5 35
5 94
5 55
5 91
5 9
5 88
5 87
5 57
5 38
5 50
6 50
6 32
6 50
6 10
6 11
6 20
6 16
7 50
7 54
7 47
7 74
7 90
7 91
7 89
7 58
7 93
8 70
8 63
8 24
8 91
8 91
8 84
8 35
8 27
8 42
8 75
8 62
8 20
9 24
9 72
9 98
9 35
9 36
9 31
9 37
9 20
10 62
10 82
10 24
10 22
10 63
10 99
10 69
10 72
10 95
11 24
11 96
11 40
11 71
11 22
11 58
11 73
11 98
11 80
11 18
11 59
11 49
11 41
12 49
12 48
12 20
12 25
12 98
12 16
12 32
12 54
13 51
13 84
13 62
13 38
13 25
13 70
14 27
14 84
14 71
14 49
14 82
14 75
14 18
14 88
14 82
14 91
14 66
15 24
15 59
15 26
15 95
15 89
15 31
15 69
16 52
16 61
16 53
16 84
16 27
16 76
16 54
16 27
17 23
17 99
17 36
17 78
17 26
17 72
17 82
17 89
17 97
18 76
18 41
18 52
18 35
18 96
18 86
18 75
18 19
18 93
18 77
19 42
19 91
19 85
19 21
20 44
20 60
20 90
20 99
20 50
20 72
20 57
20 63
20 62
21 90
21 73
21 43
21 44
21 53
21 98
21 36
21 27
21 64
21 51
21 48
22 40
22 75
22 63
22 29
22 24
22 50
22 58
22 50
23 28
23 46
23 54
23 30
23 98
23 58
24 34
24 49
24 83
24 66
24 64
24 67
24 42
24 36
24 27
24 44
24 65
25 52
25 44
25 28
25 66
25 32
25 61
25 66
25 76
26 76
26 60
26 28
26 86
26 62
26 60
26 73
26 91
26 65
27 91
27 67
27 93
27 52
27 43
28 61
28 34
28 68
28 96
28 61
28 68
28 62
28 50
29 47
29 36
29 71
29 94
29 53
29 85
29 87
30 34
30 48
30 37
30 94
30 98
31 83
31 84
31 76
31 44
31 68
31 69
32 60
32 33
32 65
32 84
32 66
32 38
32 94
33 84
33 90
33 78
33 78
33 85
33 82
33 81
34 58
34 53
34 61
34 37
34 73
34 45
34 62
35 53
35 61
35 83
35 68
35 94
36 46
36 65
36 40
36 58
36 80
36 96
36 98
37 60
37 63
37 83
37 86
37 63
38 78
38 95
38 80
38 92
38 73
39 66
39 64
39 83
39 96
39 86
40 51
40 48
40 53
40 86
40 78
40 78
40 73
40 54
40 73
41 42
41 71
41 51
41 79
41 96
42 66
42 90
42 78
42 99
42 77
43 86
43 74
43 64
43 53
43 80
43 87
44 69
44 78
44 70
44 73
44 58
44 54
45 90
45 67
45 77
45 99
45 50
45 90
45 64
45 73
45 90
45 82
45 91
46 73
46 89
46 97
46 59
47 48
47 99
47 86
48 68
48 69
48 58
48 87
48 54
50 82
50 86
50 91
50 78
50 68
51 85
51 80
51 81
51 75
51 53
51 74
52 66
52 67
52 72
52 76
53 72
53 59
53 58
53 70
53 64
53 73
53 84
53 60
53 66
53 80
54 56
54 72
54 76
54 84
54 68
54 57
54 63
55 75
55 65
55 88
55 94
55 67
56 70
56 99
56 58
56 64
57 85
57 73
57 90
58 74
58 63
58 86
58 81
58 96
59 85
59 97
60 81
60 90
60 65
60 67
60 83
61 69
61 66
61 77
61 76
61 97
61 63
61 74
62 94
62 91
62 76
62 98
62 89
62 97
63 82
63 83
63 69
63 80
64 73
64 81
64 68
64 99
64 73
65 88
65 87
65 96
66 88
66 73
66 88
66 84
67 80
67 92
67 89
67 92
67 78
67 68
67 96
68 88
69 77
70 94
70 79
71 76
71 97
71 85
71 83
74 82
74 93
74 84
75 96
76 90
77 79
78 98
79 87
79 89
80 87
81 84
81 89
82 95
83 96
83 95
84 97
85 97
85 90
87 88
87 91
88 93
92 99
93 98
94 96
94 95
95 99
