0 18
0 81
0 21
0 93
0 43
0 90
0 98
0 64
0 81
0 45
1 54
1 85
1 61
1 10
1 98
1 36
1 88
1 96
2 43
2 82
2 76
2 66
2 7
2 6
2 67
2 7
2 11
2 74
2 75
2 68
2 24
3 17
3 35
3 75
3 72
3 80
3 59
3 10
3 26
3 63
3 25
4 69
4 89
4 24
4 76
4 36
4 24
4 92
5 17
5 96
5 32
5 90
5 58
5 82
5 57
5 41
5 17
5 12
5 74
5 45
5 77
5 8
5 82
5 95
5 68
5 17
5 23
6 42
6 26
6 56
6 66
6 84
6 77
6 19
6 43
6 78
6 77
6 90
6 33
6 38
6 29
6 27
7 97
7 21
7 75
7 92
7 23
7 12
7 85
8 84
8 77
8 36
8 50
8 61
8 20
9 15
9 84
9 52
9 22
9 67
9 98
9 53
9 11
9 51
9 43
9 25
9 77
10 61
10 65
10 14
10 34
10 87
10 62
10 67
10 51
11 17
11 14
11 21
11 19
11 15
11 53
11 39
12 83
12 99
12 13
12 39
12 98
12 65
12 92
12 60
12 73
13 37
13 50
13 53
13 83
13 46
13 66
13 20
13 28
13 87
13 62
13 59
13 20
14 40
14 71
14 54
14 42
14 92
14 58
15 62
15 61
15 77
15 24
15 49
16 56
16 20
16 57
16 31
16 19
16 18
16 59
16 58
16 60
16 73
16 62
17 51
17 19
17 75
17 77
17 65
17 31
17 18
17 87
18 20
18 53
18 73
18 25
18 80
18 79
18 27
18 71
18 27
18 65
18 30
19 59
19 61
19 29
19 22
19 96
20 27
20 73
20 98
20 54
20 92
21 39
21 61
21 79
21 37
21 37
21 54
21 87
21 71
21 84
21 28
22 75
22 48
22 47
22 90
23 51
23 29
23 74
23 66
23 33
23 87
23 42
23 55
23 24
23 31
24 54
24 40
24 49
24 93
24 96
24 61
24 28
25 88
25 51
25 66
26 54
26 92
26 53
26 91
26 96
26 39
26 29
26 73
26 36
27 84
27 28
27 69
27 92
28 97
28 87
28 85
28 84
28 60
28 42
29 57
29 31
29 98
29 48
30 36
30 86
30 38
30 36
30 49
30 34
31 44
31 41
31 60
31 90
31 83
31 39
31 33
31 79
31 66
31 89
32 34
32 84
32 75
32 58
32 97
32 70
32 85
32 71
32 41
33 99
33 70
33 42
33 68
33 89
33 86
34 53
34 84
34 87
34 82
34 61
34 79
34 69
35 97
35 68
35 82
35 80
35 66
35 90
35 92
35 85
35 67
36 50
36 51
36 77
36 41
37 75
37 73
37 56
37 80
37 62
37 60
37 77
37 67
38 60
38 41
38 67
38 53
38 52
38 78
39 52
39 48
39 69
39 83
39 46
39 44
40 69
40 46
40 49
40 70
40 51
40 65
41 44
41 53
41 96
41 66
41 93
42 67
42 99
42 81
42 48
42 83
43 45
43 56
43 77
43 91
43 51
44 80
44 68
45 97
45 76
45 69
45 51
45 86
45 83
45 88
46 69
46 71
46 90
46 70
46 84
47 50
47 55
47 73
47 86
47 64
47 62
47 49
47 94
47 81
48 58
48 60
48 78
49 64
49 99
49 81
49 88
49 71
50 99
50 57
50 67
50 99
50 90
50 60
51 89
51 87
51 80
51 84
52 71
52 83
52 60
52 74
53 54
53 99
53 71
53 87
54 76
54 59
54 78
54 60
54 61
55 87
55 86
55 63
55 88
55 72
55 91
56 94
56 98
56 64
57 91
58 60
58 70
58 64
58 92
58 85
58 60
58 90
59 76
59 73
59 80
59 68
59 81
60 99
60 66
61 74
61 68
61 95
61 92
62 83
62 82
62 93
62 83
63 97
63 71
63 92
64 84
65 95
65 96
65 72
65 86
66 72
66 89
67 90
67 87
68 76
68 73
68 91
68 72
68 78
68 96
68 69
69 92
69 81
69 80
69 89
69 95
70 84
70 73
71 73
71 83
71 85
72 80
72 95
72 75
72 83
72 95
73 84
73 76
74 79
74 90
74 97
75 99
76 90
76 94
76 84
77 91
77 93
77 99
77 88
78 95
78 92
79 83
79 82
79 83
80 95
80 96
80 84
81 96
82 99
83 94
84 97
84 97
85 91
85 91
86 96
87 95
89 93
89 97
92 95
92 93
93 99
94 95
95 96
