0 42
0 74
0 45
0 7
0 38
0 24
0 76
0 99
1 83
1 52
1 30
1 3
1 12
1 92
1 36
1 85
1 28
1 76
2 91
2 73
2 42
2 53
2 76
2 13
2 99
2 25
2 38
2 70
3 63
3 67
3 98
3 15
3 97
3 99
3 93
3 82
3 38
3 49
3 33
3 60
3 6
3 76
3 10
3 94
3 21
3 40
4 62
4 82
4 98
4 14
4 78
4 6
4 39
4 15
4 17
4 39
4 38
4 18
4 83
4 62
5 32
5 39
5 21
5 29
5 39
5 59
5 49
5 66
5 23
5 73
5 94
6 66
6 48
6 69
7 81
7 42
7 57
7 62
7 19
7 53
7 33
7 72
7 91
8 89
8 17
8 82
8 94
8 80
8 11
8 19
8 86
9 70
9 73
9 23
9 47
9 77
9 54
9 15
9 96
9 45
9 41
9 58
9 12
9 77
9 42
10 40
10 77
10 27
10 54
10 86
10 58
10 26
10 25
10 63
11 83
11 35
11 87
11 37
11 42
11 58
11 28
11 52
12 49
12 36
12 87
12 89
12 70
13 38
13 19
13 18
13 19
13 92
13 90
13 23
13 45
13 27
14 66
14 29
14 59
14 86
14 44
14 64
14 60
14 39
14 70
14 87
15 16
15 64
15 22
15 36
15 48
15 27
15 50
15 44
15 19
15 47
15 60
16 63
16 75
16 93
16 71
16 51
16 47
16 87
17 74
17 24
17 39
17 23
17 28
17 70
17 71
17 18
17 25
18 76
18 69
18 32
18 57
18 74
18 74
18 26
19 40
19 82
19 44
19 52
19 54
19 94
19 20
19 40
20 23
20 45
20 53
20 98
20 48
20 99
20 69
20 78
20 95
20 26
20 25
21 48
21 35
21 73
21 67
21 76
21 77
21 24
21 85
21 37
21 29
21 90
22 52
22 79
22 52
22 85
22 93
22 24
22 32
22 48
22 90
22 46
22 91
23 32
23 74
23 93
23 83
23 95
24 45
24 46
24 53
24 59
24 89
25 80
25 73
25 41
25 46
25 88
26 91
26 85
26 52
26 32
26 50
26 38
27 46
27 35
27 74
27 60
27 29
27 92
27 44
28 58
28 98
28 74
28 35
28 77
28 88
28 80
28 39
29 99
29 41
29 81
29 66
29 66
29 58
30 58
30 97
30 72
30 56
30 89
30 41
30 80
30 60
31 99
31 46
31 96
31 74
31 41
31 78
31 52
31 90
32 64
32 42
32 89
33 48
33 66
33 88
33 37
34 82
34 50
34 48
34 47
34 62
35 52
35 61
35 66
35 44
35 47
35 91
35 37
36 40
36 46
36 44
36 51
36 45
36 73
37 49
37 54
37 56
37 90
37 76
37 76
38 96
38 89
38 45
38 45
39 65
39 40
39 41
39 81
39 82
39 86
40 88
40 69
40 54
40 42
40 71
40 51
41 47
41 95
41 96
41 53
41 81
41 53
41 48
42 98
42 96
42 68
42 95
42 73
42 63
43 82
43 76
43 95
43 64
43 60
43 61
43 76
44 57
44 87
44 73
44 89
44 80
45 70
45 50
45 60
45 83
45 77
45 61
47 55
47 61
47 62
47 63
47 67
47 99
47 51
47 65
47 75
48 94
48 91
48 93
49 94
49 66
49 79
49 88
49 95
49 71
50 77
50 52
50 89
51 67
51 58
51 72
51 81
51 71
51 86
51 53
52 83
52 99
52 80
52 67
52 95
52 64
52 89
53 61
53 88
53 91
53 68
54 55
54 76
54 87
54 76
54 73
54 58
54 81
55 70
56 81
56 92
56 63
57 91
57 69
57 94
57 82
58 61
58 67
58 63
58 77
59 76
59 74
60 74
60 69
60 82
60 73
60 82
61 64
61 95
61 84
61 73
61 86
61 76
61 95
61 62
62 89
62 84
62 75
63 74
63 82
63 91
64 70
65 93
66 76
66 74
66 74
67 84
68 82
69 85
69 71
70 72
70 84
70 77
70 79
70 97
71 77
71 99
71 88
72 99
72 81
72 87
72 94
73 80
73 85
73 85
73 89
74 94
74 75
75 79
75 77
76 99
76 89
77 79
78 93
79 87
79 81
79 96
79 86
80 95
80 87
81 98
82 88
83 97
83 96
83 93
84 88
84 88
84 97
84 85
84 86
84 99
84 94
84 85
86 94
87 96
89 98
89 93
89 95
89 95
90 99
90 91
90 95
92 97
93 99
93 97
