0 82
0 82
0 28
0 88
0 41
0 95
0 37
0 59
0 51
0 23
1 35
1 79
1 21
1 79
1 89
1 33
1 9
1 8
1 37
1 52
2 10
2 12
2 8
2 91
2 31
2 65
2 24
3 12
3 13
3 65
3 41
3 17
3 46
3 87
3 61
3 97
3 40
3 91
3 10
4 31
4 85
4 98
4 13
4 7
4 31
4 38
4 35
4 76
4 23
4 51
4 46
4 37
4 72
5 27
5 69
5 95
5 17
5 71
5 60
5 96
5 24
5 11
5 65
5 72
6 79
6 27
6 61
6 36
6 44
6 65
6 88
6 85
6 33
6 32
6 61
6 95
7 99
7 80
7 90
7 26
7 70
7 95
7 13
7 58
7 21
7 53
7 84
7 36
7 41
7 32
8 45
8 20
8 75
8 26
8 49
8 26
8 81
8 38
8 72
8 23
8 28
9 60
9 60
9 83
9 78
9 37
9 77
9 71
9 71
9 98
9 62
9 29
9 62
10 33
10 22
10 28
10 56
10 85
10 12
11 98
11 34
11 53
11 69
11 91
11 67
11 17
11 99
11 37
12 67
12 68
12 55
12 67
12 72
12 30
12 86
12 53
12 44
12 66
12 37
13 55
13 28
13 45
13 59
13 16
14 93
14 59
14 40
14 74
15 79
15 52
15 81
15 58
15 42
15 28
16 26
16 65
16 79
16 92
16 86
16 49
16 62
16 85
16 58
16 34
16 18
16 99
16 49
17 94
17 35
17 95
17 53
17 78
17 99
17 94
17 75
18 44
18 29
18 79
18 55
18 19
18 58
18 49
18 60
18 65
18 34
18 58
18 35
18 58
18 91
19 58
19 89
19 54
19 59
19 64
19 96
19 41
20 66
20 85
20 60
20 98
21 41
21 46
21 49
21 43
21 45
21 62
21 68
21 23
22 30
22 35
22 39
22 82
23 62
23 32
23 91
23 69
23 74
23 46
23 84
24 34
24 82
24 37
24 79
24 46
24 88
24 83
24 88
25 57
25 56
25 72
25 46
25 47
26 37
26 36
26 98
26 89
26 50
26 78
27 44
27 53
27 45
28 76
28 52
29 63
29 41
29 54
29 84
29 67
29 77
29 63
29 48
30 52
30 54
30 72
30 32
30 33
30 79
30 85
31 84
31 53
31 88
31 56
31 79
32 36
32 45
32 53
32 52
32 73
32 74
32 55
32 87
33 44
33 65
33 57
33 89
33 63
33 86
33 87
34 84
34 36
35 91
35 91
35 92
35 66
35 57
35 53
36 38
36 50
36 53
36 80
36 93
36 67
36 64
36 71
37 57
37 96
37 44
37 85
37 40
37 45
37 99
37 58
37 60
38 43
38 47
38 51
38 86
39 43
39 44
39 70
39 60
39 46
39 69
39 93
39 88
39 75
40 92
40 62
40 95
40 76
41 63
41 43
41 46
41 84
41 90
41 96
41 65
42 80
42 69
42 83
43 87
43 76
43 56
43 48
43 73
43 66
43 93
44 55
44 85
44 94
44 69
44 75
44 77
44 93
44 62
45 63
45 71
45 85
45 67
45 98
45 85
46 53
46 99
46 95
46 95
47 64
47 48
47 78
47 82
47 61
48 94
48 87
48 58
48 66
48 51
49 65
49 82
49 73
50 51
50 63
50 74
50 66
50 98
50 71
50 99
50 58
50 56
50 63
51 88
52 95
52 58
52 76
52 81
53 59
53 96
53 90
53 95
53 84
53 66
54 56
54 66
54 79
55 74
55 59
55 73
55 67
55 60
55 66
55 84
55 81
56 58
56 81
56 90
56 61
56 59
56 61
57 74
57 84
57 78
57 92
58 79
58 64
58 82
58 71
59 83
59 87
59 88
60 91
60 95
60 63
60 78
60 74
60 85
60 76
60 95
61 84
61 89
61 91
61 73
62 87
62 90
62 66
63 90
63 72
63 77
64 88
64 78
65 95
65 93
65 99
66 97
66 88
66 87
66 67
67 75
67 76
67 86
67 99
67 70
68 94
68 98
68 98
69 95
69 97
69 89
70 88
70 72
70 88
70 85
70 74
71 74
71 88
72 83
73 79
73 93
74 76
74 84
74 95
74 89
75 81
75 76
76 85
76 99
76 98
76 97
76 97
77 94
78 84
79 84
79 96
79 85
80 99
81 91
81 92
81 90
82 94
82 93
83 92
83 88
84 85
84 95
84 95
84 96
86 94
87 99
88 92
88 94
89 92
89 94
91 96
