0 74
0 89
0 19
0 82
0 59
0 11
0 19
0 52
0 63
0 65
0 45
1 28
1 6
1 6
1 96
1 14
1 94
1 92
1 8
1 43
1 41
1 78
1 80
2 46
2 66
2 7
2 93
2 58
2 62
2 10
2 7
2 6
2 92
3 64
3 98
3 16
3 11
3 8
3 80
3 26
3 32
3 45
3 46
3 24
3 52
3 45
3 70
3 10
3 70
3 77
3 59
3 85
3 39
3 5
3 62
4 97
4 55
4 74
5 64
5 48
5 72
5 52
5 26
6 34
6 49
6 81
6 89
6 43
6 99
6 16
6 42
6 73
6 11
6 92
7 68
7 27
7 21
7 82
7 16
7 57
7 84
7 53
7 37
7 14
7 34
7 49
8 10
8 58
8 10
8 30
8 64
8 76
8 9
8 55
8 85
8 60
9 99
9 90
9 60
9 18
9 72
9 64
10 39
10 68
10 53
10 44
10 27
10 67
10 15
10 20
10 36
11 81
11 28
11 85
11 49
11 19
11 48
12 61
12 57
12 47
12 61
12 46
13 90
13 61
13 19
13 70
13 48
13 26
13 44
13 77
13 66
13 16
13 41
13 28
14 56
14 80
14 43
14 34
14 53
14 40
14 92
14 80
14 17
14 95
15 88
15 55
15 38
15 45
15 38
15 35
15 25
15 47
15 70
15 33
15 26
15 19
15 29
15 37
16 20
16 30
16 26
16 46
16 55
17 94
17 22
17 25
17 92
17 81
18 19
18 45
18 73
18 67
18 26
18 46
19 96
19 87
19 43
19 36
19 92
19 83
19 89
20 34
20 59
20 21
20 38
20 52
20 86
20 82
20 98
21 72
21 76
21 89
21 82
21 76
21 81
22 36
22 49
22 52
22 67
22 92
22 99
22 26
22 42
23 35
23 67
23 69
23 66
23 25
23 96
23 29
23 90
23 68
23 95
23 55
23 36
23 28
24 91
24 34
24 37
24 48
24 61
24 40
24 57
25 44
25 38
25 38
26 87
26 33
26 91
26 33
26 33
26 90
26 47
26 50
27 54
27 85
27 55
28 63
28 39
28 84
28 84
28 52
28 99
29 74
29 78
29 46
30 62
30 41
30 54
30 36
30 89
30 93
30 75
30 68
31 48
31 79
31 43
31 77
31 63
31 94
31 37
32 56
32 92
32 66
32 97
32 60
32 49
32 68
32 90
32 72
32 82
32 68
33 53
33 41
33 34
33 95
33 96
33 69
34 81
34 52
34 56
34 64
34 76
35 57
35 85
35 58
35 92
35 86
35 79
36 54
36 95
36 56
36 92
36 80
37 61
37 57
37 38
37 59
37 69
37 82
38 69
38 78
38 71
38 67
38 79
38 48
38 44
39 96
39 41
39 92
39 58
39 76
39 70
39 64
39 42
39 96
40 95
40 57
40 89
40 47
41 55
41 50
41 65
41 66
41 85
41 96
41 64
43 76
43 60
43 82
43 96
43 98
43 97
43 74
43 61
44 90
44 55
44 47
44 85
44 78
44 76
44 84
44 58
45 78
45 87
45 72
45 54
45 46
45 61
45 73
45 79
46 80
46 69
46 73
46 78
46 51
47 89
47 65
47 67
47 64
47 67
47 70
48 64
48 71
48 82
48 83
48 59
48 97
48 49
49 84
49 82
49 50
49 84
49 64
50 65
50 97
50 92
51 69
51 57
51 98
52 67
52 90
53 82
53 81
53 60
53 86
53 90
53 85
54 96
54 84
54 95
55 91
55 83
55 68
55 56
55 66
55 95
56 67
56 67
56 72
56 98
57 68
57 81
57 80
57 94
57 60
58 61
58 88
58 89
59 73
59 85
59 84
59 82
59 88
59 92
60 61
60 95
60 75
60 92
60 95
61 74
61 82
61 67
62 78
62 75
62 68
62 88
62 76
62 63
62 93
62 65
63 78
63 75
64 65
64 87
64 75
64 72
64 85
64 65
64 91
64 88
65 69
66 76
66 73
66 82
67 73
67 87
67 95
67 71
67 94
68 95
68 71
68 72
69 92
69 85
69 88
69 72
69 82
69 95
70 78
71 84
71 85
71 80
71 74
72 86
72 92
73 82
74 91
74 82
75 79
75 99
75 88
77 81
77 93
77 79
78 98
78 86
78 85
79 83
80 98
80 89
82 94
82 96
82 98
83 91
84 89
86 98
86 93
86 91
87 89
87 90
88 98
90 98
91 95
91 97
92 94
92 94
93 96
95 96
96 97
