0 43
0 30
0 50
0 15
0 70
0 39
0 62
0 35
0 5
0 89
0 18
1 34
1 19
1 77
1 73
1 16
1 48
1 82
1 85
1 99
1 94
2 66
2 33
2 79
2 96
2 20
2 8
2 73
2 13
2 93
2 90
2 80
2 62
3 12
3 29
3 66
3 59
3 96
3 91
3 5
3 65
3 46
3 95
3 28
4 67
4 14
4 45
4 10
4 5
4 72
4 40
4 52
4 77
4 81
5 56
5 22
5 40
5 27
5 38
5 52
5 54
6 39
6 53
6 17
6 57
6 68
7 83
7 41
7 41
7 31
7 16
7 56
7 57
7 81
7 38
7 81
7 11
7 33
7 22
7 23
8 29
8 48
8 68
8 80
8 82
8 12
8 59
8 42
8 91
8 79
8 32
8 16
8 39
8 85
8 74
8 84
8 93
9 81
9 64
9 70
9 51
9 94
10 30
10 17
10 20
10 94
10 71
10 89
10 97
10 68
10 91
11 51
11 24
11 81
11 40
11 61
11 53
11 94
12 79
12 50
12 77
12 58
12 52
12 40
12 47
12 54
12 32
12 59
12 97
13 96
13 33
13 89
13 80
13 58
13 32
13 71
14 76
14 26
14 44
14 98
14 60
14 74
15 90
15 41
15 53
15 72
15 36
15 75
15 25
15 98
15 71
15 46
16 26
16 77
16 77
16 86
16 32
16 73
16 33
16 18
16 99
16 85
17 97
17 39
17 73
17 65
17 90
17 25
17 88
17 83
17 98
17 87
17 23
17 69
17 30
17 23
18 76
18 87
18 22
18 36
18 37
18 77
18 65
18 51
18 19
18 47
18 68
18 73
19 48
19 29
19 62
19 66
19 92
19 63
19 44
19 23
19 42
19 76
19 55
19 99
20 30
20 28
20 61
20 76
20 31
20 41
20 21
20 50
20 32
21 51
21 58
21 66
21 96
21 78
21 22
21 84
22 44
22 99
22 30
22 77
22 64
22 80
23 25
23 35
23 91
23 71
23 62
24 72
24 97
24 68
24 94
24 92
24 73
24 58
24 77
25 48
25 94
25 84
25 80
25 50
25 34
26 57
26 87
26 79
26 95
27 32
27 65
27 65
27 33
27 32
27 64
28 33
28 64
28 55
28 31
28 80
28 92
28 43
28 79
29 50
29 96
29 62
29 77
29 43
29 50
30 67
30 38
30 95
30 65
31 49
31 97
31 73
31 34
31 93
31 52
31 49
31 51
31 66
31 80
31 56
32 90
32 42
32 60
32 94
32 80
32 89
32 40
32 45
33 72
33 67
33 94
33 73
33 80
33 79
33 94
34 56
34 49
34 61
34 45
34 56
34 35
34 59
34 66
34 82
35 39
35 37
36 94
36 86
36 86
36 73
36 53
36 49
36 38
37 48
37 63
38 53
38 48
38 41
38 41
38 65
38 91
38 95
39 88
39 57
39 66
39 83
39 64
40 98
40 45
40 79
40 51
40 72
40 80
41 65
41 61
41 61
41 73
42 61
42 48
42 96
42 55
42 79
42 94
42 84
42 57
42 87
42 77
42 49
42 83
43 77
43 81
43 69
43 62
43 85
44 89
44 73
44 75
44 71
44 92
44 60
45 52
45 50
45 94
45 81
45 87
45 62
45 72
46 60
46 72
46 80
46 99
47 99
47 90
48 95
48 73
48 68
49 71
49 78
49 70
50 81
50 84
50 75
50 66
50 79
51 60
52 87
52 99
52 94
52 70
52 90
52 74
52 84
53 88
53 75
53 54
54 56
54 57
54 89
54 86
54 72
54 67
55 79
55 73
55 96
57 87
57 70
57 60
58 59
58 59
58 76
58 77
58 62
58 76
59 96
59 96
59 62
59 86
59 90
59 79
60 92
60 80
61 98
62 94
62 66
62 85
62 67
62 68
63 78
63 93
63 81
63 87
64 78
64 72
64 92
64 98
64 72
66 87
66 83
66 69
66 99
66 75
66 96
67 93
68 76
68 75
68 92
68 92
69 72
69 98
70 85
70 99
70 98
71 75
71 73
71 82
72 86
72 96
72 85
73 98
73 86
73 77
74 76
74 92
74 95
75 82
75 86
75 80
76 80
76 84
76 77
77 81
77 87
77 92
77 87
78 85
78 80
79 97
79 97
79 86
80 88
80 89
80 94
82 83
82 97
83 95
83 95
83 89
85 92
85 87
86 88
87 99
88 93
89 93
90 98
90 94
92 95
92 94
92 97
93 95
96 99
