0 16
0 51
0 16
0 49
0 79
0 41
0 67
0 86
0 92
0 66
0 71
1 13
1 12
1 6
1 77
1 61
1 62
1 76
1 43
1 84
1 70
1 51
1 82
1 19
2 16
2 56
2 46
2 52
2 39
2 96
2 4
2 92
2 52
3 13
3 42
3 71
3 90
4 12
4 10
4 74
4 74
4 5
4 55
4 95
4 91
5 85
5 53
5 53
5 57
5 91
5 16
5 8
5 64
5 88
5 38
6 74
6 11
6 37
6 14
6 89
7 22
7 60
7 92
7 46
7 26
7 29
7 58
8 28
8 53
8 92
8 91
8 34
8 13
8 25
8 41
8 16
9 98
9 92
9 81
9 31
9 69
9 94
10 34
10 61
10 98
10 29
10 50
10 55
11 97
11 37
11 96
11 16
11 74
11 69
12 43
12 31
12 72
12 60
12 34
12 64
12 68
12 75
12 49
13 45
13 73
13 56
13 43
13 55
13 59
13 74
13 98
13 92
13 16
13 85
14 83
14 88
14 48
14 58
14 62
14 35
14 29
14 42
15 71
15 35
15 61
15 80
15 39
15 21
15 40
15 52
16 83
16 58
16 94
16 99
16 84
16 83
16 77
16 31
16 96
16 53
16 75
16 54
16 38
17 23
17 59
17 62
17 27
17 21
17 56
17 30
17 34
17 79
17 38
18 54
18 80
18 81
18 83
18 79
18 38
18 79
18 80
18 43
18 73
18 61
18 36
18 31
18 82
19 63
19 27
19 96
19 36
19 93
19 20
19 51
19 85
19 52
20 78
20 98
20 28
20 90
20 96
20 74
20 43
20 86
21 97
21 75
21 52
21 41
21 32
21 66
21 54
21 56
21 67
21 72
21 45
21 45
21 85
21 78
22 39
22 91
22 79
23 51
23 36
23 39
23 81
23 83
23 76
23 60
23 90
23 48
23 92
23 45
23 40
24 29
24 64
24 33
24 45
25 53
25 34
25 62
25 62
25 29
25 58
26 27
26 92
26 60
26 93
26 35
26 52
26 38
26 43
26 30
27 57
27 40
27 65
27 41
28 45
28 39
28 84
28 88
28 36
28 69
28 76
28 50
28 74
29 74
29 90
29 67
29 64
29 97
30 68
30 56
30 54
30 93
30 83
30 63
31 90
31 82
31 52
31 98
31 67
31 82
32 71
32 82
32 67
32 87
32 75
32 90
33 59
33 37
33 85
34 44
34 74
34 88
34 56
34 44
34 81
34 56
34 64
34 80
34 35
34 88
34 68
35 49
35 53
35 70
35 90
35 40
35 61
35 64
36 94
36 71
36 71
36 84
36 99
36 67
36 89
37 92
37 86
37 78
37 93
38 88
38 63
38 62
38 77
38 82
38 96
39 45
39 98
39 65
39 50
39 55
39 56
39 70
40 80
40 92
40 65
40 48
40 48
40 57
41 93
41 56
41 50
41 63
41 93
41 65
41 68
41 77
41 49
41 94
41 83
41 88
41 70
41 65
42 79
42 63
42 62
42 89
43 99
43 80
43 93
43 96
43 89
43 45
43 56
44 63
44 68
44 93
44 93
44 70
44 76
44 70
44 73
44 54
44 82
45 49
45 91
45 88
45 91
45 54
45 52
45 87
45 84
46 65
46 65
47 93
47 82
47 86
47 80
47 63
47 62
47 54
47 50
48 93
48 84
49 54
49 82
49 64
49 53
49 68
50 75
50 90
50 57
50 96
50 94
50 83
51 70
51 66
51 96
51 99
51 74
51 77
51 60
51 64
51 82
51 90
52 85
52 92
52 73
52 83
52 99
52 94
52 53
53 92
53 83
53 99
54 84
54 95
54 71
54 75
55 72
55 89
55 81
55 72
55 57
55 62
56 70
56 87
56 81
56 93
56 95
56 97
57 85
57 72
58 75
58 87
59 97
59 62
60 68
60 73
60 72
61 91
62 85
63 84
63 92
63 94
63 92
63 71
64 78
64 83
64 89
65 97
65 68
66 90
66 71
67 91
67 83
67 90
67 90
67 97
68 77
68 90
69 85
69 91
69 92
69 71
69 79
69 79
70 74
70 95
71 90
71 92
71 76
72 86
72 74
72 82
72 97
72 77
72 85
73 80
73 90
73 80
73 93
73 84
74 87
74 84
74 86
74 95
75 98
75 79
77 85
78 86
78 82
80 89
80 91
80 93
83 91
84 87
84 85
85 99
85 88
85 97
85 96
85 98
86 98
87 88
90 93
91 92
92 99
95 96
