0 65
0 44
0 5
0 29
0 19
0 69
0 80
1 2
1 89
1 82
1 37
1 25
1 57
1 4
1 63
1 84
1 16
2 3
2 53
2 17
2 58
2 53
2 37
2 36
2 48
2 25
2 17
2 35
2 34
2 12
2 8
2 63
3 68
3 62
3 36
3 99
3 71
3 67
3 43
3 41
4 79
4 62
4 81
4 61
4 70
4 11
5 65
5 64
5 48
5 62
5 55
6 47
6 74
7 81
7 47
7 46
7 91
7 72
7 67
7 9
7 66
7 20
8 65
8 51
8 71
8 11
8 71
8 96
8 14
8 11
8 86
9 48
9 26
9 25
9 75
9 65
9 75
9 13
9 68
9 80
10 70
10 83
10 44
10 40
10 64
10 75
10 81
10 36
10 18
10 26
10 79
10 55
11 95
11 45
11 68
11 30
11 70
12 67
12 42
12 52
13 16
13 51
13 73
13 38
13 33
13 64
13 88
13 96
14 64
14 18
14 43
14 20
14 63
14 40
14 62
14 59
14 63
14 17
14 36
15 56
15 66
15 36
15 61
15 46
15 74
15 88
15 48
15 43
15 96
16 49
16 28
16 22
16 38
16 37
16 79
16 58
16 67
16 48
17 87
17 32
17 18
17 56
17 98
17 51
17 65
17 43
17 38
17 92
17 92
18 23
18 51
18 83
18 39
18 45
18 78
19 95
19 86
19 67
19 42
19 32
19 89
19 48
19 41
19 60
20 83
20 40
20 79
20 47
20 69
20 85
20 89
20 43
21 52
21 31
21 36
21 61
21 39
21 75
21 44
21 67
21 75
21 40
21 71
22 46
22 45
22 40
23 62
23 98
23 34
23 83
23 68
23 56
23 81
24 94
24 78
24 39
24 70
24 97
24 63
24 95
24 45
25 91
25 77
25 33
25 85
25 73
25 48
25 82
25 71
25 62
25 59
26 75
26 56
26 53
26 51
26 62
26 53
27 53
27 54
27 83
27 94
27 94
27 40
27 60
27 69
28 56
28 45
28 39
28 96
28 58
28 43
28 64
28 49
29 93
29 63
29 35
29 35
29 44
29 66
29 93
29 51
30 88
30 82
30 81
30 46
30 40
30 51
30 80
30 39
31 57
31 91
31 77
31 45
31 92
31 42
31 39
31 61
31 99
32 86
32 99
32 70
32 99
32 93
32 58
32 99
33 52
33 72
33 92
33 53
33 38
34 98
34 45
34 51
34 38
34 71
34 47
34 59
35 93
35 96
35 42
35 66
35 89
35 62
35 49
36 53
36 77
36 46
36 45
36 48
36 52
36 60
36 78
36 86
36 81
36 63
37 93
37 63
37 60
37 94
37 99
37 51
37 82
38 61
38 58
38 94
38 68
38 54
38 45
38 84
38 39
38 58
38 78
39 52
39 69
39 54
39 99
39 92
39 41
39 95
40 56
40 95
40 41
40 69
40 92
41 70
41 71
41 63
41 63
42 63
42 99
42 94
42 78
42 83
42 51
42 84
43 62
43 90
43 97
43 92
43 94
43 75
43 61
43 63
44 46
44 90
44 92
44 45
44 79
44 84
45 97
45 81
45 73
45 84
45 66
45 99
45 65
45 57
46 78
46 68
46 92
47 86
47 76
48 90
48 97
48 75
48 69
49 83
49 73
49 96
50 98
50 55
50 84
50 71
51 90
51 61
51 94
51 69
52 91
52 94
52 81
52 66
52 91
52 81
52 66
53 73
53 60
53 63
53 56
54 81
54 55
54 91
55 83
55 76
55 75
55 64
56 78
56 76
56 83
57 61
57 81
58 93
58 93
58 63
58 63
58 86
59 62
59 61
59 71
59 72
59 94
59 73
59 81
60 83
60 78
60 78
60 88
60 71
61 97
61 86
61 62
61 74
62 94
62 97
62 89
62 75
62 84
62 79
63 68
63 64
64 96
64 69
64 73
64 73
64 86
64 92
64 95
65 92
65 78
65 93
65 80
66 78
67 92
68 82
69 76
69 72
69 87
69 93
69 77
69 73
70 78
70 87
71 73
71 82
71 82
72 73
72 98
72 91
72 77
73 86
73 75
73 74
73 94
73 85
74 90
74 76
74 96
74 98
74 79
74 75
74 89
74 91
74 76
75 99
75 81
75 76
76 93
76 85
76 83
77 79
78 93
78 96
79 83
79 94
79 91
79 80
81 90
81 82
81 97
82 96
82 83
84 91
86 97
88 97
88 96
89 96
89 97
91 96
94 96
94 98
98 99
