0 53
0 30
0 65
0 39
0 88
0 75
0 47
0 78
0 17
1 74
1 18
1 51
1 34
1 95
1 69
1 7
1 73
1 94
1 45
1 19
1 68
1 85
1 58
2 12
2 14
2 93
2 12
2 61
2 91
2 76
2 58
2 47
2 4
2 19
2 77
2 34
3 81
3 55
3 26
3 39
3 54
3 93
3 8
3 28
4 73
4 54
4 23
4 82
4 98
4 24
4 35
4 19
4 15
4 89
4 78
5 12
5 76
5 69
5 58
5 46
5 32
6 47
6 12
6 37
6 73
6 17
6 72
6 66
6 74
6 63
6 88
6 53
6 23
6 35
6 37
7 23
7 65
7 89
7 15
7 67
7 41
7 38
7 32
7 72
7 16
8 15
8 75
8 64
8 68
8 66
8 24
8 90
8 26
8 22
9 32
9 49
9 21
9 98
9 98
9 31
9 10
9 90
9 25
9 55
10 15
10 47
10 20
10 69
10 77
10 24
10 31
11 76
11 33
11 46
11 23
11 76
11 75
11 64
11 38
11 35
11 48
12 71
12 90
12 30
12 90
12 42
13 58
13 14
13 20
13 22
13 24
13 32
13 26
13 26
13 55
14 99
14 65
14 57
14 30
14 94
14 43
14 65
14 27
14 52
14 77
15 37
15 60
15 94
15 55
15 37
15 34
15 54
15 35
15 61
16 30
16 78
16 86
17 83
17 68
17 48
17 75
18 19
18 57
18 89
18 35
18 67
18 74
19 38
19 67
19 52
19 37
19 23
19 65
20 25
20 50
20 83
20 91
20 91
20 86
20 90
20 32
21 67
21 86
21 78
21 45
21 77
21 61
22 78
22 39
22 52
22 26
23 38
23 30
23 98
23 87
23 99
23 71
23 96
23 55
23 53
24 79
24 70
24 67
24 91
24 26
24 28
24 88
24 86
24 71
24 88
24 54
25 70
25 81
25 96
25 39
25 49
25 97
25 74
25 71
25 56
25 76
25 92
25 53
25 90
25 72
26 88
26 61
26 41
26 83
26 58
27 97
27 30
27 31
27 70
27 41
27 95
28 77
28 80
28 79
28 82
28 75
28 36
28 91
28 40
28 83
28 68
29 82
29 91
29 40
29 34
29 59
29 58
29 31
29 47
29 37
29 75
30 62
30 97
30 69
30 74
30 70
30 90
30 69
31 66
31 86
31 66
31 41
31 85
31 87
31 74
32 70
32 37
32 99
32 95
32 86
32 44
32 61
32 52
33 43
33 73
33 65
33 61
33 67
33 63
33 70
34 83
34 90
34 65
34 55
34 39
34 89
35 86
35 70
35 95
35 66
35 39
35 81
35 38
35 58
35 91
35 63
35 91
36 88
36 73
36 73
36 51
37 82
37 96
37 93
37 69
37 70
37 81
37 78
37 70
38 88
38 63
38 66
39 91
39 95
39 81
39 43
39 49
39 52
39 97
39 86
39 99
40 58
40 96
40 42
40 72
40 57
41 97
41 59
41 47
41 84
41 82
41 84
41 80
42 71
42 86
42 70
43 50
43 93
43 45
43 48
43 60
43 83
43 68
44 85
44 93
44 60
44 72
44 64
44 74
45 47
45 65
45 60
45 68
45 81
46 75
46 84
46 54
46 91
46 70
46 78
46 92
47 89
47 61
47 99
47 59
47 68
47 53
48 73
48 92
48 82
48 91
48 98
48 55
48 74
48 60
48 91
48 81
49 51
49 85
50 85
50 81
50 58
50 84
50 98
50 59
50 54
51 52
51 83
51 52
51 77
51 52
51 59
51 95
52 62
52 78
52 83
53 95
53 72
53 70
53 87
53 94
53 90
54 71
54 83
55 62
55 72
55 97
55 86
55 61
56 67
56 66
56 87
56 63
57 77
57 90
57 71
57 88
57 82
57 76
58 66
58 94
58 90
58 59
58 94
58 73
59 85
59 88
59 94
59 90
60 86
60 62
60 93
60 80
61 87
61 80
61 93
61 68
61 64
62 63
62 88
63 65
63 83
63 69
63 84
64 67
64 86
64 94
64 71
65 66
65 66
65 83
65 80
65 91
65 93
66 76
66 94
66 85
67 74
67 87
67 79
67 86
68 92
68 79
69 95
69 83
69 70
70 99
70 89
70 81
71 83
71 83
72 99
72 87
72 82
73 82
74 87
75 77
76 95
76 85
76 81
77 99
77 96
77 87
78 80
79 93
79 80
80 88
82 84
83 88
84 96
87 97
88 90
90 96
92 94
95 96
