0 34
0 57
0 56
0 70
0 21
0 62
0 62
0 8
0 10
0 10
1 30
1 27
1 98
1 18
2 21
2 61
2 37
2 36
2 46
2 13
2 58
2 83
2 82
3 88
3 59
3 40
3 68
3 36
3 24
3 67
3 70
3 78
3 60
3 88
3 73
3 12
3 35
3 8
4 33
4 84
4 16
4 58
4 29
4 41
4 78
4 89
4 96
4 46
5 31
5 32
5 12
5 58
5 17
5 58
5 85
5 97
5 64
5 71
5 61
5 8
5 84
6 20
6 19
6 26
6 54
6 38
6 69
6 48
6 9
7 77
7 94
7 85
7 16
7 42
7 71
7 44
8 10
8 70
8 43
9 15
9 18
9 86
9 56
9 13
9 81
9 65
9 74
9 63
10 36
10 42
10 16
10 59
10 39
10 50
10 61
10 58
10 43
11 93
11 69
11 69
11 48
11 16
11 81
11 38
11 89
11 23
11 33
11 35
11 81
11 13
11 40
11 73
12 84
12 55
12 23
12 69
12 86
12 53
12 26
12 66
13 50
13 67
13 28
13 41
13 79
13 50
13 47
14 19
14 16
14 29
14 19
14 67
14 58
14 15
14 61
14 17
14 86
14 69
14 29
15 98
15 58
15 42
15 88
15 50
15 89
15 50
15 27
15 19
16 66
16 37
16 83
16 87
16 65
16 37
16 95
16 73
16 87
16 21
16 89
16 34
17 60
17 87
17 71
17 55
17 37
17 55
17 92
17 52
17 33
17 78
17 23
18 93
18 85
18 69
18 87
18 89
18 48
18 85
18 54
19 36
19 46
19 75
19 68
19 76
19 72
19 59
19 62
19 95
19 61
20 36
20 95
20 68
20 40
20 93
20 90
20 72
20 79
20 82
20 22
20 34
20 35
20 96
20 55
20 88
20 28
21 98
21 67
21 70
21 23
21 42
21 58
21 33
21 70
21 61
21 61
21 40
21 78
21 60
22 98
22 33
22 79
22 58
22 26
22 56
22 97
22 32
23 90
23 32
23 95
23 76
23 73
24 51
24 33
24 90
24 53
24 88
24 47
24 81
24 55
25 45
25 49
25 60
25 53
25 78
25 37
25 81
25 55
25 63
25 31
26 63
26 46
26 83
26 75
26 40
26 88
27 35
27 48
27 52
27 72
27 83
27 74
27 44
27 81
27 73
27 32
27 87
27 90
27 63
28 53
28 64
28 39
28 68
28 68
28 68
29 77
29 94
29 33
29 37
30 56
30 33
30 86
30 61
30 66
30 39
31 98
31 42
31 90
31 81
31 38
31 53
31 37
31 87
32 95
32 71
32 83
32 85
32 60
33 34
33 42
34 76
34 73
34 64
34 79
34 62
34 69
34 40
35 51
35 98
35 58
35 50
36 53
36 73
36 54
36 42
36 77
36 45
36 38
36 58
36 59
37 92
37 71
37 83
37 39
37 41
37 60
38 97
38 96
38 72
38 67
38 44
39 81
39 64
39 65
39 70
39 94
40 41
40 85
40 57
40 72
41 68
41 97
41 44
41 48
41 83
41 88
41 51
42 81
42 98
42 55
42 86
42 80
43 96
43 62
43 98
44 66
44 74
44 83
44 90
44 66
45 74
45 89
45 64
46 49
46 74
46 62
47 78
47 65
47 88
48 80
48 78
48 65
48 69
48 77
48 98
49 60
49 55
49 63
50 60
50 94
50 74
50 61
50 72
50 68
51 70
51 84
51 76
51 94
51 99
51 90
51 95
52 72
52 58
52 94
52 78
52 95
52 90
52 60
52 56
53 56
53 97
53 87
53 83
53 65
54 94
54 70
54 80
54 90
54 64
55 64
55 80
55 89
56 89
56 75
56 90
56 86
56 86
56 86
57 61
57 89
57 93
57 60
57 75
58 85
58 70
59 96
59 67
59 66
59 73
59 95
60 78
61 92
61 65
61 81
62 65
62 82
62 95
63 91
64 78
65 94
65 67
65 84
66 72
66 69
66 91
67 99
68 79
68 92
68 86
69 99
69 75
70 78
70 92
70 83
71 84
71 73
72 97
72 79
72 74
72 74
72 84
72 86
73 97
73 87
73 84
73 94
73 83
74 82
74 93
74 86
75 98
75 87
75 90
75 84
75 77
75 91
76 89
77 78
77 94
77 89
79 80
80 95
80 83
80 94
80 84
81 83
82 97
82 91
83 96
83 84
83 92
84 96
84 85
88 92
89 97
90 94
90 94
94 98
94 97
95 99
95 97
