0 91
0 38
0 45
0 21
0 74
0 67
1 3
1 40
1 4
1 94
1 6
1 56
1 2
1 31
1 37
1 79
1 30
1 33
1 20
2 76
2 33
2 25
2 50
2 16
2 85
2 60
2 90
2 90
2 35
3 58
3 67
3 40
3 29
3 8
3 98
3 53
3 95
3 32
3 69
3 92
3 77
4 71
4 59
4 94
4 12
4 64
4 89
4 72
4 49
4 20
4 14
5 61
5 10
5 9
5 59
5 91
5 55
5 18
5 53
6 17
6 89
6 57
6 47
6 83
6 99
6 96
6 13
6 56
6 52
7 18
7 82
7 34
7 75
8 42
8 54
8 51
8 16
8 65
8 62
8 26
8 80
9 32
9 39
9 50
9 66
9 96
9 19
9 12
9 90
9 28
10 67
10 12
10 40
10 16
10 28
10 61
10 35
10 61
10 97
10 83
10 64
10 35
10 38
11 24
11 45
11 36
11 58
11 88
11 70
11 24
11 74
11 60
11 40
11 91
12 87
12 46
12 33
12 33
12 66
12 84
12 59
12 45
13 63
13 23
13 97
13 80
13 35
13 89
13 17
13 82
14 67
14 62
14 74
14 62
14 24
14 67
14 38
15 37
15 23
15 75
15 71
16 42
16 47
16 73
16 33
16 93
16 66
16 75
17 33
17 67
17 77
17 48
17 48
17 61
17 98
17 33
17 78
17 84
18 66
18 91
18 51
18 68
18 71
18 56
18 93
18 19
18 80
19 34
19 72
19 92
19 92
19 42
19 87
20 42
20 45
20 51
20 35
20 91
20 47
21 50
21 28
21 75
21 63
21 60
22 83
22 72
22 27
23 72
23 68
23 64
23 45
23 71
23 33
23 69
24 88
24 33
24 36
24 58
25 42
25 89
25 89
25 33
26 84
26 62
26 73
26 27
26 84
26 59
27 28
27 86
28 65
28 41
28 47
28 39
28 76
28 35
29 46
29 78
29 73
29 62
29 90
29 79
29 93
29 77
29 43
29 34
30 68
30 86
30 37
30 98
30 94
30 71
30 98
31 64
31 94
31 90
31 58
31 91
31 78
31 73
31 41
31 78
31 74
31 85
31 76
32 70
32 81
32 69
32 54
32 91
32 97
32 59
32 39
32 51
33 54
33 94
33 37
33 38
33 60
33 87
33 62
33 90
34 53
34 60
34 93
34 84
34 75
34 88
34 73
34 74
34 99
35 54
35 90
35 39
35 71
35 66
35 95
36 71
36 70
36 74
36 87
36 82
36 48
36 48
37 81
37 38
37 72
37 88
37 63
37 74
37 63
38 50
38 75
38 93
38 85
38 41
39 42
39 89
39 82
39 56
39 46
40 50
40 87
40 55
40 59
41 97
41 75
41 87
41 54
41 57
41 58
41 45
42 49
42 86
42 43
42 71
42 95
42 96
42 72
42 93
43 62
43 56
43 51
43 82
43 97
43 69
43 62
44 72
44 51
44 71
44 80
44 48
44 76
44 80
45 83
45 76
45 85
46 51
46 95
46 58
46 62
46 51
47 88
48 99
48 75
48 71
48 77
49 80
49 53
49 78
49 57
49 87
49 76
50 73
50 76
50 68
50 86
50 99
50 67
51 78
51 65
51 88
51 98
51 89
51 80
51 93
51 99
52 72
52 58
52 76
52 99
53 87
53 77
53 87
54 74
54 57
54 79
54 83
55 92
55 74
55 87
56 70
56 99
56 63
56 79
56 99
57 74
58 86
58 72
58 73
58 92
58 71
59 73
59 94
59 65
59 83
59 63
60 98
60 73
60 75
60 65
61 86
61 68
62 69
62 98
62 85
62 77
62 88
62 87
63 77
63 81
63 83
63 93
64 74
64 73
64 87
64 80
65 82
65 98
65 74
66 71
66 95
66 99
66 69
66 92
67 83
67 92
68 96
68 81
68 89
69 86
69 96
70 87
70 74
70 99
71 85
71 78
72 74
72 74
73 94
73 91
73 97
73 85
73 87
74 82
74 80
74 78
74 75
74 77
74 75
74 99
75 77
75 76
75 76
76 80
76 95
77 88
77 94
77 96
78 94
79 90
79 86
79 85
79 81
79 92
79 83
80 95
80 91
81 92
81 96
81 85
81 91
81 82
81 86
82 95
82 93
82 86
82 87
83 89
84 89
84 91
84 99
85 98
86 97
86 96
87 98
88 96
89 98
90 97
90 94
91 93
91 98
92 95
92 97
92 93
93 98
95 98
95 99
95 96
97 99
