0 44
0 88
0 84
0 9
0 53
0 8
0 57
0 65
0 59
0 91
0 36
1 58
1 43
1 76
1 9
1 51
1 85
1 24
1 94
1 34
1 40
1 25
2 32
2 73
2 45
2 19
2 79
2 78
2 45
2 17
2 39
2 44
2 14
3 36
3 96
3 41
3 37
3 44
3 62
3 17
3 29
3 42
4 29
4 43
4 95
4 31
4 27
4 99
4 54
4 14
4 91
4 28
4 50
4 26
4 32
4 72
5 56
5 71
5 63
5 30
6 49
6 89
6 24
6 28
6 27
6 42
6 71
6 97
6 47
7 38
7 88
7 14
7 37
7 22
7 81
7 8
7 70
8 20
8 68
8 31
8 20
8 74
8 61
8 49
8 64
8 75
9 68
9 68
9 85
9 87
9 80
9 40
10 15
10 94
10 89
10 42
10 27
10 54
10 95
10 76
10 29
10 33
10 82
11 55
11 17
11 86
11 50
11 69
11 41
11 72
11 25
11 26
12 79
12 94
12 55
12 17
12 86
12 23
12 94
12 48
12 43
13 37
13 97
13 86
13 89
13 47
13 35
14 68
14 63
14 38
14 64
14 60
14 55
14 70
14 39
14 36
15 19
15 77
15 20
15 84
15 32
15 59
15 98
15 55
15 38
15 48
15 54
15 75
15 81
15 75
15 79
16 80
16 35
16 39
16 44
16 42
16 73
16 78
16 46
17 38
17 70
17 72
17 47
17 62
17 78
17 96
17 65
17 63
17 68
17 74
17 68
17 91
17 31
17 57
17 43
17 52
17 73
18 35
18 85
18 75
18 83
18 34
18 68
18 45
18 90
18 72
18 54
18 84
19 37
19 96
19 81
19 65
19 56
20 73
20 45
20 50
20 67
20 72
20 56
20 23
20 97
20 88
21 72
21 45
21 38
21 98
21 46
21 66
21 37
21 67
21 72
21 23
21 60
21 25
22 87
22 56
22 24
22 82
22 65
22 77
22 48
23 34
23 75
23 51
23 58
23 32
23 24
23 60
23 28
23 59
23 74
23 46
23 33
24 65
24 86
24 82
24 98
25 28
25 73
25 27
26 32
26 41
26 32
26 29
26 40
27 59
27 88
27 54
27 40
27 38
27 87
27 33
27 35
28 43
28 85
28 35
28 49
28 78
28 90
28 30
28 73
29 54
29 47
29 55
29 89
29 58
29 99
29 90
29 37
29 80
30 71
30 33
31 59
31 41
31 84
31 46
31 73
31 90
32 41
32 96
32 44
32 43
32 87
32 51
32 46
32 71
32 49
33 56
33 38
33 93
33 40
33 41
33 55
33 99
34 48
34 94
34 59
35 41
35 57
35 86
35 77
35 64
36 76
36 69
36 66
36 82
36 82
36 94
37 49
37 62
37 71
37 51
37 53
38 85
39 87
39 90
39 73
39 70
39 78
39 97
39 60
40 58
40 80
40 63
40 95
40 88
40 88
41 52
41 87
41 48
41 79
41 45
41 78
41 62
41 54
41 92
42 85
42 87
42 51
42 67
42 98
42 64
42 88
43 67
43 77
43 62
43 91
44 55
44 50
44 47
44 82
45 55
45 46
45 52
45 99
46 92
46 49
46 74
46 63
46 54
46 72
46 53
47 81
47 77
47 77
47 58
48 71
48 98
48 61
48 84
48 99
49 54
49 61
49 84
49 55
49 66
49 79
50 81
50 65
50 96
50 87
51 96
51 79
51 62
51 74
51 63
51 52
52 63
52 53
53 97
53 94
53 78
53 83
53 61
53 73
54 63
55 95
55 88
55 57
55 84
55 98
55 93
56 63
56 74
56 72
57 64
57 91
58 82
58 60
58 85
58 60
59 82
59 93
59 71
59 96
60 66
60 68
60 90
60 80
60 69
60 86
60 68
61 66
61 85
61 82
61 63
62 77
63 77
63 66
64 76
64 83
64 65
64 92
65 82
65 75
66 92
66 70
66 80
67 88
67 69
67 83
67 85
67 89
68 80
68 72
69 70
69 71
69 73
69 86
70 94
70 77
70 99
70 73
71 84
71 73
72 92
72 85
72 94
73 96
73 90
74 93
74 82
74 97
74 80
74 80
75 89
75 77
75 95
75 90
75 89
75 95
76 89
77 98
77 95
78 80
78 86
78 82
79 80
79 93
79 82
79 91
80 96
81 85
81 82
81 87
81 85
82 99
82 96
83 91
84 95
84 89
85 93
86 92
87 94
88 92
89 99
91 96
93 97
93 95
94 98
