0 41
0 87
0 37
0 89
0 77
0 90
1 71
1 23
1 99
1 62
1 5
1 49
1 5
1 36
1 45
1 24
1 27
1 24
1 39
1 20
2 25
2 66
2 58
2 35
2 55
2 39
2 34
2 67
2 8
2 27
2 41
3 68
3 27
3 77
3 48
3 20
3 38
3 87
3 11
3 24
3 30
4 5
4 10
4 80
4 98
4 87
4 20
4 8
4 48
5 55
5 73
5 8
5 33
5 52
5 75
5 30
5 74
6 34
6 16
6 17
6 57
6 65
6 38
6 62
6 34
6 11
6 50
6 98
6 52
6 54
6 37
6 64
7 14
7 41
7 61
7 13
7 51
7 32
7 95
8 15
8 57
8 66
8 33
8 89
8 67
8 9
8 46
8 16
9 28
9 19
9 33
9 52
9 83
9 92
10 49
10 27
10 11
10 20
10 30
10 34
10 84
11 77
11 62
11 59
11 91
11 58
11 34
12 41
12 35
12 21
12 83
12 98
12 18
12 28
12 51
12 40
13 17
13 52
13 36
13 96
13 21
13 75
13 34
13 65
13 53
13 38
13 52
14 42
14 75
14 82
14 66
14 77
14 84
14 39
14 30
15 84
15 40
15 86
15 74
15 55
15 16
15 78
15 51
15 99
15 32
16 63
16 22
16 48
16 25
16 57
16 67
16 78
17 44
17 46
17 42
17 21
17 72
17 23
17 35
18 49
18 39
18 52
18 56
18 86
18 35
19 72
19 66
19 55
19 88
19 22
19 34
19 53
19 63
20 51
20 51
20 71
20 56
20 38
20 91
20 21
21 85
21 25
21 85
21 85
22 56
22 74
22 52
22 70
23 93
23 93
23 48
23 63
23 59
23 61
23 30
23 58
23 97
24 57
24 31
24 65
24 51
24 77
24 53
24 59
24 88
24 86
25 88
25 53
25 86
25 67
25 76
25 54
25 67
26 90
26 34
26 27
26 62
26 92
26 29
26 66
26 53
26 59
27 77
27 57
27 63
27 93
27 67
27 59
27 77
27 29
27 62
27 57
27 80
28 34
28 40
28 29
28 40
28 93
28 35
28 39
28 81
28 31
29 76
29 44
29 87
29 61
29 92
29 94
29 30
30 77
30 67
30 62
30 97
30 86
30 44
30 61
30 38
31 33
31 62
31 33
31 40
31 64
31 85
31 70
32 54
32 73
32 53
32 42
32 37
32 75
32 66
32 36
32 88
33 37
33 70
33 58
33 60
33 36
33 76
33 89
33 46
34 46
34 59
34 61
34 80
34 66
34 93
34 43
34 93
34 91
34 50
34 84
35 92
35 73
35 99
35 79
35 67
35 81
35 36
35 43
36 89
36 60
36 94
36 58
36 98
36 94
37 86
37 76
37 65
37 88
37 45
37 87
37 79
38 51
38 59
38 57
38 85
38 86
38 78
38 92
38 74
38 46
38 90
39 90
39 68
39 91
39 41
39 98
40 72
40 42
40 74
40 98
40 96
40 95
40 43
41 64
41 46
41 74
41 60
41 95
42 94
42 56
42 68
42 44
42 63
43 73
43 57
43 44
43 94
43 52
43 46
43 56
43 50
43 65
43 46
44 77
44 57
44 68
45 63
45 53
45 82
45 49
45 73
45 92
45 86
45 93
46 63
46 56
47 83
47 74
47 85
47 81
47 49
47 92
47 68
47 79
48 62
49 60
49 66
49 55
50 76
50 77
50 83
50 64
50 99
51 83
51 67
52 66
52 59
52 78
52 86
52 90
53 89
53 94
53 84
53 75
54 55
54 67
54 60
54 56
55 63
55 88
55 92
55 59
55 80
56 91
56 76
56 84
56 67
56 82
57 77
57 96
57 99
57 88
57 84
57 90
57 82
57 87
58 78
58 98
58 61
58 60
58 64
59 69
59 78
59 79
60 81
60 68
60 75
61 92
61 83
61 73
61 96
62 98
62 66
62 87
62 97
62 82
63 67
63 98
63 83
63 83
63 86
63 84
64 98
64 86
64 68
64 66
65 82
65 76
66 83
67 71
67 83
68 90
69 79
70 90
70 73
70 88
70 79
70 75
71 95
71 83
71 82
71 98
72 84
73 98
73 93
74 92
74 96
74 98
74 85
75 93
76 95
76 97
76 93
78 84
79 86
80 86
80 97
81 89
81 84
81 92
82 88
83 91
83 89
83 97
83 88
84 95
85 86
86 93
87 95
88 97
88 91
89 91
90 97
90 99
91 94
92 97
92 94
95 98
