0 92
0 80
0 91
0 65
0 67
0 40
0 57
0 95
0 14
0 3
1 93
1 61
1 21
1 6
1 61
1 65
1 11
1 99
2 19
2 50
2 80
2 80
2 18
2 83
2 55
2 62
2 89
3 42
3 78
3 96
3 31
3 4
3 33
3 97
3 47
3 10
3 45
3 87
3 41
3 11
3 32
3 9
3 20
3 43
3 67
3 68
3 22
3 30
4 90
4 5
4 81
4 88
4 37
4 86
4 25
4 28
4 67
4 5
4 6
4 21
5 68
5 74
5 22
5 90
5 52
5 24
6 28
6 54
6 15
6 39
6 83
6 94
6 19
6 97
6 28
6 85
6 21
6 24
6 66
6 46
6 14
7 22
7 62
7 50
7 36
7 73
7 31
8 14
8 99
8 21
8 65
8 58
8 60
8 52
8 63
9 34
9 18
9 73
9 23
9 34
9 90
9 59
9 30
9 26
9 41
9 78
10 31
10 55
10 14
10 62
10 28
10 58
10 18
10 26
10 95
10 20
11 79
11 22
11 71
11 42
11 97
11 57
11 79
11 90
12 67
12 54
12 71
12 16
12 77
12 14
12 96
13 37
13 92
13 64
13 31
13 97
13 85
13 44
14 56
14 43
14 53
14 60
14 56
14 59
14 56
14 83
14 48
15 50
15 36
15 70
15 76
15 69
15 94
15 27
16 37
16 83
16 71
16 74
16 28
16 47
17 55
17 56
17 42
17 65
17 89
17 56
18 65
18 37
18 81
18 24
18 81
18 44
18 64
18 82
18 85
18 62
18 51
18 67
19 41
19 98
19 37
19 54
19 63
19 52
19 70
19 38
19 63
19 95
19 76
20 93
20 47
20 40
20 38
20 52
20 64
21 50
21 38
21 22
21 58
21 76
21 36
21 65
21 65
21 68
22 62
22 46
22 28
22 72
22 34
22 43
23 93
23 47
23 43
23 75
23 77
23 60
23 27
23 37
23 67
24 75
24 67
24 38
24 65
25 66
25 58
25 42
25 45
25 33
25 75
25 64
25 86
26 60
26 89
26 82
26 96
26 57
26 82
26 83
26 84
26 43
27 39
27 98
27 42
27 72
27 45
27 78
27 35
27 31
27 98
27 73
27 59
27 58
28 82
28 78
28 31
28 38
28 59
28 43
29 49
29 53
29 43
29 90
30 80
30 35
30 67
30 66
30 40
30 44
30 62
31 74
31 82
31 71
31 82
31 40
31 58
31 87
32 78
32 97
32 46
32 72
32 63
32 62
33 68
33 51
33 49
33 75
33 38
33 44
33 57
33 82
33 94
34 59
34 77
34 35
34 98
34 49
34 48
34 47
34 64
35 47
35 81
35 61
35 50
35 76
35 72
36 79
36 49
36 98
36 96
36 46
36 40
36 64
36 61
36 83
37 56
38 76
38 80
38 54
38 62
38 98
38 74
38 62
38 79
38 74
39 97
39 51
39 96
39 85
39 73
39 47
39 80
39 99
40 96
40 44
40 46
40 54
41 78
41 74
41 50
41 61
41 67
41 70
42 75
42 95
42 84
42 64
42 90
42 94
43 72
43 49
43 73
43 58
43 78
43 69
43 50
43 45
43 89
44 89
44 88
44 80
44 45
44 92
44 70
45 70
45 96
45 75
45 73
45 91
46 87
46 63
46 94
47 53
47 93
47 54
48 92
48 53
48 52
48 59
48 55
48 52
48 94
49 89
49 67
49 83
49 89
50 89
50 53
50 51
50 92
50 58
51 96
51 57
51 73
51 90
51 85
52 82
52 94
52 75
52 70
54 66
54 92
55 61
55 81
55 92
55 95
56 67
56 93
57 78
57 63
57 85
57 76
57 58
57 63
57 73
58 74
58 86
58 74
58 92
59 74
59 91
59 87
59 88
60 63
60 76
61 74
61 85
61 99
61 89
61 81
62 91
62 64
62 86
62 74
62 86
62 82
63 75
63 85
63 70
64 98
64 99
64 94
64 99
65 74
65 66
65 75
65 95
65 98
65 72
66 88
66 88
66 79
66 84
66 72
66 82
67 96
67 95
67 80
68 83
68 88
68 89
69 88
69 99
69 78
70 76
70 84
71 98
71 76
73 97
74 77
74 97
75 82
75 92
75 97
75 83
76 93
76 87
77 86
77 82
77 81
79 82
80 97
80 87
80 90
81 91
82 98
83 84
83 99
84 89
84 90
84 98
85 92
86 99
87 99
87 93
88 91
89 96
91 94
94 98
94 95
97 98
