0 58
0 31
0 36
0 51
1 36
1 59
1 10
1 46
1 58
2 98
2 21
2 27
2 21
2 58
2 34
2 66
3 81
3 44
3 93
4 82
4 24
4 64
4 95
4 7
4 24
4 34
4 83
4 81
4 85
4 25
5 37
5 19
5 39
5 74
5 11
5 57
6 14
6 39
6 47
6 92
6 47
6 84
6 48
6 40
6 44
6 29
6 46
6 59
7 75
7 32
7 59
7 51
7 24
7 17
7 17
7 52
7 23
8 81
8 29
8 64
8 56
8 71
8 82
8 24
8 13
8 14
8 30
9 82
9 47
9 92
9 99
9 71
9 14
9 35
9 75
9 64
9 51
9 55
9 11
9 17
10 56
10 53
10 86
10 26
10 77
10 11
11 91
11 13
11 26
11 83
11 65
12 71
12 63
12 79
12 87
12 68
12 48
12 80
12 18
12 21
12 95
12 97
13 83
13 16
13 82
13 62
13 45
13 48
14 20
14 54
14 64
14 87
14 79
14 24
15 72
15 74
15 61
15 82
15 78
15 57
15 26
16 18
16 78
16 23
16 31
16 18
16 24
16 66
16 22
16 98
16 59
16 76
17 96
17 82
17 21
17 50
17 64
17 95
17 44
17 72
17 55
17 27
18 55
18 19
18 79
18 70
18 22
19 65
19 70
19 78
19 67
19 40
19 83
19 93
19 35
19 85
20 45
20 40
20 26
20 55
20 64
20 36
20 79
20 80
20 67
20 97
21 25
21 60
21 57
21 38
21 48
21 61
21 40
21 47
21 62
21 50
21 44
21 41
21 47
22 77
22 29
22 48
22 72
22 48
22 44
22 47
22 25
23 67
23 53
23 71
23 24
23 55
24 83
24 99
24 92
24 26
24 60
24 43
25 61
25 26
25 53
25 40
25 42
25 61
25 69
25 94
26 49
26 36
26 27
26 99
26 45
26 49
26 52
26 29
26 48
26 56
26 86
26 32
27 45
27 43
27 48
27 94
27 46
27 28
27 43
28 73
28 71
28 83
28 99
28 46
28 30
28 53
28 85
29 37
29 80
29 82
29 81
29 38
29 70
29 80
29 56
29 46
29 78
29 97
29 78
30 42
30 89
30 65
30 42
30 70
30 38
30 53
30 46
30 49
31 52
31 40
31 91
31 68
31 37
31 67
31 41
31 88
31 94
31 66
31 99
32 94
32 65
32 79
32 47
32 97
32 93
32 76
32 76
32 53
33 94
33 42
33 40
34 96
34 47
34 77
34 42
34 49
34 94
34 52
35 61
35 56
35 46
35 49
35 58
36 63
36 76
36 78
36 60
36 94
36 59
36 80
37 73
37 62
38 56
38 91
38 65
38 45
38 49
38 70
39 40
39 65
39 93
39 96
40 58
40 43
40 51
40 94
40 60
40 58
40 88
40 80
40 48
40 59
41 75
41 62
41 89
41 98
41 73
41 44
41 77
41 99
41 91
42 98
42 91
42 91
42 94
43 92
43 45
43 57
43 91
44 91
44 68
44 70
44 87
45 74
45 48
45 47
45 56
46 80
46 66
46 99
46 53
47 95
47 89
47 65
47 71
47 67
47 91
47 63
47 84
47 68
47 50
47 61
47 84
47 75
47 96
48 96
48 89
48 89
48 84
49 94
49 94
50 56
51 98
51 74
51 54
51 72
51 73
51 92
51 95
51 56
52 87
52 66
52 87
52 99
52 71
52 61
52 71
52 83
53 59
53 85
53 62
53 66
53 99
53 66
53 63
54 86
54 62
54 93
54 57
54 80
54 65
55 95
55 99
55 93
55 57
55 58
56 69
56 59
56 68
56 85
56 87
56 84
56 96
57 60
58 73
58 67
58 99
58 65
58 92
59 71
59 81
60 68
60 73
60 94
60 64
60 87
60 94
61 65
61 96
61 64
61 88
61 98
62 94
62 79
63 72
64 66
64 94
64 92
64 71
65 77
65 91
65 91
66 68
66 80
66 84
66 70
67 91
67 77
67 82
67 70
68 87
68 78
69 92
69 87
69 86
70 82
70 78
70 88
71 80
71 99
71 77
72 94
72 73
73 75
73 93
74 87
74 90
74 79
75 83
76 97
76 94
76 84
76 80
76 86
77 93
77 97
78 86
78 96
78 93
79 87
79 98
80 86
80 86
80 85
81 82
81 96
81 90
82 93
82 94
83 88
83 96
84 88
85 95
86 99
86 97
86 90
86 97
88 99
89 96
89 95
90 99
91 96
94 96
95 99
