0 66
0 84
0 54
0 47
1 42
1 8
1 61
1 36
1 46
1 14
1 82
1 22
1 12
1 42
1 93
1 15
2 14
2 6
2 86
2 47
2 75
2 23
2 24
2 81
2 49
2 3
2 58
2 98
3 92
3 54
3 55
3 48
3 55
3 74
3 82
3 5
4 62
4 12
4 83
4 31
4 28
4 9
4 79
4 32
4 93
4 90
4 20
4 87
5 61
5 49
5 72
5 20
5 44
5 15
5 38
5 51
5 74
6 25
6 40
6 19
6 36
6 46
7 19
7 71
7 84
7 98
7 76
7 54
7 70
7 44
8 31
8 80
8 16
8 59
8 17
8 23
8 98
8 76
8 74
8 78
9 70
9 95
9 47
9 42
9 58
9 86
9 50
10 63
10 50
10 15
10 75
10 20
11 25
11 26
11 61
11 98
11 81
12 96
12 62
12 78
12 85
12 32
12 44
12 41
12 51
12 56
12 36
12 98
12 65
12 64
12 53
13 22
13 71
13 72
13 69
13 29
13 15
13 15
13 35
13 65
13 35
14 57
14 85
14 21
14 38
15 33
15 64
15 55
15 44
15 49
15 17
15 75
15 94
16 93
16 44
16 75
16 27
16 63
16 60
16 50
16 28
17 94
17 84
17 91
17 50
17 84
17 90
17 55
17 42
17 32
17 19
17 35
17 72
17 80
18 39
18 22
18 78
18 73
18 66
18 98
18 87
18 78
18 36
18 81
19 84
19 74
19 48
19 99
19 37
19 66
19 28
19 71
19 91
19 79
20 21
20 41
20 84
20 34
20 32
20 87
20 97
20 68
20 67
20 30
20 69
21 98
21 41
22 31
22 45
22 98
22 60
22 95
22 46
22 74
23 89
23 36
23 30
23 70
23 43
23 84
24 55
24 86
24 27
24 55
24 88
24 56
24 37
25 91
25 81
25 61
25 55
25 58
25 62
25 76
25 51
25 96
25 71
25 74
25 41
26 71
26 38
26 44
26 36
26 41
26 54
26 57
26 37
26 75
27 39
27 78
27 56
27 38
27 63
27 29
28 36
28 70
28 57
28 71
28 74
28 38
28 48
28 32
28 53
29 43
29 49
29 44
29 76
29 56
29 51
30 66
30 59
30 78
30 70
30 93
31 54
31 52
31 55
31 87
31 75
32 52
32 88
32 82
32 45
32 95
32 46
32 96
32 56
32 69
32 64
32 89
32 73
33 39
33 87
33 41
33 89
33 35
34 44
34 96
34 77
34 52
34 41
34 75
34 44
34 47
35 42
35 93
35 48
35 43
35 69
35 79
35 86
35 36
36 98
36 95
36 54
36 65
36 96
37 41
37 47
37 71
37 76
37 64
38 45
38 88
38 86
38 97
38 72
39 76
39 90
39 70
39 86
39 89
39 99
39 89
39 83
39 60
39 69
39 88
40 62
40 50
40 72
40 86
40 94
40 67
40 41
41 74
41 72
41 45
41 57
41 50
42 94
42 65
42 87
42 81
42 68
42 57
42 45
42 66
42 52
43 64
43 83
44 50
44 78
44 87
44 45
44 50
44 71
44 51
44 62
45 67
45 93
45 66
46 96
47 81
47 61
48 94
48 68
48 49
48 62
48 65
48 91
49 90
49 78
49 80
49 99
49 92
50 72
50 68
50 98
50 64
50 75
50 74
51 84
51 94
51 59
51 64
51 59
51 86
52 74
52 80
52 80
52 57
53 95
53 81
53 69
53 95
54 61
54 71
54 57
55 88
55 81
55 70
55 88
56 75
56 70
58 92
58 83
58 88
58 84
58 86
59 62
59 95
59 70
59 87
59 84
59 89
60 81
60 62
60 70
61 68
61 69
61 80
61 79
62 70
62 71
62 97
63 85
63 82
64 79
64 73
64 91
64 79
64 78
64 67
64 88
64 75
65 93
65 85
65 72
65 68
65 90
65 76
65 95
65 83
65 75
65 84
66 97
66 96
66 70
67 89
67 68
67 94
67 69
67 98
68 93
68 69
69 90
69 81
69 98
69 81
69 83
70 71
70 98
70 82
70 87
70 77
71 94
71 92
72 76
72 83
72 94
72 91
72 84
73 88
73 93
74 77
75 78
75 94
75 98
75 78
76 86
76 77
76 79
76 82
77 94
77 86
77 82
78 91
78 96
79 92
80 92
80 96
81 95
82 98
83 94
85 94
85 89
86 90
86 87
87 92
87 96
87 98
88 91
89 93
89 96
89 91
90 98
91 92
93 94
94 99
