0 16
0 76
0 65
0 50
0 86
0 5
0 80
0 89
0 38
0 29
1 32
1 72
1 24
1 91
1 78
1 33
2 78
2 45
2 4
2 11
2 90
2 51
2 91
2 62
2 13
2 89
2 32
2 85
2 89
2 56
2 34
2 41
3 37
3 5
3 11
3 84
3 37
3 58
3 45
3 92
3 8
3 18
3 84
3 32
4 22
4 86
4 62
4 94
4 40
4 67
4 33
4 14
5 62
5 37
5 91
5 86
5 44
5 88
5 35
5 21
5 32
5 97
5 91
5 18
6 81
6 87
6 70
6 38
6 96
7 22
7 18
7 26
7 15
7 73
7 14
7 27
7 38
8 92
8 24
8 57
8 38
8 79
8 41
8 73
8 20
8 44
8 49
8 63
8 98
8 72
8 74
9 39
9 70
9 35
9 22
9 46
9 62
9 83
9 87
9 39
9 73
9 29
9 53
9 28
9 40
9 78
9 41
10 58
10 52
10 31
10 36
10 27
10 82
11 43
11 57
11 80
11 57
11 13
11 81
11 22
11 89
11 59
11 90
11 67
11 14
11 59
12 50
12 62
12 41
12 98
12 32
12 79
12 70
12 85
13 98
13 51
13 24
13 34
13 79
13 55
13 31
13 89
14 25
14 83
14 27
14 83
14 92
14 42
14 80
14 80
14 68
14 36
14 71
14 24
15 38
15 71
15 44
15 88
15 43
15 58
16 67
16 28
16 34
16 80
16 34
16 25
16 99
16 27
17 65
17 91
17 74
17 41
17 45
17 94
17 80
17 76
17 42
18 22
18 62
18 91
18 43
18 78
18 47
18 28
18 95
19 58
19 24
19 88
19 75
19 57
20 50
20 32
20 31
21 81
21 30
21 25
21 62
21 96
21 63
21 95
22 47
22 32
22 43
22 23
22 58
22 39
22 51
23 65
23 77
23 37
23 95
23 92
24 89
24 32
24 43
24 59
24 60
24 28
24 68
25 37
25 93
25 70
25 32
25 61
25 43
25 51
25 83
25 66
25 46
25 54
25 80
26 77
26 69
26 69
26 97
26 59
26 68
26 29
26 79
26 47
26 90
26 63
27 59
27 71
27 80
27 33
27 77
27 96
27 89
27 82
27 97
27 56
28 71
28 61
28 79
28 76
28 58
28 96
28 46
28 94
28 72
28 38
29 70
29 78
29 64
29 72
29 45
29 87
29 47
29 96
29 86
29 69
29 39
29 69
29 33
29 96
30 84
30 68
30 97
30 55
30 88
31 89
31 40
31 46
31 41
31 96
31 73
31 34
31 91
31 49
32 97
32 44
32 52
32 76
32 44
32 56
32 59
32 91
32 36
32 91
33 46
33 97
33 98
33 65
33 37
34 63
34 80
34 40
34 73
34 79
34 60
34 52
34 38
35 75
35 64
35 82
35 90
35 62
35 44
36 56
36 85
36 73
36 85
36 65
36 47
36 79
37 48
37 88
37 69
37 73
37 94
37 62
37 66
37 91
38 57
38 91
38 47
39 52
39 61
39 77
39 75
39 68
40 60
40 49
41 51
41 75
41 82
41 89
42 63
42 58
42 51
42 56
42 82
42 58
42 87
42 85
42 73
42 95
43 81
43 52
43 99
43 45
43 51
43 69
44 65
44 81
44 68
44 85
44 97
44 54
44 99
44 74
45 99
45 51
45 76
45 51
45 58
45 55
46 83
46 70
46 56
46 97
46 85
46 73
47 80
47 67
47 55
47 53
47 50
47 65
47 99
47 81
47 82
47 49
48 74
48 82
49 56
49 87
49 69
49 94
49 96
49 62
49 98
49 87
49 51
50 82
50 68
50 64
50 80
51 90
51 71
52 96
52 81
52 66
52 92
53 75
53 80
53 72
53 55
54 82
54 76
54 96
55 61
55 90
56 64
56 68
56 80
56 62
58 96
58 67
58 85
59 74
59 77
59 79
59 85
59 76
59 84
60 77
60 98
60 94
61 67
61 76
61 80
62 96
62 91
62 87
63 92
63 83
63 79
64 93
65 79
65 88
65 92
66 85
66 67
66 87
67 93
67 92
68 99
69 95
69 85
69 95
70 72
70 88
71 79
71 99
71 95
71 90
71 96
72 97
72 74
72 93
72 89
73 90
73 78
73 80
73 96
73 88
74 80
74 98
74 78
76 81
76 80
76 79
77 88
77 97
79 84
79 88
81 97
81 94
81 83
82 99
82 98
82 98
84 99
87 89
88 97
88 96
88 92
93 96
