0 96
0 40
0 93
0 89
0 82
0 95
0 10
0 32
1 50
1 53
1 39
1 48
1 56
1 25
1 51
2 21
2 14
2 26
2 40
2 92
2 93
2 59
2 87
2 25
2 93
2 31
2 25
3 88
3 79
3 92
3 38
3 11
3 46
3 88
4 10
4 54
4 78
4 87
4 65
4 48
4 99
5 93
5 83
5 80
5 19
5 29
5 50
5 6
5 48
5 80
5 30
5 92
5 27
5 15
6 40
6 22
6 64
6 91
6 19
6 45
6 7
6 68
6 8
7 76
7 16
7 53
7 89
7 83
7 79
8 88
8 78
8 21
8 91
8 75
8 79
8 91
8 63
8 94
8 45
8 34
9 61
9 51
9 68
9 74
9 90
9 97
10 50
10 12
10 27
10 51
10 32
10 53
10 15
10 64
10 47
10 85
10 29
11 36
11 37
11 96
11 65
11 31
11 52
11 19
11 76
11 28
11 62
12 24
12 94
12 24
12 49
12 60
12 23
12 50
12 33
12 92
12 19
12 63
12 38
13 91
13 40
13 42
13 17
13 54
13 34
13 55
13 77
14 54
14 91
14 43
14 65
14 24
14 20
14 71
14 61
15 38
15 65
15 68
15 32
15 80
15 79
15 77
15 58
16 62
16 39
16 54
16 73
16 27
16 84
16 82
16 56
16 25
17 96
17 85
17 28
17 82
17 71
17 43
17 23
17 47
17 32
17 37
17 61
17 58
17 99
17 35
17 96
18 74
18 37
18 26
18 61
18 22
18 65
19 28
19 91
19 73
19 60
19 24
19 22
19 84
19 71
19 61
20 62
20 84
20 57
20 57
20 49
20 90
20 30
21 38
21 28
21 65
21 57
21 47
21 55
21 74
22 33
22 87
23 55
23 68
23 87
23 80
23 71
23 30
23 68
23 63
23 66
24 98
24 64
24 78
24 81
24 89
24 43
24 88
25 64
25 79
25 96
25 42
25 53
25 33
25 26
26 93
26 34
26 42
26 50
26 67
26 50
26 45
26 74
26 52
26 82
27 84
27 84
28 69
28 31
28 42
28 76
28 85
28 36
28 30
28 34
29 70
29 96
29 82
29 85
29 80
29 99
30 78
30 66
30 74
30 97
31 48
31 56
31 70
31 42
31 60
31 83
32 78
32 45
32 90
32 91
32 52
33 86
33 47
33 92
33 86
33 45
33 84
34 62
34 43
34 62
35 43
35 39
35 53
35 94
35 56
35 99
35 80
36 61
36 43
36 64
36 95
36 69
37 88
37 70
37 47
37 84
37 96
37 38
37 96
37 44
37 44
38 80
38 56
38 49
38 68
38 61
38 68
38 52
38 49
38 70
39 69
39 60
39 75
39 40
39 97
40 76
40 96
40 49
40 95
40 66
41 57
41 48
41 98
41 96
42 56
42 55
42 92
43 97
43 62
43 72
43 49
43 72
43 72
44 90
44 67
44 98
44 52
44 93
45 78
45 73
45 74
45 90
45 65
45 89
45 90
46 74
46 77
46 61
46 86
46 81
46 83
46 62
46 89
46 63
46 68
47 51
47 84
47 91
47 51
47 96
47 74
47 90
47 59
47 83
47 68
48 49
48 74
48 52
49 57
49 86
49 80
50 74
50 56
50 54
51 67
51 64
51 53
52 73
52 57
52 54
52 55
52 86
52 58
53 64
53 74
53 84
53 99
53 64
53 65
53 81
54 69
54 81
54 69
54 80
55 65
55 57
55 56
55 74
55 62
56 68
56 76
56 79
57 65
57 65
57 94
57 70
58 64
58 69
58 86
59 77
59 82
59 73
59 90
59 69
59 77
59 65
59 71
59 86
59 91
60 66
60 79
60 79
61 73
61 93
61 85
61 84
61 63
61 85
61 88
62 80
62 98
62 67
62 97
62 97
63 80
63 99
63 69
63 72
63 80
64 86
65 74
65 83
65 78
66 70
67 99
67 86
67 88
68 77
68 75
69 81
69 72
69 72
69 90
70 86
70 76
70 75
71 78
71 76
72 83
72 93
72 99
72 81
73 87
73 76
74 89
75 89
76 90
76 99
76 92
77 84
78 90
78 81
78 99
79 87
79 91
79 98
79 81
80 85
80 93
80 82
80 97
82 93
82 90
82 86
83 85
83 91
83 95
83 98
83 99
84 96
84 92
85 96
85 86
85 97
86 97
86 87
86 88
87 92
87 92
87 96
87 95
88 90
88 89
90 96
90 94
90 92
91 95
92 93
93 96
