0 37
0 84
0 47
0 1
0 21
0 63
0 35
0 41
0 11
0 34
0 61
1 30
1 49
1 52
1 83
1 87
1 49
1 40
1 87
1 16
1 87
1 12
2 48
2 67
2 61
2 17
2 12
2 44
2 99
2 60
2 57
3 47
3 62
3 76
3 11
3 7
3 96
3 58
3 14
3 49
3 85
3 97
3 15
3 64
3 87
3 20
3 83
3 76
3 70
4 50
4 27
4 82
4 80
4 96
4 64
5 46
5 62
5 86
5 53
5 65
5 35
5 46
5 21
5 8
5 91
5 59
5 37
6 27
6 31
6 60
6 12
6 95
6 74
6 12
6 50
7 84
7 12
7 86
7 13
7 99
7 74
8 53
8 82
8 95
8 44
8 64
8 89
8 89
8 30
8 62
8 94
8 31
8 42
8 83
9 73
9 95
9 57
9 37
9 31
9 65
9 68
9 86
9 26
9 67
9 37
10 76
10 25
10 29
10 82
10 22
10 79
10 95
10 22
11 34
11 44
11 24
11 96
11 42
11 96
11 97
11 38
11 36
11 43
12 24
12 31
12 62
12 43
12 19
12 92
12 58
12 98
12 57
13 32
13 85
13 49
13 67
13 42
13 69
13 76
13 71
13 41
13 92
13 19
14 90
14 83
14 68
14 68
14 73
14 72
14 37
14 38
14 89
15 50
15 41
15 23
15 93
15 65
15 95
15 66
15 23
15 61
16 98
16 63
17 68
17 81
17 46
17 33
17 55
17 94
17 80
17 74
17 36
17 94
18 90
18 71
18 83
18 48
18 32
18 66
18 77
19 91
19 86
19 68
19 55
19 90
19 86
19 37
19 98
19 51
20 75
20 24
20 78
20 29
20 60
20 51
20 46
20 62
20 24
21 28
21 87
21 79
21 45
21 93
21 42
21 50
22 73
22 61
22 92
22 82
22 34
23 47
23 41
23 58
23 54
23 26
23 58
23 78
23 92
23 86
23 77
23 51
23 26
24 54
24 87
24 38
24 31
24 42
24 82
25 31
25 66
25 64
25 87
25 77
26 29
26 47
26 76
27 64
27 38
27 79
27 51
27 51
27 80
27 95
27 94
28 85
28 47
28 96
28 46
28 58
28 49
28 35
28 42
28 91
29 61
29 35
29 77
29 31
29 84
29 69
30 39
30 61
30 85
30 40
30 79
30 49
31 98
31 78
31 61
31 80
31 92
31 36
31 83
31 92
31 46
32 97
32 42
32 66
32 44
32 93
32 84
32 89
32 70
32 47
33 78
33 34
33 55
33 67
33 75
33 53
34 56
34 97
34 52
34 45
34 75
35 69
35 93
35 74
35 77
36 38
36 55
36 81
36 72
36 88
36 98
36 69
36 96
36 65
36 47
37 70
38 82
38 74
38 66
38 45
38 42
38 94
38 99
38 82
38 93
38 72
38 46
38 71
39 45
39 66
39 85
39 64
39 54
39 81
40 58
40 96
40 43
40 53
40 64
40 71
40 86
41 52
42 81
42 72
42 82
42 67
42 49
43 70
43 75
43 99
43 92
44 90
44 49
44 95
44 45
45 80
45 57
45 52
45 73
46 65
46 51
46 86
46 68
46 86
46 82
46 50
47 95
47 78
47 66
47 93
48 82
48 84
48 69
48 89
48 99
48 54
48 63
48 87
48 87
49 69
49 74
49 76
49 54
49 81
49 84
49 88
49 79
50 90
50 77
50 82
50 82
51 89
51 81
51 83
52 97
52 79
52 76
53 67
53 56
53 83
53 62
54 82
54 70
55 68
55 79
55 57
56 95
56 58
56 91
56 59
56 66
56 85
57 60
57 79
57 96
57 69
58 92
58 74
58 91
58 61
59 71
59 77
59 86
59 78
60 74
60 77
60 82
61 89
61 71
61 84
61 73
61 77
61 62
61 71
62 65
62 74
62 73
62 83
62 95
62 76
62 77
62 70
62 88
63 91
63 70
63 83
63 93
64 83
64 97
64 97
64 96
65 92
65 78
65 87
66 79
66 92
67 91
67 98
67 94
68 87
68 89
68 94
69 92
69 73
69 71
70 97
70 79
70 84
70 91
71 86
71 81
71 76
72 94
72 99
72 79
73 98
74 81
74 84
75 93
76 80
77 92
77 86
78 91
78 87
79 94
79 94
79 81
79 87
79 85
80 82
80 91
81 86
82 96
82 85
83 87
83 99
84 96
85 93
85 95
87 90
88 90
88 95
89 92
89 94
89 93
91 98
94 97
