0 56
0 86
0 87
0 79
0 21
0 60
0 85
0 94
0 52
0 41
0 41
1 8
1 87
1 55
1 55
1 12
1 94
1 50
1 30
1 80
1 40
1 56
1 66
1 18
2 77
2 52
2 75
2 25
2 76
2 4
2 77
2 51
2 20
2 13
3 97
3 10
3 93
3 8
3 9
3 52
3 99
3 88
3 84
3 79
3 99
4 48
4 12
4 41
4 25
4 31
4 23
4 18
4 67
4 18
5 75
5 87
5 90
5 84
5 90
5 42
5 34
5 39
6 49
6 94
6 21
6 89
6 49
6 29
6 92
6 34
6 50
6 51
7 25
7 21
7 31
7 31
7 76
7 60
7 52
7 51
7 47
7 37
7 58
8 51
8 83
8 40
8 83
8 66
8 29
8 79
8 83
8 74
9 94
9 70
9 87
9 80
9 85
9 53
9 56
9 56
9 25
9 11
9 98
9 11
10 12
10 69
10 34
10 75
10 49
10 86
10 21
10 21
10 31
11 81
11 74
11 36
11 92
11 84
12 98
12 41
12 69
12 37
12 21
12 29
12 30
12 97
12 77
12 78
13 87
13 29
13 15
13 56
13 92
13 34
13 20
13 43
14 45
14 57
14 22
14 80
14 89
14 89
14 49
14 18
14 55
14 74
15 59
15 30
15 55
15 16
15 92
15 46
15 96
15 78
15 57
15 29
15 62
15 78
16 27
16 24
16 97
16 51
16 73
16 66
16 71
16 98
17 74
17 22
17 39
17 95
17 24
17 99
17 74
17 31
17 18
17 55
18 72
18 58
18 52
18 31
18 70
18 20
18 39
18 95
18 39
19 55
19 38
19 30
19 88
19 87
19 81
19 21
19 43
19 54
20 22
20 85
20 74
20 92
20 55
20 47
20 72
20 87
20 86
20 88
21 50
21 54
21 55
21 25
21 57
21 35
21 90
21 74
22 34
22 74
22 25
22 36
22 30
22 36
23 89
23 41
23 76
23 59
23 40
23 41
23 88
23 65
23 90
24 38
24 37
24 47
24 69
24 68
24 76
25 92
25 50
25 74
25 30
25 95
26 28
26 73
26 48
26 94
26 39
27 93
27 48
27 35
27 60
27 37
28 98
28 75
28 34
28 81
28 93
28 33
28 57
28 50
28 91
29 52
29 97
29 57
29 64
29 88
30 63
30 49
30 95
30 62
30 41
30 70
30 80
30 55
31 96
31 76
32 97
32 60
32 79
32 51
32 88
33 46
33 64
33 96
33 55
33 93
33 78
33 37
33 42
33 53
33 58
33 43
34 86
34 80
35 39
35 55
35 90
35 51
35 39
35 75
35 87
36 69
36 80
36 87
37 72
37 54
37 97
37 88
37 67
37 53
37 94
38 41
38 91
38 66
38 45
38 70
38 78
38 80
39 89
39 46
39 41
39 51
39 65
40 50
40 65
40 77
40 67
40 92
40 81
40 71
40 60
40 42
40 50
40 76
40 59
40 94
40 67
40 55
41 53
41 92
41 94
41 84
41 87
41 85
41 81
41 47
42 95
42 51
42 85
43 47
43 88
43 82
43 53
43 98
43 90
43 75
43 84
44 91
44 91
44 61
44 75
44 99
44 62
45 55
45 83
45 88
45 59
45 88
46 64
46 78
46 54
46 66
46 80
46 71
47 80
47 59
47 49
47 88
47 86
48 69
48 90
48 53
49 71
49 54
49 99
49 74
49 63
49 83
50 78
50 73
50 81
50 71
52 81
52 81
52 92
52 99
52 57
52 64
52 74
53 90
53 68
53 88
53 89
53 93
53 58
53 64
53 59
54 74
54 83
54 93
55 88
55 84
55 78
56 98
56 90
57 85
57 59
57 80
57 98
58 59
58 66
58 66
59 61
59 85
59 74
60 66
60 74
60 63
60 69
60 73
61 84
61 89
61 99
61 94
61 82
62 99
62 86
62 67
62 88
62 76
63 95
63 96
63 81
63 89
63 85
64 73
64 94
64 99
65 85
65 70
65 80
66 85
66 71
66 94
67 85
67 79
67 94
67 99
68 99
68 70
68 69
68 94
69 79
69 86
69 71
69 70
70 83
70 82
70 99
71 97
71 78
71 86
71 90
71 76
72 82
72 86
72 98
72 91
73 92
73 90
73 92
73 77
74 75
74 81
74 87
75 95
75 92
77 82
78 85
79 89
80 95
81 88
82 84
82 99
82 89
85 89
85 93
85 95
86 98
87 92
87 97
91 94
91 94
95 98
