0 21
0 90
0 42
0 83
0 51
0 78
0 53
0 42
0 44
0 25
1 83
1 66
1 68
1 34
1 81
1 9
1 57
1 14
2 17
2 47
2 27
2 87
2 5
2 61
3 23
3 46
3 22
3 4
3 88
3 34
3 38
3 83
4 58
4 22
4 57
4 55
4 6
4 68
4 58
4 84
4 80
4 26
5 88
5 18
5 65
5 35
5 40
5 20
5 32
5 86
5 69
5 94
6 31
6 35
6 12
6 70
6 92
6 62
7 24
7 38
7 79
7 66
7 63
7 82
8 63
8 75
8 41
8 41
8 39
8 69
8 78
8 53
8 36
8 12
8 29
8 30
9 52
9 90
9 10
9 97
9 67
9 88
9 27
9 12
9 60
9 40
10 87
10 32
10 21
10 96
10 77
10 73
10 86
10 26
10 98
10 86
10 61
10 25
10 25
10 42
10 18
10 51
11 50
11 43
11 58
11 81
11 20
11 51
11 40
11 34
12 58
12 58
12 46
12 73
12 26
12 64
12 30
12 75
13 37
13 31
13 25
13 26
13 20
13 15
13 75
13 85
13 15
13 60
13 24
13 75
13 90
13 31
13 74
13 23
13 16
14 84
14 49
14 89
14 98
14 42
14 38
14 45
14 22
15 21
15 80
15 27
15 69
15 47
15 99
15 55
15 64
16 66
16 74
16 62
16 59
16 95
16 54
16 81
16 96
17 60
17 46
17 59
18 33
18 97
18 99
18 67
18 42
18 98
19 94
19 52
19 27
19 92
19 23
19 86
20 32
20 96
20 59
20 58
20 44
20 25
21 82
21 58
21 70
21 26
21 89
21 58
21 77
22 77
22 54
22 70
22 44
22 51
22 47
22 34
23 51
23 35
23 31
23 75
23 71
23 80
23 63
23 24
24 46
25 38
25 34
25 48
25 49
25 52
25 96
25 62
25 42
25 27
25 92
25 53
25 88
25 29
26 55
26 50
26 58
26 34
26 50
26 55
26 66
26 45
26 60
26 52
26 85
26 28
26 36
26 58
27 33
27 61
27 32
27 60
27 70
27 44
28 62
28 83
28 95
28 66
28 41
28 94
29 43
29 99
29 73
29 63
29 67
30 51
30 60
30 55
30 85
30 81
30 43
30 58
31 74
31 43
31 40
31 83
31 32
31 89
31 80
31 42
32 65
32 60
32 80
32 56
32 68
32 52
32 74
32 65
32 34
32 49
32 95
33 61
33 60
33 68
33 50
33 34
33 79
34 71
34 93
34 37
34 71
34 94
34 46
35 55
35 38
35 50
35 87
35 69
36 41
36 57
36 37
36 82
36 46
36 69
36 65
36 99
36 49
36 95
36 72
36 92
37 78
37 76
37 68
37 83
37 53
37 52
37 66
38 60
38 55
38 79
38 94
38 56
39 68
39 52
39 87
39 83
39 65
39 51
39 65
39 45
39 87
39 46
39 69
40 93
40 55
40 92
41 45
41 67
41 82
41 76
41 83
41 64
41 99
42 88
42 51
42 87
42 92
42 69
42 47
42 96
42 71
42 47
42 55
42 80
43 59
43 70
43 76
43 89
43 88
43 75
43 91
44 45
45 77
45 55
45 67
46 93
46 56
46 90
46 62
46 96
46 96
47 52
47 96
47 99
48 79
48 88
50 75
50 65
50 52
50 61
50 84
50 82
50 51
50 54
51 93
51 64
51 74
51 80
51 91
51 69
51 88
51 82
52 95
52 84
52 77
53 65
53 70
53 79
54 85
54 82
54 89
55 93
55 81
55 78
56 72
56 93
56 67
56 99
56 90
56 98
56 70
57 84
57 77
57 73
57 67
57 83
57 79
58 76
58 78
58 59
58 81
58 64
59 95
59 95
59 89
59 76
59 79
59 62
59 70
59 71
60 98
60 89
61 84
61 91
61 62
61 94
61 99
61 67
61 98
62 83
62 70
63 97
63 67
63 91
63 97
63 97
63 71
64 80
64 71
65 71
65 83
65 84
65 80
65 93
65 84
66 72
66 96
68 72
68 73
68 83
68 75
69 75
69 78
69 75
69 70
69 91
69 77
70 76
70 75
70 88
70 95
70 98
70 75
70 79
71 98
72 84
72 79
73 89
73 90
75 79
75 96
76 91
76 87
77 96
78 99
78 83
78 80
78 97
79 80
80 90
81 87
82 95
82 99
83 90
84 85
84 87
84 97
84 85
86 87
86 92
86 94
86 92
88 99
88 91
89 90
90 97
90 91
96 97
