0 95
0 32
0 19
0 37
0 87
0 69
0 14
0 70
0 12
0 90
1 15
1 8
1 10
1 52
1 32
1 4
1 68
1 49
1 41
2 48
2 48
2 62
2 74
2 60
2 53
2 35
2 11
3 77
3 38
3 31
3 94
3 46
3 34
3 69
3 78
3 33
3 76
3 85
4 81
4 84
4 48
4 63
4 78
4 81
4 20
4 74
4 65
4 90
4 30
4 79
4 69
5 94
5 43
5 54
5 56
5 11
5 95
5 13
5 59
5 56
5 37
6 57
6 71
6 21
6 38
6 37
6 19
6 11
6 7
7 13
7 11
7 86
7 55
7 47
7 14
7 90
7 78
8 40
8 50
8 62
8 52
8 41
8 88
8 78
8 87
8 17
8 15
8 27
8 30
8 33
8 83
8 41
8 69
9 13
9 19
9 36
9 52
9 10
9 34
9 71
9 38
9 10
10 53
10 81
10 15
10 33
10 85
10 49
10 13
10 21
10 25
10 40
10 62
10 39
11 49
11 14
11 95
11 84
11 97
11 45
11 96
11 91
11 47
11 32
11 28
11 52
12 63
12 77
12 33
12 40
12 26
12 47
13 61
13 18
13 14
13 62
13 39
14 30
14 87
14 64
14 86
14 93
14 66
14 23
14 22
15 48
15 62
15 81
15 17
15 50
15 60
15 59
15 93
15 94
15 29
15 77
16 90
16 20
16 31
16 19
16 70
16 17
16 63
16 98
17 67
17 56
17 99
17 80
17 27
17 54
17 99
18 49
18 70
18 83
18 98
18 74
19 66
19 77
19 96
19 50
19 88
19 40
19 27
19 96
19 46
20 86
20 56
20 36
20 80
20 95
21 83
21 69
21 57
21 28
21 66
21 26
21 49
21 24
22 59
22 38
22 52
23 94
23 43
23 90
23 31
23 82
23 92
23 30
24 78
24 34
24 95
24 72
24 78
24 89
24 47
24 93
24 85
25 84
25 60
25 40
25 32
26 48
26 52
26 46
26 56
26 44
26 84
26 54
26 62
27 96
27 75
27 85
27 39
27 93
27 81
27 61
27 34
28 36
28 50
28 49
28 75
28 71
29 40
29 30
29 97
29 86
29 53
29 48
29 73
30 86
30 99
30 31
30 76
30 59
30 88
30 44
30 51
31 46
31 43
31 94
31 80
31 75
32 64
32 67
32 94
32 70
33 48
33 89
33 94
33 62
33 89
33 49
33 69
33 85
33 72
33 60
33 57
33 82
34 83
34 94
34 76
34 89
34 96
34 74
35 94
35 76
35 64
35 90
35 51
35 76
35 67
36 60
36 89
36 38
36 45
36 46
36 80
36 69
36 84
36 54
37 97
37 89
37 44
37 53
37 88
37 50
37 99
38 57
38 45
38 66
38 66
38 39
38 43
38 44
39 83
40 81
40 93
40 78
40 51
40 80
40 46
40 68
40 48
40 81
41 47
41 86
41 87
41 90
42 93
42 65
42 90
42 45
42 64
42 55
42 88
42 83
43 81
43 91
43 96
43 46
43 88
44 77
44 65
44 73
44 66
44 71
45 88
45 52
45 74
45 55
45 62
46 91
46 96
46 62
46 63
46 49
46 73
46 54
46 89
47 77
47 58
47 48
47 50
49 71
49 55
49 57
49 91
49 70
50 70
50 88
51 73
51 81
51 71
51 55
51 72
51 72
52 58
52 78
52 90
52 91
52 56
53 73
53 81
53 54
53 74
54 93
54 75
54 82
54 99
54 67
54 88
54 67
55 82
55 56
55 87
55 72
55 59
55 89
56 63
56 95
56 89
56 63
56 83
56 71
56 81
56 68
56 68
56 89
57 95
57 58
57 62
57 63
57 75
58 64
58 62
58 59
58 99
58 89
58 99
58 89
58 82
59 93
59 60
59 86
59 84
59 60
59 92
60 67
61 73
61 94
62 67
63 90
63 65
63 80
63 93
63 70
63 91
63 76
63 75
63 73
64 68
64 94
64 99
64 81
65 99
66 89
66 87
66 99
66 84
66 76
67 89
67 87
67 86
68 81
69 87
69 96
69 79
70 88
70 74
70 88
70 94
72 74
72 96
72 99
73 94
73 74
73 88
73 75
74 91
74 80
74 88
75 80
76 80
76 80
77 94
77 83
77 90
78 82
78 99
78 85
78 86
79 81
81 90
81 83
82 83
82 93
83 89
84 94
85 93
85 86
86 88
87 89
88 99
89 93
90 97
91 94
92 96
93 96
94 99
97 99
