0 61
0 23
0 4
0 86
0 30
0 40
0 11
0 50
0 19
0 57
0 2
1 57
1 23
1 83
1 21
1 12
2 61
2 36
2 83
2 73
2 44
2 51
2 88
2 4
2 48
2 23
2 96
2 56
2 32
2 27
2 29
2 80
2 91
3 68
3 56
3 23
3 35
3 16
4 71
4 35
4 48
4 43
4 76
4 64
4 56
4 54
4 50
4 29
4 85
5 17
5 49
5 54
5 44
5 47
5 75
5 58
5 83
6 35
6 81
6 86
6 23
6 45
6 63
6 36
6 14
6 99
7 59
7 20
7 92
7 85
7 92
7 80
7 39
7 66
7 74
8 97
8 99
8 63
8 78
8 71
8 49
8 38
8 67
8 34
9 90
9 52
9 52
9 23
9 87
9 97
10 54
10 82
10 84
10 93
10 50
10 95
10 52
10 91
10 40
11 88
11 99
11 41
11 21
11 40
11 53
11 88
11 81
12 74
12 13
12 37
12 18
12 31
12 85
12 98
13 84
13 32
13 14
13 87
13 29
13 20
13 41
13 32
13 21
13 90
14 34
14 96
14 28
14 62
14 99
14 59
14 65
14 71
14 30
14 41
15 59
15 50
15 67
15 79
15 61
15 21
16 85
16 66
16 29
16 87
16 42
16 41
16 53
16 94
16 79
17 51
17 66
17 48
17 32
17 91
17 75
17 66
18 25
18 30
18 67
18 26
18 45
18 87
18 88
18 52
18 28
18 26
19 58
19 26
19 39
19 48
19 24
19 90
19 55
19 72
19 38
20 98
20 76
20 31
20 45
20 85
20 63
20 77
20 54
20 27
20 91
21 96
21 79
21 27
21 77
21 40
21 64
21 90
22 65
22 87
22 57
22 97
22 65
23 32
23 58
23 45
23 59
23 56
23 46
23 67
23 88
24 66
24 63
24 64
24 85
24 93
24 27
24 71
24 26
24 86
25 95
25 84
25 91
25 86
25 78
25 64
25 59
25 66
26 71
26 88
26 84
26 82
26 30
26 31
26 92
27 94
27 59
27 58
27 32
27 40
27 81
27 84
27 58
27 75
27 30
27 86
27 45
28 30
28 90
28 41
28 42
28 42
28 54
28 61
28 61
28 48
29 40
29 67
29 55
29 56
29 44
29 73
29 52
29 81
29 97
30 32
30 70
30 39
30 66
30 68
30 55
30 37
30 73
30 91
30 78
30 39
30 43
31 35
31 79
31 94
31 78
31 44
31 84
31 82
31 88
32 53
32 64
32 78
32 49
32 55
33 55
33 98
33 81
33 47
33 98
33 71
34 87
34 79
34 40
34 49
34 47
34 96
34 51
34 72
34 79
35 50
35 86
35 69
35 80
35 66
35 53
36 87
36 65
36 60
36 72
37 91
37 71
37 55
38 41
38 41
38 79
39 48
39 82
39 89
39 40
39 86
39 47
39 40
40 97
40 90
40 43
40 62
41 48
41 91
41 52
41 85
41 50
41 90
42 63
42 85
42 54
42 80
42 93
42 71
42 64
42 68
43 68
43 62
43 84
43 89
43 46
43 58
43 77
44 67
44 78
44 46
44 93
44 87
44 46
45 74
45 82
45 69
45 51
45 57
45 84
46 61
46 79
46 74
46 89
47 94
47 98
47 97
47 59
47 80
47 70
47 87
48 67
48 49
48 79
48 83
48 87
49 82
49 62
49 94
49 80
50 55
50 85
50 90
50 91
50 94
50 67
50 79
51 97
51 84
51 74
51 92
51 86
51 66
52 84
52 96
52 65
53 69
53 95
53 57
53 69
53 79
54 95
54 70
54 95
54 75
54 95
54 63
54 92
55 82
55 85
55 66
56 99
56 57
56 79
56 78
56 70
56 91
57 89
57 65
57 82
58 74
58 97
58 72
59 80
60 98
60 84
60 62
60 85
60 82
61 65
61 69
62 96
62 68
62 88
62 66
63 86
63 73
63 93
63 84
63 82
64 92
64 84
64 84
64 83
65 95
65 90
67 87
67 79
67 83
67 99
67 72
68 90
68 70
69 91
69 93
69 72
69 92
70 76
70 73
70 71
70 92
70 91
71 83
71 89
71 84
72 78
72 93
72 84
72 82
72 88
73 93
73 85
73 93
74 93
74 85
76 94
77 89
77 92
78 95
79 94
79 86
80 88
80 83
80 94
81 88
81 95
82 98
82 93
82 91
83 90
84 86
85 99
85 91
87 90
89 95
89 95
89 99
89 99
94 99
94 98
95 99
