0 68
0 41
0 70
0 72
0 15
0 81
1 92
1 91
1 90
1 89
1 15
1 66
1 22
1 57
1 81
1 76
1 22
1 69
1 33
1 41
2 18
2 87
2 73
2 63
2 45
2 28
2 84
2 85
2 51
2 83
2 69
2 48
3 61
3 94
3 47
3 91
3 63
3 10
3 7
3 48
3 17
3 71
3 62
3 54
3 75
3 29
3 23
3 19
3 40
4 8
4 62
4 68
4 46
4 25
4 49
4 76
4 77
4 24
4 49
4 99
5 54
5 7
5 44
5 23
5 26
5 59
5 94
5 55
5 60
6 23
6 12
6 38
6 86
6 29
6 15
6 27
6 26
6 35
6 51
7 29
7 66
7 15
7 76
7 56
7 72
7 51
7 50
7 19
7 13
8 56
8 56
8 13
8 10
8 81
8 74
8 89
8 85
8 96
8 68
9 42
9 32
9 50
9 58
10 70
10 58
10 44
10 22
10 22
10 41
10 11
10 49
10 25
10 39
10 99
10 95
11 25
11 84
11 71
11 48
11 51
11 42
11 15
11 37
11 80
12 21
12 25
12 89
12 55
12 53
12 92
12 95
12 14
12 85
12 25
13 24
13 46
13 76
13 98
13 47
13 87
13 44
14 70
14 63
14 76
14 91
14 44
15 73
15 90
15 59
15 94
15 64
15 23
15 72
15 59
15 97
15 37
15 64
16 92
16 34
16 97
16 18
16 94
16 21
16 95
16 20
16 60
16 17
16 50
16 56
16 25
16 56
16 73
17 27
17 18
17 42
17 89
17 52
17 22
18 82
18 88
18 95
18 39
18 93
19 49
19 43
19 64
19 83
19 35
19 85
19 89
19 42
19 20
20 81
20 75
20 86
20 88
20 62
21 31
21 49
21 31
21 22
21 68
21 38
21 58
21 55
21 81
21 37
21 41
22 74
22 59
22 37
22 92
22 46
22 33
23 34
23 87
23 46
23 78
23 97
23 84
23 89
23 61
23 60
23 98
24 37
24 67
24 66
24 94
24 30
24 66
24 27
24 85
24 40
24 25
24 52
24 52
24 45
25 91
25 55
25 86
25 49
25 64
25 83
26 71
26 57
26 78
26 64
26 41
26 28
26 38
26 34
27 51
27 45
27 53
28 37
28 89
28 88
28 56
28 38
28 48
28 31
28 48
28 57
29 40
29 36
29 92
29 95
29 39
29 44
29 51
29 75
29 75
29 86
29 41
30 82
30 94
30 39
30 75
30 47
31 83
31 83
31 39
31 83
31 34
31 74
31 88
31 66
32 33
32 83
32 52
32 86
32 84
32 99
32 37
32 83
33 80
33 47
33 48
33 80
33 43
34 53
34 78
34 68
34 94
34 43
34 55
35 84
35 74
35 75
35 40
35 38
35 96
35 96
36 43
36 52
36 85
36 94
36 46
36 74
36 62
36 63
36 83
36 87
37 82
37 87
37 98
38 63
38 46
38 49
38 55
39 59
39 90
39 64
40 90
40 64
40 83
40 57
40 81
40 60
40 60
41 43
41 42
42 79
42 45
42 95
42 60
43 81
43 72
43 78
43 82
43 57
43 89
44 90
44 61
44 95
44 47
44 74
45 93
45 73
45 63
45 77
45 57
45 95
46 78
46 97
46 94
46 94
46 57
47 89
47 77
47 90
48 74
48 97
48 62
48 80
48 88
48 76
48 88
48 90
49 95
49 72
49 51
49 50
49 78
49 78
49 80
49 60
49 59
49 68
49 60
50 77
50 78
50 86
50 82
51 88
52 83
52 65
52 99
52 62
52 81
53 87
53 92
53 59
53 66
53 63
53 85
54 81
54 69
55 67
55 65
55 57
56 59
56 60
56 85
56 82
57 82
57 64
57 79
57 77
57 65
58 89
58 75
58 94
58 74
58 92
58 63
59 68
59 65
60 73
60 65
60 61
60 90
61 90
61 95
61 95
61 82
62 71
62 92
62 66
62 95
62 77
63 73
63 91
63 66
63 74
63 76
63 83
64 99
64 83
64 67
64 71
65 74
65 81
65 91
65 75
66 97
66 69
66 78
66 98
66 91
67 70
68 72
68 82
68 82
69 88
69 94
69 84
69 95
70 82
71 88
72 94
72 98
72 97
73 75
74 88
75 77
75 90
75 96
75 84
75 91
76 96
77 81
77 93
78 92
78 91
78 98
78 99
79 99
79 82
80 86
81 92
82 91
83 98
83 92
84 92
84 88
84 91
84 91
87 96
89 94
