0 5
0 13
0 30
0 52
0 73
0 85
0 66
0 53
0 85
0 81
0 18
0 16
0 26
0 84
1 26
1 39
1 45
1 32
1 95
1 91
1 4
1 52
1 17
1 10
1 14
1 58
2 60
2 19
3 29
3 64
3 47
3 11
3 99
3 29
3 43
3 23
4 75
4 88
4 6
4 26
4 91
4 17
5 40
5 86
5 29
5 77
5 91
5 17
5 49
5 44
5 36
5 36
5 52
5 21
5 42
5 95
5 80
6 95
6 88
6 25
6 96
6 11
6 60
6 92
6 75
6 19
7 92
7 69
7 12
7 77
7 96
7 12
7 87
7 21
7 31
7 65
7 86
7 36
7 30
7 70
7 97
7 32
7 33
7 42
7 16
8 78
8 69
8 35
8 17
8 57
8 65
8 79
8 32
8 69
8 73
8 20
8 85
9 32
9 49
9 89
9 36
9 42
9 69
9 32
9 63
9 93
10 67
10 21
10 40
10 42
10 16
10 39
10 95
10 17
10 37
10 20
11 25
11 84
11 69
12 99
12 16
12 86
12 87
12 43
12 53
12 39
12 92
13 46
13 77
13 18
13 18
13 16
13 51
13 41
13 62
13 15
13 18
13 76
14 61
14 40
14 81
14 64
14 89
14 68
14 16
14 70
14 41
14 76
14 94
15 81
15 85
15 85
15 42
15 66
15 42
15 76
16 34
16 84
16 64
16 99
16 88
16 18
16 23
16 97
16 57
16 58
17 56
17 79
17 60
17 31
17 68
17 50
18 42
18 55
18 43
18 74
18 99
18 29
18 91
19 56
19 48
19 43
19 34
19 25
19 78
20 71
20 92
20 34
20 47
20 99
20 22
20 37
20 59
20 88
20 40
21 92
21 90
21 65
21 62
21 62
21 94
21 61
22 75
22 92
22 49
22 61
22 75
23 40
23 44
24 89
24 66
24 62
24 26
24 58
24 56
24 48
24 84
24 53
24 78
24 48
25 80
25 91
25 60
25 45
26 87
26 87
26 72
26 35
26 83
26 80
26 34
27 35
27 96
27 87
27 84
27 91
27 92
27 28
27 66
28 83
28 34
28 80
28 49
28 89
28 38
28 92
28 61
28 95
28 94
28 67
28 30
29 70
29 91
29 53
29 84
29 30
29 56
29 86
30 97
30 48
30 99
30 33
30 98
30 59
30 45
30 79
30 72
31 40
31 82
31 56
31 57
31 37
31 85
31 63
31 81
31 97
31 90
31 62
31 91
31 60
32 87
32 68
32 96
32 80
32 43
32 38
32 95
32 97
32 57
32 48
32 92
32 38
33 55
33 70
33 66
33 50
33 78
33 58
33 43
33 76
33 70
33 54
34 51
34 95
34 90
34 83
34 46
34 61
35 61
35 93
35 36
35 60
36 80
36 78
36 53
36 92
36 40
36 60
36 71
37 94
37 75
37 54
37 97
38 72
38 95
38 54
38 46
38 51
38 92
38 60
38 82
39 69
39 64
39 97
39 82
39 89
39 61
40 80
40 99
40 86
40 88
40 52
40 87
41 97
41 45
41 68
41 67
41 61
42 56
42 43
42 61
42 82
42 59
42 54
42 62
43 55
43 66
43 52
43 52
43 47
43 54
43 98
43 56
44 99
44 82
44 69
44 76
44 55
45 79
45 96
45 65
45 65
45 94
45 96
45 69
46 56
46 53
46 82
47 68
47 70
47 74
47 54
47 55
48 84
48 54
48 51
48 70
48 91
49 77
49 53
49 80
49 76
49 59
50 91
50 63
50 84
50 52
50 81
50 64
50 70
50 97
51 77
51 98
51 90
52 69
52 56
52 87
52 87
53 83
53 77
53 99
53 64
53 87
53 69
53 67
54 66
54 63
54 64
55 98
55 71
55 73
55 80
55 63
56 89
56 67
56 92
58 91
58 73
58 98
58 82
58 62
59 84
59 99
59 84
60 96
60 78
60 65
61 62
61 96
61 91
61 69
61 62
62 80
62 79
62 85
62 80
63 75
63 71
63 96
63 93
64 72
64 98
64 86
65 89
65 96
65 82
65 97
65 76
65 85
66 71
67 79
67 77
68 72
69 90
70 95
70 77
71 94
71 95
71 76
72 96
72 96
72 89
73 77
73 93
74 91
74 99
74 99
74 89
75 90
75 90
77 82
78 92
78 80
78 95
78 80
79 85
81 92
82 98
82 91
84 86
84 87
84 89
85 87
86 91
87 98
87 94
88 97
89 96
90 94
90 95
