0 76
0 57
0 94
0 38
0 19
0 11
0 91
0 2
0 38
0 1
0 44
0 33
0 55
0 43
0 35
0 57
0 18
0 32
0 42
0 31
1 90
1 18
1 67
1 32
1 42
1 66
1 10
1 7
1 84
1 88
1 15
1 42
1 79
2 78
2 64
2 57
2 44
2 10
2 88
2 16
2 74
2 42
3 9
3 39
3 87
3 41
3 80
4 21
4 53
4 26
4 7
4 93
4 78
4 22
4 68
5 49
5 59
5 23
5 97
5 14
5 57
5 93
5 58
5 68
6 97
6 90
6 9
6 9
6 33
6 56
6 15
6 95
6 63
6 61
7 35
7 78
7 60
7 98
7 34
7 53
7 46
8 78
8 49
8 11
8 21
8 94
8 54
8 36
8 60
8 88
8 28
8 11
9 43
9 72
9 72
9 27
9 81
9 41
9 76
10 20
10 56
10 65
10 92
10 63
10 11
10 43
11 90
11 73
11 92
11 82
12 79
12 67
12 74
12 83
12 27
12 99
12 95
12 38
13 83
13 60
13 93
13 43
13 40
13 45
13 98
13 63
13 49
14 34
14 51
14 46
14 16
14 90
14 66
14 46
15 53
15 32
15 81
15 56
15 67
15 66
15 66
15 69
16 19
16 25
16 79
16 96
16 41
16 59
16 30
16 97
16 17
17 77
17 74
17 82
17 62
17 79
17 99
18 69
18 29
18 38
18 87
18 62
19 58
19 61
19 56
19 46
19 57
19 24
19 70
19 72
19 48
19 38
19 93
20 78
20 39
20 97
20 96
20 43
20 26
20 90
21 91
21 72
21 27
21 76
21 68
21 72
21 41
22 63
22 31
22 82
22 51
22 51
22 45
22 95
22 33
23 72
23 27
23 75
23 66
23 45
23 59
23 96
23 35
23 81
23 41
24 32
24 36
24 99
24 86
24 29
24 26
25 45
25 53
25 92
25 43
26 85
26 62
26 90
26 90
26 67
26 28
26 27
26 98
26 73
27 31
27 72
27 65
27 92
27 57
27 86
27 98
28 62
28 40
28 48
28 71
28 68
28 46
28 70
28 47
28 52
28 79
29 42
29 49
29 68
29 38
30 92
30 97
30 74
30 54
30 49
30 49
30 45
30 99
31 61
31 69
31 45
31 73
31 77
31 80
31 71
32 89
32 37
32 64
32 39
32 42
33 49
33 48
33 88
33 96
33 87
33 41
33 45
33 61
33 71
33 51
33 57
33 96
34 48
34 71
34 56
34 71
34 75
34 83
34 56
35 64
35 99
35 46
36 99
36 73
36 53
36 91
36 67
37 44
37 95
37 89
38 86
38 53
38 96
38 93
38 66
38 90
38 50
38 48
39 73
39 57
39 49
39 45
39 50
39 62
39 50
40 67
41 63
41 61
41 77
42 94
42 51
42 73
42 62
42 58
42 94
42 85
43 89
43 86
43 49
43 58
43 60
43 97
43 79
43 86
44 66
44 93
44 65
44 58
44 63
44 92
45 91
45 63
45 72
45 82
45 63
45 50
45 67
46 67
46 84
46 90
46 55
46 73
46 61
46 68
47 98
47 83
47 53
47 61
48 57
48 87
48 53
48 93
48 83
48 85
49 77
49 55
49 96
49 63
49 99
50 66
50 64
50 72
50 92
50 54
51 98
51 54
51 84
51 97
52 61
52 71
52 72
54 69
54 68
54 62
54 70
54 78
54 86
55 80
55 73
55 93
56 80
56 59
56 64
56 75
56 79
56 86
56 87
56 58
57 66
57 64
58 81
58 87
58 90
58 83
58 84
58 87
58 82
59 90
59 63
59 76
59 78
59 60
59 86
60 87
60 86
60 81
61 86
61 79
61 83
61 82
62 72
62 87
62 70
62 67
63 84
63 79
63 82
63 69
64 92
64 90
64 77
65 95
65 87
65 80
66 88
66 68
67 71
67 83
67 74
67 73
67 88
67 85
68 83
68 73
69 83
69 81
69 84
70 72
70 85
71 76
71 93
71 80
72 89
72 94
72 73
73 89
73 87
73 78
73 76
74 88
74 89
75 98
76 84
76 98
76 94
76 86
76 93
77 89
77 93
77 95
78 90
79 92
79 99
80 87
80 90
80 88
81 94
81 84
81 92
81 87
81 91
81 88
82 84
82 96
82 95
82 99
83 85
83 87
84 85
84 92
84 91
85 94
85 93
85 87
86 94
86 97
86 99
88 94
88 90
88 97
88 90
90 99
91 99
92 98
94 99
