0 39
0 95
0 76
0 55
0 37
0 59
0 54
0 30
0 3
0 19
0 18
1 22
1 7
1 50
1 88
1 39
1 99
1 66
1 70
1 76
1 46
1 56
2 87
2 46
2 18
2 49
2 6
2 87
2 23
2 38
2 5
2 89
2 41
3 56
3 71
3 23
3 94
3 25
3 64
3 73
4 14
4 51
4 49
4 65
4 35
4 60
4 24
4 63
4 78
4 14
4 8
4 66
4 21
5 78
5 6
5 34
5 64
5 88
5 76
5 34
5 85
6 96
6 79
6 97
6 80
6 17
6 7
6 83
6 21
6 92
7 49
7 8
7 11
7 64
7 52
7 89
7 15
8 35
8 56
8 91
8 79
8 71
8 66
8 25
8 40
9 24
9 96
9 54
9 97
9 80
9 79
9 43
9 57
9 35
9 52
9 66
9 36
9 21
10 31
10 35
10 95
10 22
10 18
10 62
10 45
10 79
10 55
10 50
10 15
11 23
11 88
11 30
11 52
12 14
12 95
12 99
12 22
12 27
12 97
12 26
12 50
12 83
12 26
12 72
12 48
12 36
12 37
12 40
13 44
13 96
13 68
13 47
13 19
13 14
13 78
13 57
13 61
13 51
14 46
14 39
14 55
14 41
14 30
14 23
14 42
14 94
15 21
15 34
15 47
15 29
15 29
15 92
15 72
15 60
15 79
15 63
15 53
15 49
16 82
16 70
16 19
16 81
16 29
16 48
17 43
17 99
17 95
17 66
18 20
18 27
18 79
18 70
18 33
18 53
18 90
18 77
19 66
19 55
19 21
19 70
19 42
19 31
19 60
19 85
19 59
19 22
19 70
19 83
19 62
19 28
20 90
20 51
20 27
20 30
20 27
20 42
20 45
20 66
21 42
21 24
21 56
21 92
21 46
21 65
21 61
21 35
21 83
22 83
22 65
22 96
22 91
22 81
22 72
22 75
23 74
23 85
23 40
23 67
23 44
23 84
23 74
23 94
23 92
23 85
23 44
24 49
24 88
24 37
24 43
24 71
24 34
24 27
24 60
25 42
25 91
25 54
25 78
25 71
25 81
25 63
26 55
26 29
26 76
26 72
26 55
26 51
26 84
26 51
26 91
27 32
27 45
27 57
27 40
27 81
28 52
28 30
28 72
28 31
28 97
28 40
28 35
29 66
29 96
29 50
29 95
29 71
29 35
29 84
29 68
29 40
29 85
30 65
31 69
31 56
31 33
31 72
31 60
31 50
31 56
32 36
32 66
32 54
32 68
32 47
32 39
32 59
32 37
32 35
33 66
33 87
33 63
33 51
33 93
34 85
34 99
34 56
34 85
34 66
34 76
34 55
34 72
34 70
34 80
34 79
34 70
35 95
35 52
35 48
35 88
36 73
36 91
37 69
38 54
38 71
38 49
38 84
38 39
38 41
39 90
39 52
39 86
39 93
39 71
39 83
39 59
39 52
39 82
40 55
40 75
40 61
40 57
40 57
40 49
40 94
40 92
40 49
40 66
41 53
41 70
41 58
41 83
41 90
41 98
41 74
42 94
42 71
42 93
42 98
42 61
42 96
42 91
43 83
43 94
43 87
43 74
43 60
43 62
43 78
44 50
44 53
44 74
44 98
44 97
44 60
45 63
45 75
45 52
46 86
46 94
46 70
46 71
46 59
46 91
47 91
47 49
47 80
47 92
47 98
47 90
47 77
48 72
48 82
48 60
48 81
49 71
49 85
49 68
49 71
49 57
49 88
50 86
50 82
50 95
50 62
50 74
51 81
51 60
51 65
51 52
51 68
52 94
52 92
52 90
53 63
53 71
53 94
53 88
54 99
54 92
54 74
54 96
54 77
54 65
55 84
55 85
55 63
56 86
56 94
56 62
56 78
57 66
57 80
58 97
59 71
59 82
59 77
60 73
60 66
60 81
60 64
60 71
61 71
61 64
61 86
62 65
62 70
62 98
62 84
63 70
63 70
64 83
65 79
65 94
65 70
65 89
66 95
67 90
67 78
67 99
68 90
68 80
68 82
68 81
68 69
68 82
68 90
69 91
70 84
70 87
70 81
71 72
71 79
71 92
71 82
72 89
72 76
72 78
73 85
73 94
74 83
74 81
75 83
76 78
76 93
76 94
78 92
79 81
79 93
79 98
79 83
79 89
79 92
81 92
81 91
81 93
81 97
82 95
82 89
83 86
83 96
86 97
86 97
87 88
88 89
89 98
89 99
90 93
90 93
91 99
94 96
