0 18
0 95
0 36
0 92
0 30
0 79
0 38
0 60
0 83
0 37
0 70
1 97
1 96
1 59
1 20
1 83
1 39
1 7
2 96
2 33
2 88
2 99
2 97
2 71
2 92
2 69
2 62
2 98
3 11
3 11
3 19
3 33
3 78
3 27
3 48
3 87
3 39
3 53
3 55
3 86
3 69
3 65
3 99
4 36
4 76
4 67
4 62
4 11
4 81
4 53
4 61
4 5
4 26
5 41
5 58
5 79
5 53
5 78
5 37
5 82
5 93
5 94
6 92
6 53
6 21
6 11
6 17
6 66
6 86
6 58
6 46
6 57
7 28
7 92
7 17
7 45
7 85
7 97
7 71
8 85
8 58
8 39
8 44
8 58
8 58
8 69
8 83
8 96
8 83
9 84
9 26
9 27
9 89
9 11
9 88
9 91
9 92
9 67
9 75
9 55
9 95
10 12
10 14
10 59
10 54
10 63
11 12
11 35
11 27
12 45
12 86
12 84
12 59
12 30
12 19
13 82
13 78
13 25
13 66
13 86
13 29
13 32
13 36
13 38
14 93
14 57
14 81
14 94
14 41
14 19
14 96
14 94
14 98
14 60
14 84
14 94
14 68
15 67
15 87
15 55
15 59
15 92
15 59
15 45
16 59
16 42
16 95
16 62
16 87
16 88
16 37
16 26
17 80
17 72
17 97
17 98
17 45
18 82
18 34
18 43
18 49
18 73
18 52
18 61
18 92
18 71
18 66
18 85
18 89
18 92
19 93
19 86
19 25
19 86
19 55
19 80
19 46
19 90
19 52
19 36
19 58
19 89
19 92
20 91
20 99
20 29
20 30
20 39
20 65
20 63
20 55
21 45
21 30
21 41
21 40
21 95
21 33
21 78
21 53
21 70
21 48
22 64
22 81
22 30
22 44
22 48
22 73
22 68
22 26
22 50
23 50
23 73
23 56
23 71
23 50
23 72
23 61
23 87
24 79
24 87
24 41
24 76
24 88
24 94
25 65
25 94
25 32
25 80
25 73
25 49
26 43
26 54
26 49
26 55
26 30
26 97
26 35
26 44
26 40
27 54
27 70
27 38
27 37
27 37
27 49
27 99
27 77
27 75
27 41
27 98
28 98
28 88
28 69
28 86
28 75
29 49
29 66
29 84
29 74
29 76
30 61
30 66
30 60
30 64
30 47
30 81
30 35
30 84
31 77
31 35
31 73
31 81
31 56
31 32
31 82
31 38
31 95
31 73
32 61
32 88
33 53
33 41
33 94
33 38
33 47
33 96
33 94
33 96
33 45
34 83
34 59
34 58
34 37
34 54
34 73
34 72
34 64
34 65
35 64
35 64
35 55
35 51
35 49
35 57
35 49
35 84
35 49
35 89
35 91
35 38
35 81
36 40
36 45
36 61
36 89
37 63
37 70
37 92
37 91
37 70
37 91
37 89
37 54
37 99
38 42
38 66
38 62
38 75
38 59
38 44
39 59
39 42
39 60
39 86
39 73
39 47
39 84
40 48
40 52
40 60
40 99
40 99
41 86
41 62
41 85
41 47
42 78
42 55
42 54
42 60
42 77
42 79
42 94
43 49
43 75
43 70
43 90
43 85
43 51
43 68
43 68
44 59
44 59
44 58
44 73
44 48
44 58
44 56
44 46
45 87
45 98
45 62
45 91
46 95
46 93
46 64
46 51
46 50
47 63
47 93
47 88
47 86
47 97
48 72
48 49
48 59
48 90
49 88
49 56
49 71
49 63
49 52
49 81
50 75
50 79
50 69
52 63
52 84
52 90
52 91
52 84
52 75
52 81
53 80
53 73
53 70
53 95
54 59
54 72
54 98
54 67
55 72
55 82
55 99
55 98
56 82
56 98
56 66
56 82
56 67
56 89
56 95
57 93
57 99
58 76
58 85
59 88
59 76
59 81
60 85
60 69
60 64
60 74
60 74
60 66
61 71
61 74
61 82
61 67
62 78
62 97
63 80
63 77
63 71
63 87
63 74
64 67
64 75
64 78
64 79
64 89
64 80
65 99
65 73
65 69
66 72
66 67
66 92
67 75
67 72
68 71
68 72
68 80
68 87
68 75
69 70
69 90
70 72
70 83
71 93
72 90
72 84
72 77
72 82
73 82
74 93
74 98
75 96
75 80
75 96
76 93
76 85
77 79
78 86
78 88
79 81
80 96
80 89
80 87
80 83
80 89
81 99
81 95
82 94
82 90
82 90
85 92
85 87
88 91
96 98
