0 88
0 21
0 57
0 33
0 90
0 39
0 1
0 74
0 94
0 32
0 90
0 50
0 59
0 9
0 89
0 8
0 49
0 71
0 56
0 17
1 43
1 66
1 36
1 89
1 22
1 2
1 27
1 55
1 38
1 80
1 92
2 42
2 60
2 84
2 65
2 43
2 11
2 29
2 97
2 20
2 48
2 24
2 98
3 22
3 85
3 50
3 89
3 22
3 32
3 55
3 37
3 90
3 46
3 57
3 40
4 59
4 9
4 23
4 70
4 62
4 64
4 44
4 32
4 71
5 38
5 39
5 80
5 21
5 19
5 17
5 54
5 58
5 42
6 98
6 18
6 71
6 12
6 17
6 53
6 70
7 41
7 8
7 60
7 46
7 76
7 84
7 93
7 68
7 63
7 43
7 72
7 10
7 14
7 15
7 16
7 54
8 36
8 45
8 81
8 9
8 45
8 61
8 29
8 36
8 11
8 41
8 31
9 39
9 10
9 21
9 35
9 68
10 89
10 15
10 92
10 56
10 64
10 63
10 65
10 85
11 13
11 65
11 53
11 63
11 16
11 92
12 88
12 93
12 37
12 26
12 63
13 49
13 31
13 23
13 58
13 59
13 40
13 74
13 68
13 93
14 62
14 68
14 90
14 79
14 58
14 32
14 94
15 58
15 70
15 35
15 67
15 83
15 91
15 80
15 66
15 70
15 34
15 91
15 52
16 29
16 36
16 85
16 98
16 50
16 30
16 91
16 69
16 25
16 45
16 40
17 20
17 49
17 44
17 67
17 69
17 30
17 46
17 48
18 39
18 27
18 60
18 82
18 25
18 71
18 48
18 72
19 47
19 59
19 55
19 43
19 53
19 84
19 27
20 76
20 81
20 88
20 81
20 23
20 77
21 65
21 74
21 95
21 39
21 30
22 40
22 60
22 31
22 83
22 75
22 88
22 91
22 30
22 47
22 78
23 61
23 98
23 35
23 76
23 79
23 25
23 48
24 64
24 83
24 81
24 67
24 30
24 51
24 48
25 55
25 76
25 92
25 63
25 50
25 71
25 71
25 99
26 96
26 79
26 75
26 65
26 49
26 55
26 43
26 78
26 98
27 64
27 48
27 65
27 59
27 57
27 75
27 71
27 55
27 35
27 57
27 48
28 95
28 38
28 65
29 48
29 30
29 52
29 69
29 40
30 97
30 88
30 88
30 46
30 84
30 82
30 56
31 87
31 78
31 48
31 51
31 77
31 80
31 58
31 61
32 59
32 80
32 49
32 61
32 91
32 38
32 75
32 70
32 43
33 94
33 53
33 45
33 39
34 57
34 67
34 73
34 38
35 67
35 48
35 55
35 60
35 54
35 72
36 56
36 54
36 43
36 87
36 43
36 49
36 58
36 67
36 92
36 74
37 96
37 64
37 86
37 77
37 92
37 87
37 49
37 73
37 46
37 52
37 59
38 58
38 40
38 95
38 73
38 94
38 45
38 95
38 94
38 62
39 42
39 76
39 94
40 42
40 48
40 71
40 82
40 94
40 48
41 55
41 74
41 97
41 64
42 68
42 91
42 59
42 47
42 43
42 95
42 48
42 43
43 92
43 88
43 84
43 99
44 76
44 72
44 59
45 79
45 59
45 79
45 88
45 46
45 46
45 66
46 69
46 82
46 80
46 93
46 66
47 82
47 96
47 90
47 89
47 50
48 87
48 83
48 70
48 62
48 77
49 50
49 89
49 65
50 79
50 66
50 95
51 80
51 93
51 67
51 76
51 67
51 62
51 64
52 61
52 56
52 58
52 71
53 79
53 65
54 70
54 66
54 83
54 89
55 72
55 63
55 71
55 83
55 98
56 65
56 87
56 81
56 68
57 81
57 89
57 81
57 60
57 93
57 92
59 89
60 72
60 84
60 94
60 88
60 98
60 91
60 80
61 68
61 68
61 70
61 76
62 79
62 83
63 84
63 80
63 74
64 91
64 72
64 93
64 85
65 87
65 72
65 79
65 73
65 66
66 75
66 84
66 80
66 69
66 81
66 87
67 82
68 87
68 95
68 97
69 81
70 86
70 94
70 83
71 89
71 87
71 85
71 77
71 80
71 74
72 82
73 83
73 74
74 80
74 82
75 86
75 96
75 88
76 92
76 85
76 89
76 91
76 94
77 81
78 81
78 91
79 92
79 97
79 89
80 84
80 84
82 95
83 94
83 97
84 99
86 87
87 90
88 99
88 92
89 95
89 94
89 94
90 97
94 95
