0 28
0 69
0 77
0 37
0 64
0 36
0 12
0 28
1 12
1 66
1 69
1 89
1 42
1 46
1 96
1 57
1 69
1 54
1 75
1 17
1 86
1 45
1 59
2 62
2 74
2 38
2 69
2 43
3 26
3 5
3 33
3 26
3 90
3 4
3 42
4 82
4 57
4 75
4 5
4 90
4 49
4 90
4 35
4 59
4 25
4 57
4 59
5 7
5 70
5 12
5 25
5 93
5 48
5 10
5 23
5 88
5 82
5 16
5 94
5 76
5 67
5 9
5 39
6 57
6 19
6 60
6 34
6 51
6 93
6 45
6 96
6 83
7 28
7 92
7 64
7 68
7 50
7 11
7 81
7 83
7 38
7 15
8 14
8 43
8 43
8 32
8 24
8 31
8 96
8 71
8 28
8 60
8 98
9 50
9 74
9 30
9 49
9 76
9 79
9 17
9 75
9 34
9 59
9 43
10 55
10 43
10 17
10 27
10 77
10 89
10 41
10 91
11 86
11 25
11 68
11 93
11 31
11 59
11 27
11 75
11 43
11 30
12 91
12 72
12 26
12 47
12 51
12 20
12 73
12 90
12 17
12 55
12 73
13 19
13 53
13 82
13 84
13 55
13 68
13 70
13 94
13 81
14 79
14 65
14 68
14 99
14 47
14 65
15 61
15 20
15 55
15 23
15 95
15 41
15 25
15 58
15 32
15 44
16 52
16 56
16 26
16 74
16 72
17 39
17 41
17 31
17 99
17 82
17 97
17 42
18 55
18 42
18 74
18 55
18 38
18 44
18 86
18 72
18 45
18 44
18 86
18 89
18 39
18 29
19 40
19 90
19 61
19 70
19 55
19 82
20 79
20 75
20 33
20 57
20 97
20 37
20 47
20 59
20 24
20 81
21 88
21 50
21 66
21 96
21 91
21 99
21 95
21 30
22 30
22 33
22 42
22 35
22 46
22 50
22 58
22 93
23 83
23 63
23 81
23 62
23 69
23 84
24 43
24 89
24 44
24 41
24 87
24 45
24 44
24 32
25 46
25 37
25 45
25 32
25 83
26 68
26 87
26 36
26 58
26 95
26 45
26 41
26 80
26 75
26 85
27 43
27 75
27 85
27 30
27 47
27 48
27 38
27 62
27 76
27 98
27 79
28 60
28 71
28 72
28 97
28 42
28 37
28 49
28 47
29 83
29 86
29 84
29 46
29 83
29 69
29 37
30 45
30 77
30 95
30 72
30 49
30 81
31 67
31 92
31 48
31 84
32 59
32 90
32 40
32 71
32 93
32 95
32 64
32 75
33 59
33 41
33 39
33 56
33 40
33 82
33 40
33 99
33 65
33 47
34 49
34 70
34 37
35 57
35 72
36 74
36 44
36 86
36 52
36 61
37 71
37 60
37 71
37 80
37 73
38 67
38 84
38 87
38 45
38 60
38 97
39 70
39 69
39 82
39 72
39 67
39 50
40 50
40 57
40 92
40 64
40 69
40 68
41 87
41 74
41 68
41 65
42 75
42 78
42 55
42 60
43 64
43 78
43 94
43 84
43 76
44 67
44 61
44 66
44 70
44 74
45 60
45 57
45 84
45 51
45 86
46 60
46 76
46 85
46 55
47 80
47 68
47 60
47 52
47 64
47 88
47 65
48 93
48 57
49 80
49 61
49 65
49 89
50 59
50 76
50 54
50 65
50 59
50 74
50 79
51 79
51 86
51 98
51 95
51 99
51 79
51 71
52 60
52 87
52 63
52 61
52 80
52 65
53 79
53 55
53 76
53 91
54 81
54 86
54 78
54 98
55 87
55 75
55 69
55 62
55 62
55 62
55 98
55 76
55 58
56 85
56 92
57 83
57 84
57 61
57 98
58 89
58 84
59 73
59 60
59 66
60 95
60 88
60 98
61 81
61 79
61 77
61 72
61 67
61 72
61 65
61 65
62 74
62 76
62 79
62 92
62 95
62 82
63 94
63 83
64 80
64 65
64 94
64 72
65 90
65 93
65 72
65 82
65 84
66 95
67 93
67 91
67 97
68 69
68 87
68 90
68 92
68 85
68 98
68 83
68 78
69 70
69 81
69 78
70 98
70 71
71 91
72 81
73 84
73 88
73 85
73 89
73 97
74 96
74 95
75 95
76 90
77 86
77 79
78 82
78 86
78 91
78 99
79 86
80 82
81 96
82 83
82 98
82 99
83 85
84 86
84 86
86 88
87 94
89 99
89 95
89 98
91 98
93 94
95 97
96 98
