0 46
0 11
0 36
0 19
0 6
0 94
0 86
1 91
1 13
1 53
1 96
1 4
1 48
1 84
1 96
1 86
1 93
2 78
2 94
2 12
2 32
2 53
3 15
3 70
3 6
3 98
3 87
3 9
3 7
3 51
3 13
3 10
4 40
4 94
4 17
4 30
4 80
4 54
4 54
4 97
4 80
4 56
5 9
5 79
5 50
5 41
5 62
5 77
5 44
5 43
5 6
5 31
5 50
6 10
6 58
6 76
6 57
6 36
6 28
6 98
6 39
6 47
6 97
6 65
6 74
7 94
7 53
7 16
7 80
7 53
7 21
7 68
8 80
8 81
8 52
8 24
8 81
9 16
9 80
9 66
9 61
9 48
9 53
9 67
9 89
9 23
9 46
9 55
9 69
9 79
9 75
10 47
10 53
10 95
10 34
10 53
10 22
11 50
11 37
11 28
11 16
11 55
11 34
12 89
12 34
12 44
12 15
12 41
12 60
13 99
13 40
13 68
14 88
14 25
14 38
14 82
14 25
14 36
14 41
14 33
14 30
14 43
15 17
15 86
15 27
15 37
15 99
16 77
16 24
16 22
16 89
16 89
16 86
16 69
16 17
16 94
17 91
17 32
17 59
17 90
17 25
17 22
17 71
17 38
17 52
17 47
18 70
18 19
18 87
18 54
18 32
19 47
19 99
19 89
19 60
19 58
19 50
19 35
19 97
19 23
19 78
20 93
20 91
20 23
20 96
20 38
20 49
20 64
20 31
21 75
21 98
21 93
21 75
21 29
21 96
21 64
21 83
21 72
21 94
22 61
22 30
22 28
22 40
22 52
22 62
22 24
22 61
22 80
23 80
23 51
23 75
23 92
23 24
23 62
23 79
23 71
23 85
23 49
23 26
23 44
24 47
24 51
24 94
24 37
24 31
24 47
24 30
24 56
25 89
25 89
25 58
25 43
25 66
25 27
25 43
25 39
25 47
26 77
26 55
26 82
26 29
26 28
26 78
27 63
27 86
27 69
27 95
27 47
27 32
27 78
27 46
27 61
27 92
27 85
27 92
27 71
28 84
28 42
28 30
28 45
28 82
28 38
29 56
29 33
29 60
29 85
29 48
29 88
29 50
30 32
30 36
30 39
30 43
30 86
30 69
30 69
31 82
31 47
31 49
31 86
31 65
31 54
32 35
32 57
32 96
32 43
32 51
32 35
32 73
32 54
32 35
33 91
33 45
33 88
33 76
33 91
33 37
33 97
33 35
33 35
33 70
33 61
34 37
34 68
34 70
34 46
34 94
34 49
34 46
35 63
35 75
35 63
35 83
35 77
36 48
36 85
36 91
36 67
36 59
36 86
37 75
37 72
37 58
37 69
37 64
37 91
37 80
37 49
38 81
38 60
38 66
38 83
38 51
39 76
39 76
40 72
40 44
40 47
40 48
40 44
40 68
41 72
41 68
41 76
42 45
42 82
42 77
42 57
42 95
42 52
42 60
43 98
43 82
43 79
43 95
43 61
43 98
44 79
44 98
44 81
44 81
44 78
44 66
45 89
45 86
45 64
45 82
45 47
45 95
45 93
46 85
46 66
46 70
46 51
46 75
47 98
47 49
47 59
47 88
48 53
48 81
48 68
48 66
48 86
48 73
48 92
48 87
48 55
49 74
49 70
49 95
49 51
49 85
49 62
49 56
50 91
50 82
50 81
50 84
50 51
50 71
51 84
51 56
51 89
52 65
52 69
52 87
52 77
52 88
52 55
53 77
53 70
53 96
53 58
54 72
54 98
55 97
55 77
55 82
55 80
55 56
55 75
55 95
56 68
56 81
56 78
56 59
56 86
56 82
56 68
56 97
57 93
57 94
57 62
58 68
58 88
58 84
58 86
58 65
59 94
59 61
59 82
59 74
59 71
60 83
61 82
62 98
62 81
62 81
62 88
63 84
63 71
64 82
64 86
65 78
65 92
65 81
65 75
66 76
66 86
66 92
67 79
67 76
67 97
67 87
68 74
68 77
68 93
68 79
68 97
68 74
69 83
69 85
69 89
70 94
70 79
70 81
70 82
70 90
70 80
71 81
71 77
71 82
72 82
72 78
72 76
72 74
73 88
73 88
73 98
74 95
74 81
75 90
76 80
76 90
76 84
77 87
77 81
78 89
78 87
79 80
80 98
80 93
80 86
81 92
81 85
82 96
84 85
84 92
85 89
85 97
88 91
89 93
89 91
89 94
90 96
90 96
91 93
94 97
95 96
