0 94
0 83
0 78
0 50
0 75
0 65
0 39
1 27
1 2
1 84
1 98
1 34
1 16
1 67
2 86
2 57
2 63
2 75
2 93
2 54
2 88
2 94
2 20
3 21
3 28
3 36
3 43
3 26
3 83
3 69
3 24
3 57
4 51
4 71
4 50
4 16
4 97
4 24
4 86
4 93
4 87
5 39
5 63
5 16
5 85
5 64
5 42
5 67
5 76
5 65
5 45
5 41
6 55
6 27
6 26
6 71
6 11
6 83
6 85
6 82
6 48
6 15
6 91
6 29
7 10
7 89
7 38
7 27
7 16
7 82
7 45
7 97
7 84
8 38
8 56
8 9
8 71
8 80
8 10
8 97
8 10
9 79
9 25
9 76
9 41
9 17
9 91
9 79
9 55
9 73
10 53
10 64
10 32
11 99
11 79
11 85
11 32
11 17
11 75
11 59
11 18
11 73
11 49
12 18
12 36
12 59
12 63
12 32
12 81
12 48
12 56
12 49
13 14
13 97
13 64
13 38
14 31
14 43
14 91
14 92
14 84
14 41
14 89
14 94
14 71
14 27
14 63
14 71
15 27
15 95
15 43
15 90
15 84
15 25
15 36
16 37
16 46
16 18
16 39
16 78
16 28
16 17
16 46
16 58
16 98
17 74
17 54
17 21
17 36
17 25
17 19
17 84
17 88
18 84
18 41
18 40
18 61
19 96
19 96
19 68
19 57
19 35
19 82
19 95
20 73
20 72
20 79
20 74
20 39
20 21
21 35
21 91
21 58
21 45
21 32
21 91
22 39
22 44
22 39
22 78
23 33
23 30
23 39
23 89
23 71
23 28
23 46
23 41
23 25
23 58
23 68
23 85
23 95
23 75
24 85
24 54
24 94
25 90
25 78
25 94
25 54
25 39
25 79
25 40
25 94
25 27
25 58
26 32
26 28
26 77
26 76
26 92
26 89
26 47
27 86
27 35
27 52
27 30
27 92
27 97
27 83
27 99
28 86
28 91
28 74
28 97
28 74
28 34
28 94
28 75
28 39
28 92
29 93
29 67
29 44
29 61
29 38
29 96
29 75
29 42
29 81
29 41
30 70
30 94
30 63
30 93
30 95
30 74
30 40
30 89
31 75
31 61
31 36
31 68
31 99
31 83
31 85
32 65
32 39
32 35
32 35
32 56
32 33
32 81
32 37
32 92
33 82
33 38
33 48
33 73
33 37
33 46
33 57
33 95
33 76
34 94
34 55
34 77
34 99
34 84
34 60
34 83
34 94
34 92
34 50
34 43
35 37
35 72
35 69
35 36
35 73
35 91
36 97
36 38
36 65
36 92
36 94
36 84
36 46
37 56
37 51
37 88
37 51
37 82
37 39
38 95
38 76
38 42
38 99
38 43
38 50
38 55
38 46
38 83
39 84
40 42
40 75
40 65
40 91
40 64
41 75
41 84
41 69
41 77
41 77
41 55
41 90
42 90
42 64
42 76
42 91
42 96
43 82
43 48
43 88
43 63
43 90
43 70
43 98
43 71
44 69
44 63
44 73
44 99
44 60
45 75
45 98
45 63
45 51
45 55
45 73
46 67
46 66
46 82
47 50
47 58
47 82
47 95
47 88
48 88
48 71
48 74
48 56
48 62
48 71
48 49
48 83
48 73
49 80
49 78
49 89
49 96
49 88
49 72
49 96
49 68
50 54
50 81
50 76
50 57
51 88
51 64
51 80
51 55
51 91
52 55
52 72
52 69
52 75
52 78
52 94
53 62
53 85
53 75
53 75
54 90
54 72
54 60
55 99
55 78
55 63
55 81
55 80
56 57
56 76
56 59
56 72
56 93
56 88
56 81
57 63
57 70
57 93
58 67
58 82
58 95
58 60
59 94
59 62
59 70
59 70
59 96
60 92
60 78
60 86
61 91
61 80
62 84
62 79
62 73
63 64
63 97
63 96
63 67
63 79
64 71
64 85
64 99
64 98
65 92
65 83
65 91
65 90
66 84
66 94
66 69
66 98
66 71
66 79
67 76
68 80
68 79
68 82
68 97
68 77
70 82
70 86
71 99
72 80
72 99
72 86
74 76
75 87
75 99
76 99
76 77
77 95
77 81
77 78
77 99
78 93
78 80
78 83
78 83
79 81
79 83
79 90
79 93
80 93
81 84
82 99
83 87
83 84
84 93
84 91
84 94
85 92
87 90
87 96
88 98
88 95
88 92
90 97
91 99
91 94
92 97
92 93
93 99
93 99
94 96
