0 26
0 25
0 44
0 36
0 87
0 94
0 80
0 28
0 44
1 29
1 59
1 41
2 69
2 84
2 44
2 11
2 56
2 43
2 94
3 30
3 99
3 9
3 73
3 38
3 34
3 76
3 71
4 67
4 27
4 66
4 96
4 9
4 14
4 83
4 18
4 17
5 55
5 96
5 44
5 48
6 56
6 23
6 59
6 80
6 63
6 16
6 74
6 97
6 14
6 65
7 44
7 37
7 87
7 53
7 97
7 78
7 60
7 63
7 62
7 26
7 24
7 60
7 73
7 92
7 20
7 35
8 30
8 21
8 10
8 89
9 54
9 89
9 51
9 61
9 65
9 56
9 49
10 37
10 19
10 79
10 90
10 12
10 82
10 15
10 17
10 18
11 21
11 37
11 81
11 38
11 93
11 34
11 76
11 53
11 50
12 32
12 78
12 79
12 25
12 72
12 81
12 22
13 48
13 87
13 86
13 42
13 49
13 39
13 54
13 21
13 80
13 84
13 70
13 97
14 44
14 43
14 19
14 75
14 82
15 99
15 88
15 17
15 95
15 74
15 74
15 25
16 74
16 77
16 44
16 55
16 28
16 35
16 83
17 47
17 57
17 91
17 77
17 50
17 29
17 42
17 22
17 81
17 48
17 90
17 43
17 83
17 97
18 50
18 53
18 83
18 20
18 91
18 37
19 81
19 91
19 88
19 67
19 53
19 95
19 67
19 59
19 37
20 48
20 28
20 26
20 70
20 39
20 90
20 51
21 71
21 78
21 94
21 92
21 29
21 58
21 52
21 62
21 45
22 28
22 30
22 81
22 35
22 44
22 23
22 78
23 76
23 54
23 61
23 81
23 76
23 77
23 31
23 35
24 36
24 67
24 83
24 96
24 93
24 43
25 99
25 65
25 71
25 67
25 37
25 56
25 88
25 60
25 50
25 47
25 76
25 95
26 89
26 29
26 71
26 66
27 88
27 77
27 83
27 91
27 78
27 72
27 58
27 65
27 52
27 64
28 78
28 50
28 36
28 96
28 74
28 95
28 50
28 64
28 89
28 51
28 91
29 38
29 95
29 35
29 69
29 37
29 43
29 33
29 75
29 91
29 42
29 38
29 80
29 33
30 62
30 86
30 34
30 91
30 59
30 36
31 65
31 43
31 38
31 58
31 36
31 52
31 88
31 64
31 81
32 97
32 51
32 98
32 82
32 44
32 85
32 83
32 48
32 97
33 49
33 56
33 82
33 51
33 60
33 56
33 98
33 58
34 78
34 89
34 44
34 63
35 68
35 74
35 84
35 42
35 38
35 95
35 51
36 97
36 73
36 63
36 47
36 61
36 44
36 84
37 69
37 96
37 47
37 44
37 49
38 72
38 46
38 79
38 90
38 89
38 41
38 85
38 75
39 79
39 76
39 72
39 68
40 67
40 56
40 56
40 70
40 90
40 85
41 72
41 92
41 89
41 81
41 74
41 89
41 65
41 65
41 98
41 84
42 62
42 60
42 94
42 62
42 90
42 67
42 51
42 99
43 70
43 64
43 79
43 62
43 61
43 84
44 53
44 56
45 50
45 88
45 75
45 61
45 67
46 50
46 84
46 99
46 71
46 72
46 49
47 77
47 94
47 79
47 73
47 53
47 86
48 89
48 91
48 79
48 74
48 67
48 87
48 51
48 90
49 61
49 84
49 63
50 89
50 68
50 54
50 62
50 65
50 52
51 95
52 88
53 54
53 78
53 82
53 58
53 91
53 71
53 61
53 55
53 62
54 94
54 58
54 97
55 97
55 89
55 60
56 97
57 60
57 62
57 68
57 94
57 95
57 97
57 91
58 82
58 89
58 70
59 71
59 72
59 88
59 94
59 73
60 95
60 89
60 95
60 73
60 99
61 66
61 81
61 99
62 77
62 80
62 79
62 68
62 81
62 68
62 98
62 97
63 86
63 81
63 94
63 95
63 90
63 79
64 93
64 91
65 80
65 86
65 83
65 74
65 67
65 92
66 79
66 73
66 91
67 75
68 81
68 93
69 74
69 87
70 86
70 91
71 98
71 92
71 86
72 82
72 90
73 94
73 86
73 95
74 98
74 83
74 79
74 77
75 91
75 89
75 98
76 81
76 93
77 79
77 90
77 82
78 87
78 79
78 88
78 93
79 90
79 81
79 81
79 84
80 82
80 88
80 92
80 82
81 93
81 96
83 87
84 93
84 96
86 91
86 97
86 97
86 88
87 97
92 95
95 96
97 98
