0 47
0 75
0 57
0 3
0 25
0 48
1 50
1 30
1 17
1 69
1 77
1 49
1 98
1 33
1 73
1 37
2 35
2 61
2 36
2 41
2 14
2 65
2 96
2 12
2 25
2 51
3 94
3 51
3 74
3 90
3 60
3 79
3 41
3 84
3 50
3 25
3 7
4 47
4 92
4 23
4 49
4 64
4 80
4 63
4 7
4 24
4 27
4 37
4 9
5 35
5 18
5 86
5 14
5 76
5 14
5 69
5 14
5 45
6 63
6 27
6 46
6 63
6 51
6 98
6 66
6 88
6 58
6 44
6 93
7 57
7 99
7 79
7 70
7 34
7 85
7 34
7 97
7 35
7 62
8 95
8 14
8 76
8 94
8 91
8 32
8 29
8 40
8 59
8 21
8 32
8 57
9 81
9 93
9 22
9 18
9 41
9 14
9 62
9 93
10 62
10 14
10 93
10 44
10 84
10 98
10 57
10 20
10 92
10 19
11 68
11 65
11 72
11 91
11 85
11 88
11 89
11 75
12 60
12 43
12 30
12 63
12 71
13 76
13 54
13 98
13 16
13 27
13 60
13 66
13 41
14 54
14 16
14 34
14 70
14 60
14 90
14 84
14 63
14 71
14 89
14 79
15 84
15 66
15 18
15 32
15 93
15 57
15 33
15 36
15 44
15 41
15 98
15 62
16 84
16 30
16 24
16 60
16 21
16 42
16 86
17 53
17 85
17 25
17 33
17 29
17 66
18 54
18 53
18 24
18 70
18 35
18 39
18 77
18 41
18 77
18 52
19 49
19 23
19 47
19 68
19 86
20 50
20 93
20 24
20 28
20 93
20 36
20 45
20 36
21 46
21 38
21 65
21 77
21 91
21 36
21 65
21 53
21 49
21 98
21 89
22 57
22 74
22 76
22 82
22 75
22 88
22 55
22 31
22 61
23 89
23 87
23 56
23 98
23 43
24 95
24 39
24 76
24 27
24 72
24 29
24 68
24 56
24 72
25 63
25 36
25 31
25 78
25 71
25 60
25 60
25 32
25 29
25 99
26 92
26 68
26 72
26 79
26 52
26 78
26 49
27 45
27 65
27 41
27 28
28 43
28 43
28 67
28 35
28 49
28 55
28 32
29 85
29 42
29 63
29 31
29 36
29 87
29 73
29 71
29 46
29 56
30 48
30 39
30 76
30 64
30 65
30 72
30 63
30 39
31 67
31 53
31 55
31 94
31 54
31 91
31 73
31 47
31 71
31 34
31 81
31 53
31 53
31 33
32 89
32 88
32 69
32 83
32 90
32 90
33 87
33 39
33 85
33 64
33 38
33 34
34 89
34 65
34 42
34 39
34 70
35 65
35 86
35 65
35 94
35 82
35 84
35 65
35 47
35 96
36 66
36 45
36 41
36 95
37 52
37 38
37 38
37 96
38 81
38 65
38 73
38 45
39 80
39 93
39 60
39 85
39 74
39 58
40 47
40 46
40 86
40 44
40 80
40 70
40 72
41 44
41 79
41 64
41 82
42 55
42 62
42 84
42 94
42 72
42 71
43 46
43 49
43 97
43 80
44 83
44 97
44 51
44 68
44 93
44 73
44 56
44 94
44 70
45 97
45 83
45 88
46 76
46 58
46 87
46 99
46 78
46 65
46 55
46 93
47 85
47 72
47 74
47 99
47 67
47 95
48 49
48 63
48 90
48 71
48 59
48 88
48 75
49 56
49 97
49 70
49 97
49 94
49 52
50 71
50 99
50 71
50 58
50 75
50 73
50 94
51 84
51 77
51 73
51 86
52 79
52 58
52 96
52 82
52 64
53 55
53 65
53 62
53 98
53 72
53 94
53 54
54 76
54 66
54 72
54 61
54 81
55 62
55 88
56 93
56 90
56 92
56 61
57 87
57 86
57 60
57 77
58 91
59 77
59 67
59 68
59 97
60 81
60 82
60 68
60 84
60 75
60 94
60 89
61 75
61 81
61 67
62 68
62 77
62 82
62 95
62 92
62 87
64 86
64 97
64 84
64 96
65 94
65 96
66 67
66 86
67 79
67 68
68 85
68 84
69 84
69 88
69 80
69 77
69 99
70 94
70 86
70 96
70 96
70 99
70 94
71 92
71 86
72 77
72 95
72 77
73 84
73 74
74 95
74 99
74 89
75 98
75 97
75 98
75 82
76 90
77 91
79 87
81 88
81 90
81 82
82 91
85 96
86 94
87 98
87 99
87 98
89 99
89 90
90 97
90 99
92 95
