0 68
0 65
0 21
0 65
0 58
0 10
0 58
0 36
0 66
0 48
1 98
1 40
1 86
1 26
1 61
1 96
2 30
2 74
2 24
2 82
2 41
2 77
2 17
2 73
3 66
3 77
3 97
3 55
3 71
3 45
3 84
3 88
3 42
4 79
4 17
4 6
4 85
4 26
4 49
4 91
5 35
5 71
5 39
5 74
5 90
5 35
5 32
5 83
5 35
5 56
6 13
6 99
6 88
6 31
6 79
6 54
6 96
6 83
6 42
6 95
6 20
6 98
6 40
6 25
6 98
6 42
7 35
7 61
7 75
7 28
7 42
7 39
7 79
8 98
8 94
8 24
8 60
9 74
9 20
9 73
9 49
9 99
9 83
9 43
9 40
9 62
10 55
10 89
10 17
10 86
10 55
10 63
10 97
10 20
10 38
11 89
11 51
11 67
11 84
11 89
11 60
11 99
11 35
11 91
11 62
11 36
11 97
12 71
12 30
12 94
12 58
12 60
13 81
13 24
13 95
13 78
13 96
13 38
13 96
13 23
13 18
13 49
14 17
14 63
14 22
14 64
14 92
14 28
14 41
14 43
14 29
14 54
15 64
15 18
15 51
15 54
15 63
15 66
15 62
15 22
15 75
15 17
15 39
15 25
16 95
16 73
16 30
16 74
16 79
16 46
16 68
17 22
17 42
17 41
17 25
17 34
17 33
17 37
17 83
18 93
18 49
18 84
18 20
18 34
18 90
18 66
18 36
18 46
18 27
19 85
19 69
20 99
20 99
20 66
20 94
20 40
20 26
20 57
21 65
21 70
21 91
21 80
21 76
21 64
21 30
21 85
21 43
21 52
21 45
21 72
22 92
22 24
22 94
22 57
22 99
22 42
23 41
23 60
23 40
24 69
24 60
24 39
24 98
24 85
24 27
24 61
24 88
24 99
24 71
24 48
25 98
25 82
25 39
26 93
26 84
26 33
26 52
26 71
26 88
26 99
26 39
26 35
27 89
27 47
27 71
27 81
27 41
27 78
27 75
27 77
27 74
27 89
27 93
27 38
27 64
27 40
27 33
28 63
28 80
28 57
28 82
28 84
28 68
28 89
28 96
29 76
29 96
29 72
29 59
29 95
29 32
29 59
30 47
30 41
30 94
30 60
30 53
31 71
31 57
31 91
31 46
31 35
31 95
32 78
32 92
32 41
32 66
33 80
33 56
33 49
33 71
33 50
34 99
34 96
34 77
34 89
34 88
34 59
34 96
34 69
34 70
35 52
35 83
35 76
35 84
35 56
35 46
36 83
36 79
36 89
36 89
36 81
36 91
36 58
36 40
37 89
37 85
37 47
37 45
37 74
37 73
37 46
38 59
38 83
39 90
39 92
39 86
39 56
39 78
39 58
40 47
40 52
40 51
40 42
40 47
40 51
40 81
40 99
40 89
40 68
40 52
41 59
41 53
41 43
41 48
42 43
42 96
42 62
42 96
42 81
43 99
43 65
43 97
43 65
43 93
44 72
44 93
44 62
45 80
45 72
45 67
45 90
46 96
46 69
46 85
47 76
47 51
47 90
47 54
47 63
47 75
47 59
47 82
48 61
48 51
48 63
48 86
48 78
48 54
49 70
49 93
49 91
50 90
50 81
50 64
50 85
50 92
50 63
50 88
51 72
51 64
51 56
52 83
52 83
52 53
53 65
53 61
53 99
53 56
53 84
53 59
53 74
54 77
54 85
54 64
55 91
55 76
56 89
56 78
56 76
56 80
56 84
56 91
56 68
56 60
57 96
57 96
57 92
57 62
57 65
57 65
58 88
58 84
58 72
58 64
58 87
58 89
59 62
59 95
59 70
59 96
59 89
59 74
59 84
59 85
61 68
61 99
61 71
61 93
61 83
62 73
62 69
62 84
62 89
62 92
62 79
63 69
63 95
63 68
63 85
63 83
63 94
65 80
65 96
65 89
65 73
66 78
66 91
66 75
67 71
67 99
67 86
67 70
68 98
68 75
68 97
68 90
68 86
69 74
69 78
69 83
69 96
69 77
69 70
69 87
70 99
70 93
71 83
71 76
72 87
72 88
72 89
73 94
74 76
74 81
74 91
74 76
74 92
74 93
75 97
75 95
75 78
75 93
75 76
76 90
76 77
76 99
77 90
77 87
77 98
77 92
78 91
79 96
79 86
81 96
81 95
82 94
82 99
82 90
83 94
84 95
84 94
84 96
85 95
86 94
87 97
88 94
91 93
91 94
93 95
