0 88
0 50
0 79
0 46
0 47
0 2
0 16
0 93
0 3
0 9
0 70
0 4
1 40
1 44
1 34
1 35
1 56
1 79
1 80
1 77
1 48
1 98
1 92
1 52
1 29
2 57
2 51
2 52
2 23
2 12
2 33
3 71
3 20
3 6
3 26
3 89
3 75
3 60
3 55
3 27
4 22
4 55
4 26
4 7
4 78
4 75
4 28
4 51
4 64
5 11
5 27
5 31
5 53
5 11
5 30
5 78
5 96
5 87
5 9
5 17
5 84
6 89
6 8
6 11
6 31
6 69
6 20
6 39
6 31
6 86
7 19
7 66
7 84
7 8
7 31
7 33
7 66
7 67
7 80
8 25
8 27
8 28
8 45
8 42
8 60
8 66
8 67
8 95
8 73
8 83
8 34
8 25
9 49
9 51
9 41
9 96
9 14
9 11
10 66
10 44
10 15
10 70
10 27
10 89
10 19
10 29
10 70
10 22
10 70
10 81
10 44
10 77
10 30
10 50
10 37
11 76
11 26
11 86
11 46
11 12
11 62
11 84
11 60
12 83
12 20
12 89
12 58
12 84
12 25
12 84
12 19
12 42
12 27
13 96
13 20
13 92
13 40
13 89
13 82
13 75
13 61
13 99
13 72
14 38
14 64
14 20
14 89
14 53
14 84
14 25
14 17
14 92
14 88
15 48
15 88
15 65
15 54
16 57
16 27
16 65
16 44
16 57
16 60
16 57
16 41
16 52
17 37
17 70
17 65
17 57
17 41
17 79
17 66
17 91
17 51
17 61
17 24
18 88
18 45
18 55
18 32
18 44
18 82
18 48
19 29
19 75
19 50
19 34
19 87
19 76
19 89
19 35
19 61
19 79
19 93
19 88
19 52
20 41
20 89
20 46
20 82
20 47
20 45
20 64
20 96
20 70
20 83
20 57
20 56
20 59
20 97
20 24
21 54
21 40
21 25
21 36
21 75
21 52
21 54
21 68
21 56
21 72
22 40
22 81
22 71
22 30
22 66
22 43
22 63
22 53
22 68
22 62
22 70
22 93
22 80
23 24
23 27
24 53
24 46
24 82
24 58
24 90
24 46
24 49
24 82
24 82
24 54
24 93
25 92
25 91
25 54
25 58
25 30
25 77
25 72
25 66
25 31
25 72
25 76
25 58
26 72
26 94
27 81
27 29
27 63
28 60
28 74
28 48
28 47
28 88
28 52
28 69
28 82
28 49
29 65
29 41
29 81
29 63
29 98
29 81
29 88
29 53
29 44
29 90
29 40
30 32
30 76
30 68
31 82
31 88
31 71
31 62
31 55
31 38
31 67
31 73
31 37
32 70
32 88
32 98
32 42
32 41
32 38
32 40
33 38
33 53
33 87
33 81
33 79
33 60
34 62
34 99
34 96
34 45
34 98
35 39
35 74
35 68
35 51
35 67
35 75
35 53
35 50
36 98
36 85
36 40
36 74
36 73
36 89
36 58
36 40
37 95
37 45
37 40
37 48
37 93
37 48
37 91
38 83
38 67
38 98
38 86
38 43
39 74
39 97
40 87
40 88
41 62
41 81
41 59
41 87
41 89
41 88
41 69
41 48
41 70
41 56
42 60
42 81
42 79
42 75
43 71
43 48
43 70
44 61
44 66
44 65
44 79
44 92
44 45
45 74
45 88
45 47
45 50
45 70
45 88
46 75
46 95
46 93
46 47
47 51
47 60
47 99
47 99
47 56
47 60
47 91
48 66
48 53
49 70
49 75
49 80
49 70
49 74
49 79
49 59
50 70
50 94
50 64
51 85
51 84
52 84
52 58
52 59
52 85
53 60
53 65
53 65
54 99
54 55
54 87
54 74
54 93
54 91
55 71
56 94
56 90
56 91
56 83
57 91
57 74
57 73
57 64
57 78
57 74
57 74
57 60
58 84
58 68
58 83
59 70
59 79
60 77
60 91
60 90
60 72
61 91
61 79
61 62
62 75
62 71
63 79
64 75
64 87
65 94
65 87
65 81
65 88
65 73
66 97
67 77
67 81
67 88
67 79
68 80
68 76
68 99
68 87
68 82
69 87
69 94
69 90
69 81
71 92
71 79
72 75
72 82
73 86
73 87
74 84
75 94
76 96
76 86
76 78
77 84
77 82
77 98
78 90
78 96
79 88
81 98
82 89
82 91
84 96
84 85
85 96
85 90
85 89
85 86
86 98
86 89
86 96
89 91
89 95
89 98
90 99
92 97
92 94
97 98
97 99
