0 15
0 87
0 76
0 49
0 98
0 11
0 2
0 52
0 93
0 45
1 50
1 46
1 57
1 50
1 25
1 10
1 4
1 51
1 50
1 38
1 52
1 49
1 60
1 26
1 98
1 82
1 8
1 44
2 40
2 35
2 84
2 89
2 31
2 54
2 53
2 19
2 83
2 82
3 90
3 91
3 87
3 8
3 45
3 63
4 8
4 67
4 97
4 24
4 14
4 83
4 80
4 73
5 30
5 30
5 56
5 38
5 73
5 94
6 29
6 31
6 92
6 34
6 28
6 44
6 99
6 56
6 12
6 50
6 9
6 68
7 74
7 75
7 50
7 78
7 55
7 21
7 78
7 27
7 49
7 50
8 42
8 56
8 72
8 68
8 94
8 12
8 62
8 47
8 57
8 69
8 91
8 83
8 51
9 18
9 67
9 64
9 45
9 65
9 65
9 36
9 97
9 79
9 99
9 25
10 18
10 22
10 74
10 18
10 88
10 92
10 70
10 87
11 16
11 62
11 30
11 86
11 69
11 70
11 17
11 89
11 73
11 43
12 31
12 51
12 89
12 49
12 85
12 48
13 35
13 56
13 36
13 47
13 43
13 26
13 69
13 37
13 77
13 34
14 70
14 93
14 76
14 55
14 25
14 46
14 74
14 35
15 82
15 38
15 75
15 86
15 58
15 67
15 37
15 30
16 86
16 62
16 54
16 32
16 21
16 83
16 55
16 36
17 49
17 67
17 24
17 60
17 72
17 83
17 85
18 82
18 41
18 40
18 37
18 52
18 31
18 72
18 91
18 74
18 94
18 69
18 86
19 92
19 57
19 99
19 29
19 62
19 76
19 79
19 56
19 29
19 99
19 45
19 44
19 39
20 63
20 92
20 22
21 80
21 87
21 37
21 64
21 28
21 30
21 27
21 27
21 75
21 44
22 67
22 98
22 49
22 90
22 23
23 29
23 27
23 27
23 27
23 58
23 77
23 87
24 45
24 86
24 94
24 98
24 96
25 72
25 41
25 47
25 65
25 47
26 81
26 49
26 35
26 80
26 44
26 88
26 70
26 54
27 39
27 90
27 36
27 41
27 34
27 42
28 50
28 57
28 76
28 89
29 62
29 71
29 55
29 39
29 78
29 92
29 84
29 44
29 48
29 30
30 53
30 31
30 66
30 60
30 40
31 84
31 96
31 77
31 62
31 97
31 71
31 89
32 72
32 63
32 44
32 62
32 58
32 57
32 39
33 52
33 61
33 38
33 63
33 87
33 84
33 73
34 38
34 58
34 63
34 45
34 45
34 85
35 43
35 95
35 86
35 57
35 48
35 52
35 96
36 54
36 86
36 69
36 66
36 59
36 54
36 51
36 37
36 86
37 97
37 76
37 90
37 71
37 47
38 73
38 93
38 91
38 46
38 78
38 61
39 56
39 55
39 82
39 54
39 69
39 47
39 61
39 94
39 88
40 76
40 99
41 78
41 73
41 76
41 93
41 42
41 72
41 96
41 82
42 74
42 96
42 85
43 82
43 70
43 45
43 92
43 48
43 56
43 44
44 98
44 74
44 83
44 46
44 71
45 69
45 85
45 52
45 90
46 71
46 73
46 47
46 86
46 57
46 75
47 90
47 85
47 97
47 94
47 55
47 98
48 87
48 97
48 72
48 58
48 64
48 98
48 85
48 89
49 81
49 74
49 63
49 69
49 93
50 82
51 77
51 81
51 70
51 57
51 65
52 61
52 55
52 53
52 61
52 64
53 68
53 58
53 90
53 73
53 74
53 69
53 69
53 96
53 75
53 65
54 61
54 83
54 64
54 87
54 75
55 90
55 57
55 70
55 95
55 60
56 69
56 91
56 92
56 60
56 74
56 91
57 78
57 58
57 93
57 72
57 96
57 70
58 63
58 81
58 88
58 69
58 88
58 69
59 83
59 79
60 74
60 85
60 66
61 77
61 74
61 82
62 64
62 80
63 81
64 86
64 86
64 68
64 85
64 78
64 91
64 79
65 76
65 88
65 86
66 74
67 82
67 86
68 73
68 74
68 72
68 91
68 99
69 81
69 79
69 74
69 85
69 86
69 86
69 93
70 99
70 81
70 89
70 87
71 75
72 81
72 81
73 78
73 84
73 88
74 77
74 95
74 98
75 92
75 94
76 91
76 79
77 98
78 95
79 95
80 94
80 84
83 93
83 87
83 93
84 87
89 90
90 95
91 97
91 92
91 97
92 94
92 99
93 99
93 97
96 99
