0 8
0 66
0 35
0 54
0 44
1 64
1 76
1 70
1 39
1 57
1 64
1 10
1 56
2 7
2 33
2 96
2 22
2 27
2 45
2 39
2 34
2 94
2 53
2 24
2 98
2 93
3 53
3 74
3 77
3 6
3 9
3 85
3 83
3 50
4 93
4 76
4 80
4 72
4 49
4 52
4 52
4 47
4 67
4 78
5 48
5 98
5 83
5 20
6 12
6 93
6 28
6 19
6 93
6 85
6 76
6 43
6 90
6 71
6 80
6 9
6 23
6 73
6 27
7 43
7 57
7 26
7 63
7 18
8 42
8 62
8 60
8 34
8 16
8 41
8 22
8 69
9 82
9 70
9 54
9 74
9 93
10 42
10 32
10 61
10 95
10 36
10 66
10 17
10 27
10 89
10 17
11 86
11 19
11 68
11 99
11 84
11 51
11 28
11 73
11 82
11 55
12 37
12 82
12 67
12 20
12 91
12 95
12 20
12 19
12 26
12 95
12 52
12 99
12 29
12 78
12 23
12 22
13 35
13 51
13 16
13 54
13 78
13 92
13 55
14 51
14 64
14 50
14 59
14 88
15 63
15 71
15 95
15 35
15 35
15 84
16 91
16 50
16 92
16 90
16 93
16 34
16 48
16 87
16 85
17 94
17 88
17 19
17 82
17 86
18 36
18 57
18 27
18 59
18 78
18 97
18 52
18 56
18 90
18 64
19 42
19 47
19 57
19 85
19 66
19 44
19 98
20 71
20 25
20 55
20 75
20 73
20 52
21 26
21 69
21 88
21 63
21 24
21 79
22 26
22 38
22 91
22 47
22 34
22 81
22 36
22 84
22 50
22 81
23 35
23 25
23 93
23 84
23 35
23 91
23 87
24 67
24 38
24 78
24 97
24 46
24 55
24 93
24 94
24 66
24 32
24 71
25 55
25 26
25 54
25 43
25 59
25 53
25 89
26 90
26 61
26 54
26 76
26 81
26 69
26 45
26 78
26 32
27 70
27 84
27 68
27 41
27 80
27 94
27 91
27 68
27 84
27 53
28 31
28 89
28 79
28 48
28 51
28 70
29 85
29 55
29 57
29 62
29 52
30 46
30 67
30 55
30 50
30 64
31 35
31 48
31 98
31 76
31 47
31 74
31 90
31 95
31 64
31 47
31 33
31 60
32 73
32 89
32 50
32 85
32 38
32 94
32 54
32 87
32 59
32 41
32 67
33 78
33 54
33 52
33 58
33 59
33 40
34 48
34 73
34 63
34 60
34 95
34 44
34 54
34 85
35 45
35 88
35 60
35 71
35 70
35 97
35 99
35 64
35 48
36 41
36 88
36 38
36 60
37 85
37 40
37 46
37 92
37 84
38 75
38 43
38 71
38 85
38 46
38 67
38 68
38 77
39 66
39 83
39 60
39 91
39 69
39 94
39 40
39 45
39 80
39 78
39 87
39 47
39 70
40 66
40 59
40 96
40 73
40 90
40 95
40 76
40 52
40 58
40 89
40 47
41 93
41 60
41 84
42 60
42 83
42 95
42 69
42 70
42 96
43 72
44 87
44 63
44 56
44 59
44 46
44 88
45 57
45 78
45 88
46 69
46 76
46 61
46 72
46 70
46 80
46 73
46 51
47 65
47 97
47 94
47 71
47 69
47 87
47 62
48 50
48 72
48 89
48 88
49 79
49 52
49 58
49 78
49 53
50 94
50 66
50 64
50 56
50 71
50 71
51 75
51 57
51 86
51 68
52 80
52 58
52 80
52 55
53 66
53 94
53 99
53 82
53 57
53 92
54 98
54 90
54 65
54 71
54 70
54 81
54 72
54 85
54 61
55 79
55 87
55 67
55 65
55 84
55 62
56 98
56 87
56 70
56 88
57 68
57 77
58 60
58 88
58 74
58 64
58 89
59 75
59 66
59 89
59 60
59 73
59 73
60 90
60 84
60 72
60 99
61 66
61 62
62 76
62 82
62 85
63 77
63 92
64 88
64 80
64 94
65 66
65 96
65 86
65 70
67 93
67 73
68 84
68 85
68 99
69 91
70 82
70 97
70 91
70 86
70 93
71 88
71 94
71 72
71 99
72 78
73 92
73 78
73 75
74 86
74 94
74 83
74 88
75 85
76 88
77 95
77 85
77 80
78 98
78 96
79 98
79 92
79 93
80 95
81 96
81 84
82 95
82 90
82 97
82 83
83 91
84 85
84 87
86 88
86 97
88 91
89 96
90 98
90 94
91 92
92 97
95 98
