0 91
0 83
0 11
0 63
0 25
0 58
0 52
0 47
0 68
0 13
0 74
0 62
0 44
1 55
1 76
1 30
1 48
1 14
1 95
2 41
2 50
2 54
2 79
2 67
2 54
2 34
2 64
3 97
3 8
3 80
3 7
3 75
3 73
3 13
3 38
4 30
4 32
4 5
4 54
4 83
4 80
4 14
4 44
4 48
4 68
5 34
5 47
5 29
5 33
5 89
5 70
5 76
6 42
6 51
6 55
6 52
6 18
6 99
6 45
6 29
6 32
7 8
7 91
7 26
7 34
7 39
7 77
7 87
7 10
7 84
8 27
8 10
8 65
8 15
8 88
8 83
8 28
8 56
8 74
8 79
8 80
9 28
9 93
9 21
9 76
9 80
9 37
9 13
9 56
9 72
9 16
10 84
10 33
10 52
10 70
10 76
10 87
11 67
11 97
11 65
11 89
11 22
12 17
12 82
12 72
12 66
12 44
12 98
12 25
12 33
12 83
12 46
13 65
13 85
13 50
13 24
13 37
13 71
13 61
13 98
14 15
14 76
14 57
14 15
14 31
14 20
14 70
14 92
14 76
14 37
14 59
14 57
15 69
15 55
15 82
15 33
15 92
15 74
15 39
16 56
16 93
16 32
16 41
16 48
16 88
17 94
17 65
17 27
17 84
17 71
17 36
17 33
17 59
17 53
17 18
17 80
18 79
18 44
18 94
18 90
18 74
18 24
18 22
19 29
19 66
19 44
19 82
19 21
19 51
19 29
19 51
19 86
19 21
19 74
20 60
20 87
20 97
20 42
20 64
20 75
20 66
21 35
21 97
21 76
21 61
21 74
21 93
21 29
21 81
21 25
21 49
22 99
22 65
22 30
22 61
22 89
22 25
22 96
22 79
22 76
22 81
22 81
22 94
23 63
23 92
23 54
23 68
23 26
23 97
24 30
24 45
24 66
24 92
24 91
24 98
24 49
24 56
25 76
25 88
25 55
25 62
25 77
25 95
25 64
26 46
26 74
26 49
26 63
26 66
26 61
26 99
27 52
27 33
27 75
27 41
28 63
28 87
28 38
28 57
28 81
28 96
29 93
29 38
29 93
29 94
29 67
30 35
30 81
30 64
30 71
30 42
30 93
30 58
31 81
31 83
31 77
31 97
31 35
32 98
32 53
32 84
32 46
32 69
33 73
33 56
33 85
33 40
33 56
33 58
33 55
33 85
33 53
33 50
33 70
33 61
34 99
34 36
34 83
34 89
34 44
34 93
35 85
35 39
35 77
35 86
35 81
35 54
35 83
35 58
36 45
36 47
36 86
36 49
36 64
37 59
37 78
37 71
37 40
37 78
38 86
38 82
38 41
38 61
38 78
38 53
39 45
39 78
39 46
39 52
39 73
40 47
40 72
40 83
40 92
40 81
41 83
41 64
41 69
41 66
41 72
42 46
42 44
42 90
42 62
42 85
43 53
43 52
43 74
43 77
43 47
43 58
43 74
43 62
43 54
43 67
44 88
44 61
44 93
44 78
44 55
44 98
44 91
44 66
45 59
45 79
45 66
45 92
45 76
45 84
45 70
46 63
46 81
47 76
47 70
47 58
47 76
47 54
47 85
47 52
48 64
48 66
49 99
49 80
49 96
49 66
49 95
49 81
49 73
49 61
50 92
50 66
50 75
50 51
50 79
50 55
51 70
51 93
51 53
51 52
51 87
51 63
52 79
52 79
52 78
52 97
53 68
53 55
53 65
54 89
54 92
54 94
54 85
54 89
54 58
54 73
54 88
55 79
55 62
55 82
56 73
56 86
56 78
56 97
56 88
57 66
57 66
57 91
58 99
58 87
58 83
58 62
58 65
59 95
59 68
59 85
59 62
59 96
59 92
59 67
59 68
59 89
60 69
60 69
60 71
61 63
61 84
61 94
62 74
62 94
62 92
62 66
62 83
62 73
63 89
64 87
64 90
64 85
64 79
64 80
64 96
64 74
64 89
64 89
65 71
65 78
65 91
66 74
66 99
66 85
66 70
66 78
67 82
67 84
67 75
69 94
69 99
69 70
69 91
70 74
70 92
71 84
71 75
71 78
71 88
72 77
72 89
72 75
73 86
74 98
74 79
75 98
75 85
75 96
76 96
76 84
78 92
79 97
82 99
82 91
82 99
84 86
84 88
84 90
84 91
85 86
85 91
86 93
87 94
87 92
88 89
88 94
89 99
89 96
89 93
90 97
90 96
91 98
95 97
96 99
98 99
