0 12
0 2
0 43
0 70
0 89
0 8
0 45
0 19
1 82
1 12
1 89
1 4
1 93
1 45
2 82
2 57
2 49
2 77
2 52
2 17
2 96
2 47
3 19
3 62
3 62
3 96
3 37
3 91
3 90
3 30
4 94
4 48
4 56
4 39
4 50
4 37
4 87
4 49
5 92
5 68
5 97
5 91
5 21
6 21
6 35
6 63
6 59
6 89
6 62
6 66
7 85
7 62
7 15
7 78
7 32
7 62
8 71
8 15
8 90
8 66
8 14
8 12
8 92
8 94
8 96
8 25
8 54
8 75
8 25
8 94
9 15
9 24
9 61
9 49
9 53
9 98
9 96
9 35
10 42
10 48
10 92
10 58
10 18
10 13
10 96
10 98
11 92
11 80
11 84
11 44
11 85
11 33
11 13
11 42
12 37
12 46
12 64
12 54
12 48
12 57
12 73
13 83
13 23
13 75
13 45
13 51
13 83
13 17
13 39
13 65
13 88
13 68
14 26
14 58
14 73
14 67
14 70
15 51
15 24
15 91
15 32
15 17
15 53
15 87
15 53
15 45
16 46
16 62
16 31
16 36
16 35
16 28
16 24
16 30
16 40
16 34
16 69
16 99
16 51
16 68
16 29
16 60
17 31
17 42
17 53
17 42
18 42
18 79
18 43
18 39
18 41
18 82
18 56
18 34
19 66
19 77
19 28
19 60
20 24
20 88
20 96
20 92
20 41
20 81
20 60
20 62
20 99
20 99
20 34
20 98
20 25
20 79
20 80
21 54
21 72
21 63
21 54
22 99
22 56
22 86
22 79
22 36
22 98
23 48
23 64
23 91
23 42
23 79
23 76
23 31
23 75
24 92
24 37
24 76
24 38
24 99
24 84
24 77
24 95
24 48
24 85
24 25
24 99
24 98
25 32
25 78
25 79
25 86
25 93
25 41
25 81
25 81
26 27
26 59
26 37
26 62
26 93
26 29
26 92
27 50
27 95
27 66
27 51
27 43
27 33
27 45
27 64
28 86
28 54
28 64
28 69
28 82
28 46
29 74
29 37
29 60
29 44
29 33
29 56
30 44
30 46
30 69
30 39
30 64
31 32
31 93
31 85
31 73
31 64
31 49
31 45
31 43
31 61
32 59
32 59
32 87
32 47
32 98
32 60
32 81
32 92
32 92
32 76
33 53
33 56
33 59
33 79
33 95
33 93
33 99
33 96
34 92
34 37
34 82
35 92
35 85
35 73
35 94
36 88
36 81
36 61
36 61
36 95
37 49
37 72
37 92
37 89
37 64
37 64
37 58
37 82
38 95
38 86
38 83
38 78
38 91
38 65
38 76
38 41
38 55
38 58
39 95
39 93
39 45
39 47
39 88
39 62
40 69
40 92
40 75
40 98
40 94
40 62
41 80
41 87
41 60
41 75
42 49
42 83
42 59
42 95
42 71
43 94
43 80
43 77
43 90
43 57
43 79
43 71
43 81
43 54
44 95
44 66
44 81
44 85
45 73
45 54
45 75
45 71
45 75
45 70
45 67
46 97
46 74
46 94
46 58
46 88
47 91
47 78
47 82
47 71
48 50
48 56
48 57
48 79
48 82
48 51
48 50
48 71
48 53
48 96
49 70
49 59
49 91
49 73
49 70
49 72
49 50
49 70
49 79
50 74
50 69
50 91
50 66
51 91
51 97
51 72
52 58
52 90
52 85
52 91
52 60
53 55
53 96
53 90
53 92
53 90
54 95
54 78
54 94
54 77
55 88
55 88
55 67
55 73
55 69
55 79
56 99
56 75
56 79
56 62
56 79
56 62
56 68
57 65
57 99
57 99
58 73
58 78
59 64
59 65
59 75
59 66
60 80
60 86
60 83
60 87
61 96
61 63
62 72
62 80
62 81
63 77
63 67
63 72
63 75
64 66
64 92
64 74
64 69
64 87
64 68
64 81
64 74
65 91
65 86
65 94
65 79
66 82
66 77
66 81
66 95
66 77
66 99
67 73
67 84
67 85
67 84
67 95
68 81
68 88
68 97
68 97
68 72
69 77
69 85
69 98
69 70
70 95
70 94
70 80
71 87
71 88
72 74
72 93
72 73
73 93
73 91
73 86
73 91
74 94
74 80
75 86
75 99
76 98
77 83
77 99
77 78
77 87
78 88
78 88
79 83
79 97
79 90
80 99
80 96
81 97
81 87
81 91
81 95
81 90
82 85
83 98
84 91
84 98
85 90
85 88
86 98
88 90
93 98
