0 28
0 65
0 41
0 29
0 85
0 82
0 5
0 76
0 2
0 99
0 93
0 98
1 62
1 13
1 85
1 34
1 20
1 58
1 13
2 20
2 84
2 75
2 49
2 37
2 75
2 26
3 87
3 44
3 32
3 76
3 42
3 49
3 35
3 4
3 53
3 7
3 6
4 65
4 50
4 12
4 70
4 52
4 24
4 39
4 15
5 89
5 27
5 85
5 7
5 69
6 88
6 42
6 66
6 73
6 83
6 39
7 22
7 13
7 32
7 44
7 99
7 20
7 46
7 44
8 58
8 80
8 56
8 46
8 84
8 33
8 74
9 66
9 70
9 99
9 69
9 90
9 65
9 92
9 42
9 80
9 55
9 37
10 43
10 13
10 67
10 66
10 57
10 69
10 31
10 96
10 70
10 19
11 77
11 58
11 35
11 81
11 61
11 54
11 48
11 90
12 99
12 25
12 34
12 57
12 81
12 92
12 96
12 18
13 84
13 66
13 56
13 72
13 48
13 51
13 45
13 60
13 24
13 28
14 87
14 90
14 30
14 38
14 19
14 85
14 88
14 29
14 28
15 84
15 22
15 83
15 30
15 53
15 48
15 28
15 36
15 80
16 91
16 51
16 48
16 34
16 67
17 77
17 76
17 94
17 22
17 71
17 59
17 26
17 57
17 88
17 41
18 36
18 24
18 72
18 38
18 98
18 61
18 59
19 32
19 97
19 94
19 90
19 96
19 44
19 32
19 45
19 27
19 47
20 75
20 24
20 67
20 26
20 88
20 69
20 86
20 91
20 30
20 76
20 86
21 41
21 73
21 25
21 60
21 98
21 86
22 76
22 27
22 64
22 51
22 45
22 89
22 29
22 23
23 67
23 72
23 73
23 80
23 65
23 29
23 34
23 72
23 84
23 78
23 60
23 34
23 68
23 60
24 50
24 77
24 70
24 92
24 43
24 64
24 25
24 63
24 70
24 27
25 39
25 53
25 59
25 96
25 40
25 66
26 72
26 43
26 34
26 86
26 61
26 46
26 45
26 93
26 37
27 61
27 82
27 57
27 76
27 48
27 94
27 84
27 92
27 88
27 46
27 41
28 40
28 44
28 68
28 50
28 94
28 29
28 34
28 98
28 60
28 69
29 78
29 58
29 44
29 68
29 35
29 87
30 35
30 73
30 88
30 75
30 69
30 41
31 81
31 35
31 64
31 84
31 39
31 43
31 69
31 68
31 78
32 71
32 95
32 90
33 79
33 75
33 44
33 50
33 88
34 72
34 67
34 80
34 49
34 95
34 58
34 55
34 88
34 54
34 86
35 82
35 72
35 84
35 67
36 92
36 65
36 98
37 91
37 50
37 78
37 47
37 50
37 71
37 84
37 67
37 58
37 43
38 64
38 79
38 67
38 93
38 86
38 75
38 57
38 53
38 51
38 76
38 42
39 43
40 80
40 99
40 66
40 61
40 64
40 86
40 88
40 53
40 97
41 48
41 65
41 99
41 79
41 69
41 79
41 55
42 85
42 93
42 76
42 78
42 70
43 61
43 53
43 95
43 64
44 88
44 50
44 72
44 96
44 84
45 58
45 96
45 64
45 83
46 71
46 64
46 56
46 69
46 79
46 87
47 95
47 69
47 54
48 52
48 52
48 60
48 69
48 49
48 85
48 99
48 65
48 51
49 54
50 67
50 82
50 73
51 60
51 78
51 74
52 64
52 99
53 71
53 69
53 71
53 98
53 57
53 81
53 72
54 83
54 89
54 74
54 70
55 81
55 81
55 70
55 74
57 86
57 78
58 92
58 96
58 90
58 92
59 84
59 85
59 64
59 94
60 71
60 99
60 62
60 96
61 68
61 81
61 98
61 71
62 99
62 80
62 65
62 98
62 95
62 97
63 84
63 76
63 82
63 75
63 92
63 80
63 95
63 85
63 67
64 94
64 80
64 93
64 76
64 74
64 69
64 72
65 82
65 84
65 90
65 68
65 85
65 86
66 86
66 87
67 68
67 98
69 95
69 76
69 97
70 75
70 81
70 81
71 85
71 73
71 84
72 98
72 83
72 81
73 91
73 94
73 81
73 79
74 93
75 89
76 78
76 87
76 85
76 82
76 89
76 84
76 99
76 89
77 96
77 93
78 93
79 91
79 87
79 92
81 94
81 85
82 86
83 90
83 89
83 87
84 95
85 89
85 99
85 95
87 95
88 98
89 98
89 90
90 98
93 94
94 95
94 97
96 98
98 99
98 99
