0 32
0 60
0 30
0 28
0 36
0 69
0 90
0 99
1 69
1 44
1 54
1 27
1 14
1 6
2 80
2 39
2 71
2 32
2 50
2 22
2 53
2 82
2 83
2 98
3 4
3 20
3 38
3 81
3 49
3 59
3 80
3 22
3 81
3 88
3 79
3 78
4 16
4 27
4 71
4 49
4 91
4 15
4 58
4 46
4 21
4 73
5 36
5 22
5 17
5 59
5 69
5 60
5 32
5 6
6 31
6 50
6 16
6 59
6 24
6 62
6 39
6 86
6 86
6 64
6 72
6 62
6 89
7 96
7 26
7 91
7 78
7 32
8 9
8 29
8 21
8 90
8 83
8 12
9 17
9 23
9 34
9 59
9 68
9 83
9 22
10 72
10 44
10 44
10 74
10 15
10 68
10 38
10 99
10 82
10 75
10 17
10 39
10 70
11 43
11 70
11 85
11 64
11 52
11 79
11 54
11 19
11 24
11 21
11 54
11 48
11 33
11 90
11 60
12 83
12 91
12 61
12 37
12 65
12 85
12 51
12 98
12 13
13 73
13 38
13 16
13 44
13 24
13 72
14 62
14 56
14 70
14 19
14 72
14 33
14 78
14 16
15 77
15 92
15 94
15 71
15 43
15 60
15 90
15 59
15 81
15 70
15 21
15 47
15 72
15 33
16 64
16 48
16 55
16 59
16 89
16 81
17 21
17 77
17 79
17 27
17 27
18 74
18 48
18 57
18 79
18 98
18 36
18 35
18 95
18 66
18 22
18 63
18 82
19 90
19 90
19 36
20 45
20 47
20 35
21 29
21 44
21 28
21 25
21 37
21 61
21 37
21 68
21 40
22 72
22 74
22 42
22 66
22 51
22 77
22 89
22 41
22 87
22 48
22 71
23 65
23 38
23 90
23 84
23 63
23 69
24 58
24 32
24 73
24 47
24 65
25 26
25 99
25 31
25 70
25 84
25 36
25 27
25 64
25 80
25 61
25 73
25 37
25 36
26 59
26 77
26 62
26 67
26 75
26 50
26 59
26 89
26 87
26 68
27 73
27 37
27 86
27 68
27 77
27 79
27 37
27 61
27 46
27 99
27 32
28 50
28 61
28 35
28 57
28 99
28 98
28 29
29 79
29 75
29 72
29 86
30 90
30 99
30 51
30 94
30 81
30 77
30 52
31 95
31 40
31 81
31 97
32 37
32 41
32 78
32 76
32 77
32 60
32 64
32 72
32 39
32 62
33 49
33 39
33 46
33 45
33 36
33 47
33 76
33 74
34 38
34 60
34 42
34 95
34 48
35 87
35 50
35 68
35 74
35 72
35 73
35 97
36 49
36 43
36 93
36 75
36 96
36 95
36 93
36 64
36 68
36 76
36 86
36 61
36 90
36 68
36 57
37 76
37 47
37 79
37 76
37 92
37 79
38 93
38 55
38 85
38 99
38 91
38 66
38 60
38 81
39 97
39 61
39 67
39 73
39 48
39 63
39 53
40 68
40 86
40 41
40 79
40 47
40 48
40 45
41 70
41 90
41 92
41 80
42 65
42 99
42 68
42 47
42 46
43 55
43 88
43 93
43 92
43 75
43 51
43 56
43 60
43 76
43 50
44 46
44 57
44 91
45 87
45 51
45 69
45 52
45 83
46 65
46 65
46 80
46 77
47 70
47 55
47 73
47 76
47 92
47 65
47 82
48 80
48 81
48 71
48 75
48 61
48 73
49 65
49 68
49 50
49 79
49 88
49 90
49 83
49 65
50 66
50 67
50 59
50 81
50 65
51 66
51 62
51 55
51 85
52 86
52 96
52 65
52 89
52 82
52 61
52 69
53 95
53 94
53 75
53 94
53 68
53 76
53 87
54 79
54 55
54 66
55 62
55 62
56 65
56 95
56 93
56 64
57 98
57 86
57 80
58 67
58 87
58 87
59 64
59 61
59 92
59 97
59 98
60 84
60 89
60 96
61 90
61 82
61 88
61 87
61 80
62 63
63 67
63 80
64 77
64 87
64 77
65 98
65 90
65 93
65 85
66 73
66 91
66 79
66 74
66 80
67 77
67 74
67 77
67 94
68 92
68 72
68 82
69 70
70 84
70 82
70 83
71 94
72 87
72 86
72 90
72 91
72 76
72 87
73 91
74 82
76 93
77 91
77 88
78 89
78 97
79 80
79 84
79 97
79 83
80 83
81 91
81 87
81 88
83 85
83 89
85 91
88 94
88 96
88 91
88 94
88 96
93 97
94 95
