0 64
0 57
0 37
0 29
0 84
0 7
0 47
0 98
0 96
0 87
0 64
0 63
1 40
1 11
1 65
1 17
1 79
1 78
1 33
1 54
1 50
1 52
1 20
1 92
1 3
2 35
2 61
2 87
2 43
2 56
2 85
2 38
2 80
2 16
3 37
3 65
3 14
3 4
3 52
3 42
3 90
3 18
3 84
3 46
3 54
3 77
4 21
4 58
4 74
4 60
5 24
5 94
5 88
6 67
6 64
6 22
6 47
6 70
6 32
6 76
6 67
6 55
6 20
6 93
6 24
6 68
7 93
7 35
7 98
8 47
8 93
8 87
8 37
8 76
8 74
8 87
8 40
8 52
9 79
9 81
9 72
9 80
9 65
9 39
9 43
9 58
9 89
9 88
9 42
10 74
10 69
10 52
10 61
10 63
11 83
11 60
11 41
11 80
11 32
11 61
11 46
11 70
11 22
11 77
12 66
12 74
12 39
12 50
12 77
12 53
12 75
12 42
12 27
12 66
13 78
13 36
13 75
13 54
13 99
13 46
13 48
13 22
14 73
14 71
14 52
14 20
14 55
14 55
14 37
14 87
14 33
14 41
15 91
15 25
15 22
15 62
15 48
15 50
15 75
15 22
16 55
16 62
16 18
16 53
16 74
17 98
17 57
17 45
17 51
17 20
18 24
18 79
18 67
18 94
18 49
18 31
18 35
18 33
18 44
18 50
18 39
19 40
19 67
19 36
19 79
19 65
19 59
19 61
19 78
19 23
19 24
20 85
20 57
20 33
20 95
20 62
20 56
20 64
20 31
20 28
20 70
20 49
21 34
21 93
21 81
21 89
21 48
21 93
21 30
22 90
22 45
22 65
22 46
22 63
22 50
22 28
23 74
23 56
23 85
23 61
23 78
23 54
23 48
23 47
24 70
24 64
24 29
24 70
24 85
24 55
24 98
24 89
24 48
25 48
25 50
25 45
25 64
25 56
25 45
25 48
25 89
26 44
26 50
26 54
26 72
26 89
26 37
26 81
26 47
27 47
27 45
27 91
27 88
28 66
28 92
28 76
28 56
28 52
28 77
28 31
28 89
28 81
28 62
29 47
29 54
29 56
29 64
30 69
30 33
30 35
30 67
30 93
30 64
31 36
31 65
31 47
31 57
31 56
31 34
31 81
32 85
32 93
33 42
33 38
33 57
33 90
33 41
33 49
33 82
33 45
33 55
33 79
33 54
34 81
34 54
34 49
34 56
34 38
35 80
35 80
35 81
35 84
35 89
35 88
35 51
36 55
36 55
36 91
36 70
36 62
36 95
36 69
36 92
37 63
37 83
37 91
37 41
37 98
37 86
37 95
37 83
37 88
37 47
37 74
37 53
38 65
38 74
38 63
38 72
38 63
38 80
38 39
38 63
38 48
39 97
39 95
39 45
39 50
40 54
40 82
40 61
40 95
41 95
41 76
41 65
41 58
41 60
41 71
42 92
42 66
42 72
42 75
42 78
43 68
43 77
43 47
44 94
44 84
44 53
44 73
44 83
44 98
45 85
45 99
45 47
45 49
45 75
46 57
46 94
46 65
46 89
47 69
47 86
47 63
47 86
47 64
47 63
47 57
48 52
48 86
48 79
49 89
49 92
49 98
49 71
50 72
50 99
50 88
51 83
51 72
52 85
52 92
52 77
52 80
52 62
53 63
53 81
53 66
53 90
53 95
53 84
53 55
53 68
54 57
54 61
54 74
54 69
54 60
55 70
55 95
55 89
56 77
56 68
56 73
56 71
57 97
57 58
57 92
57 68
57 59
58 59
58 66
58 77
58 89
58 97
59 82
59 93
59 96
60 76
60 70
60 83
60 81
60 68
61 82
61 66
61 73
61 88
61 97
61 88
61 93
61 84
62 90
62 95
63 72
63 90
63 87
63 76
63 67
63 89
64 96
64 77
64 89
65 67
67 77
67 98
67 99
68 87
68 94
68 86
69 81
69 76
70 78
70 85
71 74
71 86
71 86
72 79
72 73
73 75
74 86
74 75
74 80
74 88
74 92
74 76
75 97
75 88
75 85
75 76
75 98
75 82
76 98
77 99
77 95
77 82
77 90
77 84
77 95
78 83
78 79
78 88
79 98
79 83
79 88
79 81
80 85
80 94
80 98
81 95
81 92
82 84
82 84
83 87
84 91
85 93
85 92
85 91
86 99
88 91
88 94
89 93
90 92
90 91
90 99
91 93
91 92
91 92
93 98
96 97
97 98
