0 8
0 80
0 56
0 53
0 51
0 9
0 39
0 80
0 8
0 4
0 89
1 3
1 23
1 48
1 53
1 82
1 5
1 43
2 9
2 7
2 77
2 9
2 17
2 39
3 39
3 87
3 12
3 71
3 68
3 19
3 56
3 45
3 56
3 20
3 89
3 89
4 98
4 23
4 64
4 86
4 60
4 68
4 57
5 38
5 79
5 12
5 49
5 62
6 25
6 16
6 51
6 29
6 49
6 91
6 53
6 53
6 66
6 62
6 63
6 90
6 46
7 32
7 41
7 62
7 41
7 70
7 74
7 84
7 67
7 12
7 33
7 86
7 87
8 41
8 56
8 83
8 80
8 92
8 9
8 74
9 19
9 13
9 40
9 37
9 79
9 16
9 10
10 94
10 78
10 32
10 65
10 50
10 23
10 40
10 54
10 71
10 46
10 99
10 34
10 54
10 92
10 55
10 86
11 73
11 35
11 93
11 18
11 67
11 39
11 21
11 27
11 20
11 17
11 61
11 62
11 57
12 58
12 82
12 57
12 78
12 32
12 52
12 49
13 25
13 47
13 30
13 48
13 61
13 86
13 65
14 76
14 22
14 45
14 25
14 30
14 91
14 84
14 23
14 83
14 34
15 83
15 77
15 53
15 40
15 92
15 99
15 98
15 35
15 49
15 23
15 23
15 56
16 78
16 84
16 69
16 74
16 76
16 87
16 42
16 75
17 71
17 63
17 90
17 18
17 94
17 81
17 40
17 18
17 41
18 92
18 87
18 20
18 52
18 61
18 43
18 79
18 27
18 31
18 91
18 79
19 37
19 88
19 89
19 81
19 37
19 24
19 53
19 99
19 54
19 90
20 23
20 68
20 33
20 96
20 30
20 60
20 59
20 93
20 92
21 71
21 27
21 85
21 83
21 95
21 50
21 33
21 26
22 49
22 49
22 89
22 32
22 50
22 54
22 37
22 55
22 69
22 71
23 39
23 25
23 68
23 53
23 31
24 55
24 67
24 70
24 53
24 51
24 27
25 26
25 74
25 73
25 68
25 53
25 87
25 73
25 85
26 59
26 28
26 41
26 43
26 39
27 93
28 84
28 62
28 61
28 50
29 72
29 31
29 93
29 44
29 39
29 46
29 81
29 50
29 52
29 99
30 71
30 70
30 31
30 82
30 67
30 54
30 39
30 57
30 58
30 33
31 58
31 63
31 70
31 88
31 44
32 61
32 67
32 97
32 46
32 46
32 42
32 63
32 91
32 73
32 70
33 66
33 61
33 70
33 35
33 47
33 71
33 44
33 48
33 39
34 91
34 90
34 71
34 86
34 97
34 87
35 38
35 43
35 45
36 93
36 57
36 52
36 77
37 49
37 88
37 75
37 63
37 46
37 45
38 87
38 71
38 73
38 88
38 95
39 75
39 81
39 72
39 56
39 60
40 42
40 42
40 54
40 74
40 74
40 42
40 70
40 76
40 55
41 44
41 52
41 43
41 95
41 82
41 57
41 52
41 54
41 69
41 53
42 96
42 77
42 69
42 47
42 54
42 63
42 53
42 51
43 52
43 60
43 58
43 61
43 96
43 74
44 91
44 85
44 61
44 89
44 86
45 88
45 74
45 51
45 48
46 65
46 67
46 84
46 96
46 47
46 53
47 89
47 74
48 66
48 75
48 97
48 72
48 61
48 51
49 93
49 90
49 94
49 80
49 86
49 74
49 94
49 85
49 55
49 56
50 72
50 56
51 66
51 92
51 57
51 87
52 87
52 85
52 58
52 89
52 90
53 89
53 70
53 98
53 78
54 74
54 55
55 74
55 80
56 70
56 74
56 68
56 80
57 83
57 94
57 65
57 89
58 89
58 99
59 79
59 64
59 62
59 90
60 99
60 86
60 83
60 74
60 73
61 84
61 70
61 79
62 76
62 72
62 89
62 63
62 74
62 88
62 77
63 73
63 82
63 81
63 98
63 71
63 69
63 71
63 82
64 66
64 94
64 73
64 95
64 91
65 66
65 89
66 97
66 87
67 93
67 81
67 92
67 85
68 73
68 77
68 79
68 72
70 99
72 94
72 92
73 94
73 93
73 88
74 95
74 87
75 88
75 79
75 80
75 81
75 88
76 98
76 81
77 99
77 93
77 78
77 88
77 90
79 90
79 94
79 95
80 88
80 89
80 89
81 93
81 82
82 94
82 87
83 98
83 87
85 98
86 87
89 92
89 90
90 93
90 92
92 95
92 97
93 97
94 97
