0 52
0 32
0 25
0 43
0 96
0 59
0 25
0 82
0 18
0 80
0 56
0 21
0 69
1 29
1 2
1 38
1 85
1 63
1 20
1 44
1 52
2 57
2 12
2 29
2 45
2 11
2 25
3 83
3 14
3 42
3 21
3 39
3 82
3 61
3 70
3 74
4 8
4 79
4 76
4 78
4 34
4 55
4 21
4 85
5 90
5 86
5 90
5 37
5 42
5 78
5 53
5 98
5 6
5 48
5 71
6 73
6 66
6 73
6 26
6 13
6 88
7 56
7 42
7 34
7 30
7 89
7 26
7 62
7 24
7 85
7 55
7 79
7 53
8 64
8 67
8 80
8 75
8 9
8 45
9 85
9 22
9 35
9 86
9 26
9 58
9 52
9 33
9 82
9 48
9 17
9 34
10 17
10 77
10 36
10 54
10 88
10 13
10 48
10 30
10 35
10 47
11 86
11 81
11 12
11 50
12 70
12 47
12 65
12 33
13 89
13 95
13 78
13 32
13 15
13 37
13 32
13 63
13 65
13 47
13 68
14 96
14 60
14 20
14 79
14 85
15 75
15 73
15 65
15 89
15 82
15 19
15 49
16 67
16 31
16 41
16 97
16 84
16 60
16 31
17 62
17 96
17 78
17 94
17 98
17 85
17 57
17 64
17 34
17 44
18 82
18 55
18 20
18 56
18 62
19 36
19 65
19 71
19 94
19 55
20 70
20 96
20 94
20 60
20 92
20 71
20 86
20 93
20 40
21 80
21 76
21 60
21 24
21 42
21 90
21 96
21 81
21 80
21 49
22 85
22 27
22 60
22 72
22 23
22 69
22 38
22 59
22 92
22 58
23 49
23 47
23 71
23 25
23 52
23 98
23 53
23 34
23 24
23 42
24 94
24 56
24 46
24 50
24 46
24 60
24 42
24 60
25 69
25 42
25 47
25 30
26 79
26 28
26 51
26 85
26 93
26 69
26 39
27 40
27 67
27 95
27 46
27 93
28 72
28 89
28 85
28 53
28 41
28 39
29 78
29 74
29 38
29 68
29 71
29 51
29 70
29 37
30 76
30 86
30 88
30 92
30 47
30 57
30 44
30 69
31 58
31 58
31 37
31 86
31 54
31 93
31 73
31 81
31 66
31 53
32 61
32 62
32 50
32 61
32 75
32 35
32 41
33 58
33 50
33 99
33 50
33 65
33 68
34 61
34 84
34 49
34 44
34 39
35 50
35 68
35 61
35 84
35 45
35 37
35 96
35 87
36 78
36 42
36 71
36 71
36 75
36 60
36 56
36 79
37 74
37 64
37 51
37 59
37 38
38 41
38 70
38 71
38 67
38 72
38 83
38 91
38 72
38 92
39 60
39 64
39 65
39 71
39 45
39 91
39 44
39 92
39 50
39 58
39 60
39 91
40 61
40 53
40 85
40 69
41 76
41 62
41 58
41 43
42 62
42 52
42 77
42 44
43 99
43 55
43 83
43 77
43 94
43 76
43 91
43 73
43 90
43 69
44 46
44 46
44 61
44 56
44 82
44 79
44 90
44 77
45 72
45 75
45 88
45 80
45 66
45 54
45 70
46 79
46 86
46 89
46 52
46 92
46 53
47 78
47 92
47 54
47 72
47 91
47 61
47 95
47 94
47 67
48 84
48 84
48 97
48 74
48 56
48 63
48 68
48 59
49 80
49 51
49 76
49 57
49 56
50 73
50 62
50 88
50 85
51 71
51 63
51 71
51 52
51 92
51 89
51 64
51 61
51 92
52 95
52 56
52 73
52 85
52 70
52 57
52 92
53 64
53 58
53 95
54 96
54 87
55 99
55 86
55 72
55 75
56 71
56 58
56 70
57 78
57 90
57 74
57 71
57 86
58 69
58 64
58 68
58 66
58 77
58 84
58 59
58 74
58 97
59 91
59 64
60 75
60 63
61 96
61 69
61 62
61 77
61 96
62 99
62 73
63 84
63 87
63 67
64 92
65 87
65 72
65 68
65 94
66 71
66 84
66 97
66 69
66 93
67 89
67 96
67 68
67 80
67 70
68 69
68 97
68 98
68 91
69 84
69 98
70 78
70 98
71 89
71 80
71 94
72 82
72 98
73 76
73 97
73 82
73 89
73 91
73 95
74 96
74 96
74 83
74 76
75 94
76 84
76 83
77 88
77 82
78 80
78 87
79 96
80 97
81 92
81 98
81 90
82 91
82 91
84 87
85 94
85 89
87 93
90 92
90 97
91 93
92 97
95 97
