0 25
0 69
0 17
0 58
0 10
0 29
0 69
0 35
0 50
0 22
0 11
0 84
1 51
1 57
1 40
1 31
1 15
1 21
1 51
1 27
1 94
1 52
1 91
2 32
2 15
2 45
2 12
2 56
2 97
2 13
2 44
2 65
2 41
2 11
3 91
3 46
3 14
3 96
3 87
3 80
3 17
3 27
3 73
3 14
3 43
4 37
4 8
4 48
4 69
4 38
4 88
4 86
5 54
5 15
5 83
5 25
5 69
5 66
6 52
6 89
6 87
6 32
6 26
7 45
7 95
7 96
7 28
7 70
7 54
7 91
7 57
7 59
7 26
7 66
8 79
8 95
8 75
8 45
8 47
8 10
8 49
8 49
9 80
9 74
9 29
9 30
9 18
9 24
9 20
9 94
9 77
9 16
10 92
10 22
10 98
10 71
10 81
10 15
10 49
10 16
10 20
10 65
11 54
11 89
11 84
11 48
11 81
11 39
11 74
11 77
11 96
11 99
11 15
11 59
12 69
12 69
12 17
12 83
12 70
13 49
13 84
13 70
14 63
14 29
14 59
14 91
14 84
14 36
14 36
14 80
14 84
14 23
15 72
15 93
15 79
15 77
15 66
15 71
15 91
15 80
15 59
16 53
16 91
16 28
16 78
16 82
16 32
16 91
16 79
16 93
16 51
17 81
17 35
17 66
17 32
17 94
17 63
17 55
17 58
17 44
17 95
17 85
17 84
18 94
18 44
18 49
18 32
18 48
18 81
18 31
18 62
19 67
19 85
19 85
19 60
19 70
19 92
19 35
19 57
20 27
20 34
20 46
21 43
21 70
21 62
21 43
21 23
21 56
22 94
22 60
22 25
22 92
22 91
22 55
22 51
22 78
22 96
22 50
22 32
23 48
23 58
23 44
23 86
24 66
24 73
24 88
24 87
24 74
24 81
24 69
24 71
24 37
24 44
24 30
24 90
24 32
24 25
25 92
25 57
25 73
25 38
25 84
25 26
25 88
25 67
26 33
26 77
26 68
26 56
26 79
26 32
26 80
26 43
26 60
27 86
27 91
27 66
27 66
27 53
27 93
27 40
27 84
27 49
28 35
28 97
28 91
28 37
28 84
28 60
28 99
29 73
29 41
29 45
29 43
30 61
30 94
30 99
30 58
30 37
30 55
30 69
31 89
31 65
31 86
31 35
31 91
31 90
31 58
31 33
32 92
32 89
32 69
32 37
32 55
32 68
32 72
33 81
33 84
33 65
33 96
33 87
33 42
33 90
33 90
34 52
34 90
34 91
34 64
34 59
35 73
35 67
35 84
35 66
35 81
35 47
35 97
36 74
36 59
36 79
36 71
37 78
37 59
37 77
37 92
37 68
37 51
37 76
37 73
37 50
38 84
38 49
39 90
39 80
39 95
39 41
39 69
39 73
39 47
40 54
40 89
40 98
40 59
40 45
40 89
40 79
41 78
41 71
41 43
41 47
41 76
41 90
41 97
42 68
42 73
42 63
42 46
43 48
43 57
43 63
43 89
43 90
43 78
43 96
43 84
43 63
43 58
43 75
44 63
44 81
44 70
44 64
44 79
44 88
45 82
45 74
45 71
45 49
45 53
45 95
45 98
45 49
46 50
46 61
46 69
46 67
46 57
47 62
47 76
47 66
47 60
48 88
48 76
48 68
48 51
49 95
49 71
49 70
49 73
49 91
49 84
49 85
49 92
50 58
50 71
50 62
50 51
50 87
51 52
51 64
51 94
51 60
51 85
51 89
51 77
51 82
52 87
52 81
52 60
53 61
53 71
54 69
54 83
55 82
55 56
57 79
57 68
57 74
57 65
57 60
57 81
58 61
58 91
59 93
59 90
60 91
60 96
60 68
60 94
60 74
60 84
60 86
60 68
60 74
61 91
61 84
61 79
61 75
62 94
62 68
63 75
63 71
63 97
64 97
64 95
64 73
65 93
65 96
65 97
65 96
65 98
65 92
65 84
66 76
66 91
66 85
67 70
67 79
67 69
68 72
68 72
68 72
68 98
68 75
70 87
71 92
71 88
72 89
72 89
72 91
72 82
72 84
72 75
73 90
73 84
74 82
74 81
75 86
75 87
76 80
76 90
77 78
78 93
78 86
78 81
79 97
79 94
79 91
79 91
79 97
79 91
79 85
80 83
80 85
80 88
82 96
82 89
82 92
82 96
82 90
82 96
82 94
83 84
85 87
87 90
88 92
88 98
89 98
91 98
91 92
92 94
