0 39
0 57
0 53
0 49
0 45
0 41
0 29
0 38
1 73
1 15
1 4
1 40
1 27
1 4
2 13
2 18
2 45
2 38
2 23
2 44
2 89
2 35
2 21
2 20
2 9
2 22
2 38
2 74
3 85
3 52
3 41
3 72
3 27
3 19
3 80
3 30
3 68
4 85
4 37
4 86
4 70
4 14
4 55
4 83
5 80
5 87
5 32
5 47
5 27
5 19
5 39
5 33
5 78
5 71
6 72
6 43
6 61
6 44
6 95
6 35
6 61
6 93
6 76
6 34
7 84
7 77
7 60
7 33
7 63
7 31
7 88
7 88
7 99
7 66
7 32
8 20
8 40
8 10
8 56
8 51
8 46
9 22
9 44
9 75
9 59
9 12
9 16
9 88
9 57
9 27
9 76
9 72
10 55
10 59
10 37
10 85
10 48
10 76
11 40
11 70
11 86
11 42
11 27
11 13
11 80
11 79
12 13
12 64
12 89
12 59
12 27
12 96
12 34
12 73
12 56
12 65
12 45
12 35
13 45
13 21
13 28
13 27
13 51
13 92
14 60
14 76
14 47
14 42
14 34
14 62
14 28
14 22
14 21
14 59
14 67
14 62
15 24
15 87
15 57
15 19
15 25
15 28
15 83
15 33
16 37
16 70
16 73
16 35
16 62
16 46
16 49
16 91
16 39
16 78
16 60
16 40
16 74
17 46
17 43
17 33
17 36
17 33
17 97
17 69
17 84
17 75
17 25
18 67
18 64
18 44
18 46
18 83
18 95
18 25
18 40
18 78
19 96
19 69
19 61
19 63
19 85
20 41
20 27
20 97
20 60
20 61
20 70
20 51
20 85
20 60
20 88
21 88
21 35
21 52
21 58
21 55
21 66
21 83
21 36
21 96
21 53
21 89
21 77
22 29
22 53
22 67
22 29
22 51
22 66
22 88
23 32
23 70
23 49
24 79
24 48
24 41
24 49
24 48
25 66
26 40
26 94
26 42
26 88
26 39
26 36
26 94
26 71
26 37
27 28
27 53
27 66
27 77
27 62
27 78
27 51
27 67
27 52
27 84
27 32
28 68
28 57
28 62
28 49
28 57
28 35
28 51
28 43
28 98
28 47
29 64
29 91
29 66
29 47
29 47
29 87
29 68
29 83
29 86
29 47
29 68
29 37
29 92
29 94
29 97
29 53
29 90
30 60
30 49
30 81
30 76
30 59
30 34
30 97
31 34
31 70
31 75
31 70
32 64
32 61
32 89
32 74
32 61
32 41
32 89
33 84
33 38
33 98
33 99
33 90
33 57
33 41
34 40
34 66
34 60
34 88
34 42
35 37
35 58
35 75
36 70
36 47
36 88
36 68
36 62
36 69
36 48
36 55
36 90
36 96
37 61
37 58
37 68
37 84
37 95
37 83
38 67
38 59
38 78
38 74
38 42
38 96
38 63
38 48
38 66
38 71
38 98
38 76
38 77
39 92
39 56
39 80
39 62
39 68
39 91
39 66
39 97
39 94
39 89
39 72
40 70
40 66
40 77
40 67
40 67
40 92
41 51
41 81
41 56
41 58
42 79
42 68
42 72
42 53
42 95
42 75
42 67
42 84
43 61
43 80
43 47
44 73
44 90
44 55
45 61
45 59
45 87
45 65
45 87
45 98
45 56
45 87
45 60
45 55
46 90
46 50
46 96
46 63
46 99
46 60
46 97
47 64
47 59
47 81
47 91
47 49
47 57
47 98
47 52
47 88
48 88
48 55
48 87
48 57
48 50
48 73
49 97
49 86
49 90
49 50
49 60
49 75
49 87
50 61
50 87
50 54
50 73
50 87
50 82
50 61
51 91
51 75
51 75
51 68
52 92
52 53
52 96
52 91
54 63
55 83
55 71
55 77
56 73
56 80
56 65
56 94
57 64
57 67
57 65
59 97
60 80
60 94
60 65
60 81
61 87
61 97
62 94
63 88
63 65
63 80
63 77
64 87
64 94
64 78
64 71
64 77
64 67
64 77
65 99
65 96
65 93
66 70
66 95
67 92
67 99
67 87
67 89
68 93
69 78
69 80
69 97
70 95
70 93
71 89
71 76
72 95
72 93
73 74
73 91
73 98
74 89
75 94
75 81
76 97
77 86
77 95
78 93
78 99
78 96
79 85
80 96
80 97
82 93
82 92
82 83
83 94
83 88
83 98
84 96
84 95
85 92
87 97
87 88
87 91
88 89
88 90
88 91
89 92
90 95
91 96
96 99
