0 87
0 60
0 21
0 55
0 24
0 86
0 15
0 53
0 39
1 81
1 37
1 31
1 23
1 54
1 12
1 64
1 52
1 89
1 12
1 16
2 3
2 25
2 87
2 54
2 7
3 14
3 50
3 77
3 31
3 36
3 60
3 90
3 79
3 20
3 69
4 29
4 49
4 97
4 23
4 73
4 16
4 40
4 32
4 23
4 33
4 82
5 69
5 84
5 84
5 33
5 35
5 56
5 32
5 94
5 90
6 69
6 62
6 83
6 27
6 60
6 14
6 40
6 77
6 58
6 59
7 42
7 47
7 9
7 13
7 56
7 24
7 15
7 84
7 82
7 48
8 77
8 98
8 98
8 34
8 20
8 22
8 35
8 63
8 79
8 34
8 27
8 82
8 39
8 76
9 79
9 60
9 98
9 59
9 21
9 58
9 83
9 28
10 96
10 66
10 69
10 35
10 58
10 49
10 66
10 24
10 24
11 13
11 25
11 60
11 13
11 39
11 99
11 74
11 26
11 28
11 63
11 32
11 13
12 14
12 54
12 75
12 78
12 67
12 42
12 40
12 41
12 55
12 73
13 74
13 60
13 33
13 67
14 38
14 57
14 54
14 67
14 79
14 68
15 61
15 92
15 27
16 52
16 47
16 75
16 62
16 17
17 21
17 73
17 66
17 50
17 45
17 25
17 93
17 71
17 44
17 47
18 28
18 28
18 91
18 91
18 20
18 24
18 74
18 92
18 31
18 95
18 71
18 99
18 56
18 64
19 84
19 31
19 51
19 99
19 69
19 79
19 30
19 26
19 96
20 25
20 24
20 36
20 23
20 97
20 71
20 83
20 83
21 45
21 65
22 65
22 67
22 76
22 27
22 67
22 55
22 41
22 24
22 90
22 29
22 30
22 62
22 40
22 92
22 23
23 77
23 94
23 56
23 69
24 34
24 50
24 97
25 47
25 77
25 46
25 91
25 26
25 59
26 83
26 33
26 39
26 72
26 73
26 92
26 41
27 45
27 84
27 28
27 49
27 89
27 70
27 80
27 46
27 54
27 41
27 58
28 54
28 34
28 90
28 79
28 71
28 40
28 77
28 93
29 56
29 60
29 74
29 77
29 72
29 70
29 47
30 90
30 55
30 71
30 45
30 78
30 52
30 94
30 88
30 59
31 93
31 87
31 49
31 64
31 88
31 49
31 56
32 69
32 75
32 85
32 45
32 67
33 85
33 77
33 68
33 73
33 45
33 44
33 50
33 87
33 38
34 71
34 65
34 49
34 37
34 72
34 68
35 89
35 50
35 47
35 61
35 77
35 37
35 45
35 39
36 72
36 73
36 88
36 49
36 49
36 44
37 46
37 69
37 95
37 87
38 86
38 98
38 66
39 85
39 83
40 46
40 77
40 61
40 56
40 91
40 81
40 94
40 81
41 65
41 71
41 63
41 89
41 72
41 77
41 47
41 66
42 97
42 89
42 80
42 86
42 84
42 97
43 84
43 91
43 58
43 95
43 45
43 80
43 54
44 73
44 99
44 45
44 76
44 64
44 67
44 87
44 76
44 66
44 52
44 83
45 91
45 94
46 79
46 69
46 90
46 61
46 74
46 55
46 92
47 72
47 89
47 53
47 99
47 79
47 79
48 58
48 83
48 58
48 55
48 71
48 57
48 88
49 86
49 77
49 74
49 52
50 88
50 56
50 59
50 96
51 88
51 84
52 84
52 93
52 94
52 56
52 62
52 87
52 95
52 82
52 82
52 54
53 71
53 72
53 61
53 60
53 77
53 88
54 93
54 67
54 68
54 57
55 71
55 82
55 60
55 78
55 80
56 88
56 64
56 89
56 85
56 59
56 94
57 63
57 76
57 94
57 82
57 95
57 69
57 68
57 81
58 72
58 72
58 61
58 94
58 64
59 91
59 74
59 91
59 64
60 64
60 79
61 95
61 88
61 66
61 91
62 91
62 76
63 75
63 86
63 69
63 68
63 68
63 67
63 93
64 76
65 96
65 96
66 71
66 78
67 95
67 97
67 90
67 92
67 90
67 88
68 99
68 72
68 77
68 74
68 79
68 73
69 86
69 87
70 96
70 92
72 82
72 78
73 75
73 96
73 80
73 78
74 97
75 80
75 94
75 81
75 91
75 96
76 94
76 83
77 79
78 99
78 92
78 83
81 95
81 98
82 96
82 93
83 97
83 97
85 86
88 99
88 93
89 96
89 92
89 92
90 98
90 91
94 97
96 97
96 97
