0 16
0 95
0 16
0 92
0 1
0 57
0 81
0 83
0 94
0 34
0 20
1 50
1 3
1 64
1 54
1 72
1 7
1 92
1 53
1 79
1 28
1 69
2 40
2 86
2 37
2 84
2 33
2 76
2 56
2 24
2 57
2 58
3 36
3 31
3 45
3 42
3 93
3 27
4 13
4 57
4 49
4 29
4 28
4 33
4 15
4 14
4 70
4 99
4 30
4 89
4 18
4 14
5 39
5 48
5 63
5 38
5 46
5 23
5 25
5 20
5 94
6 77
6 59
6 20
6 78
6 67
6 66
6 15
6 64
6 52
6 75
6 50
6 29
6 29
6 59
6 21
6 76
7 83
7 55
7 28
7 96
7 61
7 95
7 86
7 53
7 64
8 54
8 26
8 69
8 63
8 46
8 81
8 73
9 27
9 61
9 73
9 57
9 15
9 63
9 79
9 64
9 70
9 34
9 93
9 62
9 49
10 16
10 35
10 62
10 25
10 56
10 31
10 45
10 18
10 76
10 93
11 47
11 28
11 29
11 71
11 57
11 31
11 33
12 50
12 67
12 59
12 54
12 85
12 20
12 95
12 27
13 34
13 28
13 35
13 63
13 22
14 18
14 44
14 85
14 87
15 70
15 16
15 61
15 27
15 51
15 70
15 28
15 82
15 32
15 49
15 80
16 74
16 25
16 55
16 76
16 31
16 84
16 84
17 29
17 67
17 82
17 37
17 71
17 70
17 61
17 82
17 55
17 22
17 59
17 81
18 75
18 66
18 50
18 82
18 46
18 33
18 55
18 94
18 80
18 22
19 57
19 78
20 63
20 49
20 87
20 34
20 68
20 23
20 39
20 39
20 41
20 81
21 54
21 97
21 25
21 89
21 50
21 85
21 26
21 49
22 51
22 83
22 28
22 57
22 94
22 98
22 47
23 36
23 87
23 75
23 98
23 55
23 55
23 75
23 75
24 42
24 32
24 41
24 65
24 74
24 77
24 57
24 71
25 61
25 44
25 49
25 89
25 42
25 77
25 37
25 55
25 75
25 71
25 93
26 81
26 56
26 85
27 95
27 85
27 57
27 47
27 88
27 73
27 52
27 77
27 54
27 88
28 52
28 66
28 84
28 74
28 43
28 59
29 99
29 96
29 96
29 63
29 44
29 93
30 89
30 70
30 38
30 35
30 88
30 75
30 85
30 58
31 70
31 60
31 62
31 92
31 45
31 56
31 65
31 62
31 46
31 48
32 33
32 70
32 86
32 98
32 68
32 80
32 64
32 55
33 80
33 75
33 71
33 34
33 44
33 60
34 43
34 86
34 57
34 88
34 66
34 66
34 36
35 68
35 89
35 82
35 80
35 52
35 54
35 84
36 65
36 74
36 49
36 61
36 93
36 67
36 52
36 90
36 42
37 62
37 87
37 77
37 63
37 55
37 66
38 95
38 52
38 42
38 47
38 52
39 46
39 42
39 66
39 82
39 94
39 83
39 48
39 65
39 75
39 73
39 53
39 84
40 74
40 53
40 42
40 98
40 91
41 69
41 42
41 76
41 68
42 85
42 96
42 84
42 74
42 55
42 67
42 87
43 71
43 69
43 99
43 49
44 95
45 65
45 98
45 77
45 79
45 56
45 59
45 68
46 51
46 79
46 66
46 66
46 83
46 80
46 95
47 84
47 57
47 71
47 54
47 83
47 71
47 98
47 87
47 61
48 49
48 80
48 88
48 58
49 84
49 97
49 83
49 82
49 76
49 58
50 98
50 86
50 83
51 93
51 58
51 71
51 61
52 55
53 86
53 54
53 68
53 93
53 93
53 92
53 59
53 96
54 78
54 59
54 80
54 60
55 78
55 63
55 89
55 98
55 76
56 61
56 97
56 89
56 57
56 89
57 90
57 89
57 96
57 69
57 83
58 80
58 99
58 63
58 89
59 91
59 77
59 96
59 88
60 83
60 83
60 93
61 82
61 94
61 87
62 75
62 84
62 87
62 78
62 97
62 83
62 71
62 67
62 74
62 89
62 82
63 96
63 81
63 89
64 88
65 84
65 87
65 83
65 69
66 99
66 73
66 67
66 73
67 86
68 71
68 85
69 85
69 81
70 76
71 74
72 76
72 81
72 77
72 86
72 91
72 98
74 79
74 89
74 99
74 98
75 80
76 80
76 99
77 84
78 84
79 96
80 88
80 99
82 90
82 89
82 97
82 87
84 98
85 91
85 89
86 90
90 93
91 99
91 93
94 99
