0 59
0 56
0 16
0 57
0 65
0 64
0 92
0 98
0 64
0 14
0 26
1 61
1 46
1 6
1 59
1 70
1 97
1 34
1 16
2 88
2 62
2 85
2 90
2 72
2 14
2 8
2 97
2 37
2 63
3 52
3 86
3 53
3 84
3 52
4 70
4 70
4 98
4 46
4 85
4 66
4 92
4 62
4 67
5 56
5 61
5 26
5 10
5 92
5 93
5 15
5 86
5 35
5 52
6 43
6 17
6 59
6 18
6 89
6 23
6 52
6 62
6 66
6 24
7 37
7 59
7 69
7 44
7 72
7 89
7 60
7 70
7 50
8 74
8 69
8 29
8 85
8 32
9 93
9 50
9 68
9 70
9 58
9 53
9 86
9 32
9 76
9 59
10 30
10 61
10 58
10 75
10 37
10 67
10 26
11 39
11 60
11 75
11 60
11 58
11 63
11 22
11 67
11 88
12 63
12 69
12 60
12 54
12 95
12 31
12 36
12 65
12 63
12 23
13 36
13 37
13 24
13 85
13 88
13 45
13 69
13 44
13 56
13 14
14 65
14 50
14 49
14 53
14 96
14 32
14 28
14 83
14 41
14 66
14 32
15 40
15 89
15 53
15 57
15 97
15 36
15 63
15 54
15 65
16 35
16 85
16 83
16 75
16 55
16 62
16 48
16 34
16 30
17 69
17 75
17 80
17 80
17 21
17 57
17 37
17 82
17 60
17 78
17 49
17 41
17 41
17 67
18 71
18 72
18 79
18 69
18 22
19 49
19 63
19 23
19 49
19 30
19 55
19 32
19 42
19 92
19 56
20 62
20 33
20 43
20 67
20 87
20 47
20 85
20 25
21 87
21 99
21 99
21 56
21 24
21 52
21 43
21 26
22 65
22 49
22 35
22 38
22 85
22 31
23 79
23 89
23 44
23 24
23 42
23 60
23 63
23 47
23 35
24 64
24 50
24 81
24 96
24 92
24 94
25 99
25 84
25 93
25 78
25 58
26 73
26 28
26 80
26 61
26 55
26 32
26 73
27 45
27 46
27 48
27 62
27 43
27 75
27 84
27 93
27 40
28 49
28 42
28 42
28 86
28 98
28 77
28 44
28 95
28 35
28 50
28 69
29 49
29 55
29 68
29 48
29 58
30 67
30 49
30 43
30 32
30 51
30 79
31 67
31 32
32 73
32 67
32 97
32 85
32 73
32 88
32 37
32 96
32 64
32 34
32 65
33 45
33 59
33 65
33 57
33 73
33 49
33 78
33 91
34 83
34 49
34 68
34 80
35 88
35 62
35 61
35 57
35 68
35 83
36 82
36 45
36 72
36 86
36 45
37 71
37 40
37 76
37 83
37 67
37 53
37 58
37 75
37 85
37 91
37 74
37 87
38 56
38 72
38 71
38 47
38 98
38 89
38 76
39 83
39 53
39 58
39 69
40 71
40 88
40 48
40 46
40 99
41 49
41 84
41 74
41 89
41 66
42 69
42 60
42 52
42 64
42 51
42 96
43 53
43 61
43 98
43 57
43 71
43 58
43 63
43 56
43 51
43 67
43 55
43 63
44 52
44 98
45 81
45 71
45 77
45 76
46 75
46 56
46 86
46 69
46 96
46 67
46 75
46 83
47 51
47 86
47 56
47 86
47 83
47 74
47 51
48 95
48 89
48 77
49 70
49 89
49 60
49 92
49 64
49 68
49 52
50 98
50 57
51 70
51 55
51 55
51 96
51 64
52 78
52 85
52 54
52 77
52 89
52 65
52 61
53 78
53 95
53 79
53 60
53 76
53 78
54 56
54 80
54 64
54 75
55 86
55 84
55 59
56 99
56 84
56 88
56 81
57 87
57 95
57 82
57 78
58 95
58 87
58 78
59 84
59 69
59 65
59 82
60 91
60 99
60 91
60 86
61 73
61 77
61 75
62 72
62 83
62 63
62 70
63 93
63 71
63 75
63 86
64 90
64 74
65 77
65 82
65 85
66 73
66 79
67 81
68 88
68 78
68 98
68 97
68 91
68 83
68 74
69 78
69 87
70 81
70 99
70 96
71 92
71 90
71 89
71 74
72 73
72 75
72 90
73 92
73 88
73 74
73 85
73 92
74 87
74 80
75 93
75 87
77 92
77 87
78 92
79 89
79 81
79 82
79 81
80 85
80 81
81 89
81 97
81 90
81 98
81 99
82 98
84 94
84 93
84 86
85 89
85 97
86 91
87 92
87 97
90 95
90 99
91 96
92 93
93 94
