0 67
0 76
0 88
0 61
0 9
0 48
0 56
0 91
0 3
0 84
0 31
1 64
1 31
1 76
1 39
1 95
1 54
1 79
1 77
1 28
1 60
1 4
1 22
1 22
2 56
2 99
2 22
2 57
2 7
2 83
2 46
2 37
2 27
2 53
2 3
2 92
2 48
2 18
2 13
3 41
3 97
3 48
3 58
3 82
3 27
3 4
3 80
3 6
3 46
3 96
4 79
4 24
4 58
4 59
4 95
4 91
4 23
4 12
4 29
4 34
4 22
4 93
4 81
5 41
5 39
5 85
5 87
5 61
5 53
5 77
5 79
5 31
5 74
5 83
5 50
6 29
6 68
6 91
6 27
6 43
6 47
6 42
6 46
7 83
7 30
7 47
7 83
7 48
7 56
7 81
7 47
7 92
7 45
7 32
7 77
8 51
8 77
8 52
8 97
8 48
8 51
8 42
8 84
8 81
8 89
8 45
8 39
9 59
9 92
9 22
9 79
9 60
9 56
9 99
10 96
10 11
10 84
10 44
10 83
10 61
10 98
11 40
11 55
11 47
11 90
11 67
11 51
11 75
11 70
11 40
11 84
11 98
11 75
11 36
11 33
12 53
12 20
12 66
12 28
12 50
12 60
13 42
13 83
13 33
13 73
13 83
13 75
13 82
13 67
13 50
13 37
14 83
14 60
14 92
14 53
14 43
14 56
15 31
15 46
15 33
15 52
15 79
15 97
15 92
16 80
16 19
16 63
16 31
16 30
16 83
17 82
17 62
17 83
17 85
17 29
17 76
17 46
18 79
18 33
18 23
18 70
18 78
18 51
18 64
19 90
19 85
19 26
19 69
19 78
19 92
19 24
19 39
20 24
20 34
20 55
20 72
20 90
20 47
20 80
20 95
20 56
21 51
21 89
21 83
22 46
22 67
22 53
22 37
22 72
22 45
22 26
22 92
23 74
23 42
23 30
23 79
23 42
23 75
23 72
23 90
23 82
23 72
23 98
24 43
24 89
24 39
24 72
24 25
24 30
24 34
24 93
24 66
25 68
25 99
25 31
25 29
25 41
25 38
25 59
25 39
25 26
26 34
26 86
26 39
27 85
27 96
27 38
27 97
28 41
28 31
28 88
28 92
28 76
28 66
28 77
29 38
29 40
30 56
30 54
30 36
30 41
30 47
30 87
30 43
30 74
30 58
30 81
30 98
31 63
31 89
31 98
31 45
31 51
32 47
32 89
32 95
32 56
32 79
32 76
33 55
33 46
33 38
33 80
33 85
33 56
34 81
34 61
34 79
34 75
34 91
34 70
34 61
34 45
34 81
35 63
35 96
35 74
35 45
35 72
35 47
35 47
35 79
35 80
35 56
36 54
36 92
36 70
36 49
36 67
36 78
36 81
36 43
36 94
37 39
37 53
37 64
37 87
37 62
37 55
37 48
38 98
38 46
38 77
38 39
38 54
38 77
38 51
38 84
38 49
39 69
39 96
39 63
39 58
39 52
39 62
39 85
40 55
40 54
41 59
41 95
41 84
41 64
41 81
42 81
42 79
42 72
42 61
43 47
43 81
43 93
43 54
43 78
43 72
44 67
44 89
44 61
44 96
45 80
45 46
45 80
45 61
45 98
45 71
45 57
45 75
45 91
45 75
46 58
46 81
46 76
47 49
47 54
47 93
47 87
47 82
47 49
48 65
48 76
48 76
48 71
48 67
48 70
49 56
49 87
49 76
49 71
49 63
49 87
50 56
50 90
50 82
50 58
50 92
51 61
51 98
51 91
51 79
51 92
52 87
52 87
53 70
53 67
53 65
54 92
54 73
54 93
54 80
54 61
54 84
54 65
55 64
55 75
55 56
55 98
55 58
56 60
56 57
56 79
56 59
56 72
56 83
56 72
56 60
56 88
56 95
57 69
57 75
57 94
57 68
57 71
57 94
57 58
58 75
59 82
59 84
60 91
60 91
61 76
61 65
62 75
62 84
62 72
62 63
63 95
63 72
63 98
64 68
64 69
64 99
64 97
64 70
65 70
66 89
66 86
67 89
67 86
67 89
67 96
68 76
68 77
68 96
69 98
69 93
69 78
70 97
70 96
72 77
72 93
73 81
73 82
74 87
74 76
75 78
75 87
76 83
77 96
78 88
78 99
78 92
78 93
79 82
80 89
81 92
81 87
83 92
83 93
84 94
84 87
85 87
85 99
86 99
86 98
87 97
87 89
88 96
89 96
90 93
91 95
93 99
95 99
