0 66
0 89
0 1
0 48
0 72
1 64
1 10
1 90
1 32
1 15
1 65
1 82
1 87
1 79
1 52
1 96
1 53
1 10
1 56
1 68
1 82
1 17
2 64
2 9
2 47
2 49
2 13
2 73
2 9
2 95
2 39
2 87
2 52
2 53
2 98
3 9
3 89
3 98
3 65
3 79
3 13
3 61
3 6
3 78
3 72
3 20
4 61
4 90
4 53
4 31
4 34
4 49
4 25
4 93
4 87
4 65
4 42
4 43
5 72
5 23
5 36
5 52
5 66
5 88
5 34
5 90
5 82
6 37
6 11
6 68
6 23
6 34
6 33
6 65
6 70
7 67
7 99
7 60
7 52
7 92
7 88
7 63
7 65
7 93
7 85
7 13
7 20
7 86
7 20
7 24
7 18
7 9
7 73
8 41
8 26
8 97
8 41
8 44
8 97
8 36
8 55
8 27
8 38
8 50
8 86
8 49
8 31
8 83
9 54
9 18
9 68
9 53
9 78
9 83
9 54
9 83
10 78
10 82
10 79
10 96
10 25
11 63
11 96
11 95
11 98
11 58
11 23
11 96
11 46
11 99
11 51
12 92
12 96
12 65
12 54
12 88
12 49
12 84
12 17
12 19
12 57
13 32
13 28
13 31
13 28
13 58
13 98
13 30
14 78
14 50
14 35
14 82
14 68
14 41
15 40
15 23
15 24
15 43
15 58
15 85
15 82
15 84
16 91
16 56
16 63
16 31
16 65
16 28
17 31
17 67
17 51
17 58
17 26
17 34
17 78
18 30
18 20
18 55
18 67
18 79
18 59
18 93
18 91
18 70
18 23
19 20
19 35
19 44
19 82
19 26
19 45
19 42
19 70
19 44
20 33
20 35
20 61
20 77
20 24
20 88
20 86
20 92
20 43
20 49
21 22
21 85
21 27
21 91
21 43
21 60
21 51
21 68
21 42
22 99
22 25
22 85
22 67
22 42
22 76
23 64
23 95
23 88
23 74
23 91
23 86
23 77
24 72
24 74
24 56
24 47
24 37
24 55
24 29
24 41
24 42
24 28
25 73
25 65
25 61
25 90
25 64
25 47
26 34
26 75
26 41
26 41
26 88
27 88
27 76
27 76
27 65
27 40
27 44
27 84
27 28
27 57
27 58
27 49
28 36
28 41
28 78
28 72
28 44
28 89
28 30
28 89
28 80
29 63
29 89
29 36
30 57
30 69
30 81
30 49
30 74
30 71
30 96
30 74
30 36
30 85
30 82
30 87
30 50
31 57
31 92
31 32
31 71
31 53
32 70
32 64
32 54
32 70
32 59
32 81
32 53
32 34
32 89
32 34
32 33
33 98
33 46
33 74
33 91
33 59
34 97
34 48
34 58
34 61
34 82
34 89
34 66
35 70
35 66
35 57
35 88
35 38
35 68
36 52
36 47
36 99
36 74
37 61
37 99
37 96
37 45
37 77
37 49
37 46
37 57
38 76
38 58
38 65
38 40
38 55
38 65
39 48
39 57
39 92
39 61
39 40
39 71
39 91
40 59
40 78
40 68
40 68
41 81
41 42
41 57
41 44
42 54
42 98
42 45
42 73
42 54
42 86
43 86
43 92
45 97
45 80
45 97
46 89
46 75
46 58
47 78
47 87
47 76
47 84
47 85
47 84
47 73
47 88
47 91
47 75
48 95
48 99
48 72
48 82
48 53
48 58
48 61
49 85
49 75
49 91
49 84
49 70
50 55
50 75
50 69
50 85
50 76
50 68
50 77
51 76
51 73
51 86
51 54
52 87
52 77
52 91
52 54
52 83
52 96
53 90
53 66
53 84
53 96
54 96
54 98
54 63
54 70
54 97
54 99
55 82
55 62
55 60
55 84
56 97
56 97
56 73
56 76
56 85
56 73
57 58
58 73
58 70
58 66
59 80
59 77
59 83
59 71
59 67
60 94
60 91
60 79
60 65
60 65
60 62
61 63
61 88
61 64
62 73
62 96
62 77
63 69
63 92
63 76
63 65
63 82
63 90
63 78
63 70
63 80
64 79
64 83
65 84
65 76
65 89
66 94
66 98
66 67
66 73
66 77
66 79
66 87
67 70
67 78
67 75
68 83
69 78
69 91
69 95
70 98
71 87
71 79
72 76
72 90
72 89
73 80
73 85
73 74
73 92
73 87
77 94
78 84
79 84
80 97
80 81
81 94
81 84
82 87
83 89
83 85
86 97
87 92
88 96
88 89
89 97
90 98
92 96
