0 12
0 41
0 88
0 77
0 49
0 11
0 7
0 17
0 13
0 48
1 28
1 12
1 84
1 90
1 55
2 94
2 61
2 76
2 54
2 88
2 13
3 75
3 32
3 8
3 23
3 11
3 74
3 49
3 28
3 67
3 45
4 81
4 12
4 86
4 34
4 93
4 51
4 83
4 52
4 36
4 72
4 99
4 48
4 7
4 22
5 79
5 64
5 48
5 34
5 42
5 58
5 15
5 55
5 75
5 52
5 24
5 58
6 39
6 88
6 64
6 91
6 32
6 66
6 11
6 17
6 31
7 42
7 35
7 26
7 29
7 65
7 49
7 16
7 73
7 15
7 95
8 80
8 46
8 46
8 90
8 74
8 32
8 49
8 87
8 36
8 40
9 97
9 98
9 92
9 48
9 50
9 61
10 44
10 47
10 38
10 53
10 81
10 86
10 32
10 91
10 87
10 31
10 23
11 81
11 97
11 54
11 23
11 70
11 64
11 91
11 48
11 41
12 60
12 24
12 32
12 25
12 97
12 41
12 49
12 77
12 15
12 44
13 39
13 86
13 47
13 40
13 43
13 30
13 97
13 61
13 48
14 19
14 97
14 59
14 35
14 68
14 60
14 57
14 57
14 68
14 64
14 63
15 53
15 20
15 46
15 46
15 40
15 71
15 50
15 58
15 31
16 72
16 77
16 96
16 18
16 59
16 82
16 48
16 56
16 38
16 27
17 31
17 60
17 18
17 59
17 62
17 24
17 45
17 18
18 52
18 92
18 94
18 70
18 57
18 38
18 99
18 90
18 53
19 59
19 95
19 83
19 37
19 88
19 58
19 27
19 32
19 80
20 56
20 52
20 98
20 34
20 31
20 78
20 65
21 68
21 90
21 89
21 51
21 61
21 25
21 39
21 74
21 59
21 27
22 51
22 23
22 50
22 91
22 60
22 82
22 45
23 29
23 66
23 61
23 79
23 62
24 58
24 71
24 62
24 45
24 94
24 45
24 55
25 77
25 69
25 45
25 57
25 44
25 95
26 86
26 93
26 74
26 98
26 73
26 65
26 65
26 70
27 92
27 75
27 30
28 79
28 53
28 62
28 72
28 65
28 43
28 34
28 79
29 75
29 71
29 69
29 55
29 93
30 68
30 57
30 39
30 45
30 89
30 71
30 60
30 90
30 82
30 40
30 49
31 70
31 97
31 32
31 50
31 93
31 93
31 78
31 91
31 92
32 54
32 66
32 39
32 81
32 50
32 90
32 58
32 71
32 34
32 39
32 47
33 57
33 58
33 75
33 57
33 43
33 46
34 78
34 63
34 39
34 93
34 59
34 88
34 49
34 85
34 77
35 84
35 48
35 92
35 41
35 50
36 43
37 51
37 76
37 45
37 57
37 83
37 54
37 84
37 78
37 56
37 52
38 71
38 56
38 45
38 62
39 44
39 65
39 45
39 77
39 88
39 93
40 84
40 52
40 45
40 58
40 68
41 57
41 49
41 45
41 48
41 58
41 76
41 56
41 44
41 88
41 88
41 88
41 83
41 63
41 91
42 99
42 85
42 84
42 98
42 56
42 59
42 88
43 85
43 74
43 73
43 48
43 79
43 91
44 85
44 87
44 59
44 45
44 47
45 87
45 47
46 69
46 61
46 78
46 86
47 52
47 48
47 89
47 89
47 52
47 87
47 66
47 68
48 73
48 95
48 64
48 67
48 65
48 59
48 72
49 66
49 95
49 99
49 99
49 86
50 95
50 84
50 86
50 86
50 93
51 98
51 70
51 78
51 94
52 67
52 99
52 99
53 70
53 87
53 58
53 90
54 97
54 83
54 87
54 98
55 83
55 95
55 70
56 77
56 83
56 73
57 74
57 75
57 66
57 91
57 79
57 81
57 98
58 80
58 61
58 91
58 96
58 96
59 76
59 92
59 73
59 71
60 91
60 68
60 73
60 83
60 74
61 81
61 90
61 72
61 91
62 69
62 69
62 95
62 65
64 86
64 70
64 87
64 96
65 75
65 75
65 82
65 76
65 99
65 73
66 84
67 70
67 97
68 77
68 81
68 86
68 83
69 71
69 84
69 98
70 85
70 77
70 92
70 80
71 73
71 76
71 82
71 92
71 79
72 89
73 92
73 82
74 92
75 92
76 90
76 91
76 93
77 93
77 92
79 85
80 83
80 96
80 83
80 82
80 87
80 84
81 85
82 92
82 88
82 99
83 84
83 92
88 94
92 94
93 96
93 97
93 95
