0 10
0 86
0 72
0 58
0 44
0 18
0 73
0 5
0 31
0 56
0 67
0 27
1 85
1 58
1 40
1 15
1 81
1 60
1 98
1 77
1 21
1 97
2 13
2 50
2 98
2 78
2 98
2 31
2 84
3 89
3 52
3 12
3 75
3 53
3 61
3 99
3 83
3 39
3 51
3 68
3 19
4 28
4 75
4 46
4 8
4 56
4 14
4 84
4 15
4 39
5 88
5 74
5 91
5 40
5 97
5 69
5 72
5 87
5 76
5 23
6 39
6 9
6 99
6 97
6 81
6 42
6 23
7 52
7 49
7 87
7 56
7 8
7 15
7 31
7 21
7 82
7 93
7 50
7 21
7 99
7 57
7 46
8 35
8 81
8 83
8 22
8 48
8 56
8 86
8 54
8 36
8 16
8 49
9 40
9 83
9 35
9 34
9 46
9 65
9 49
9 22
9 38
9 31
9 82
10 44
10 84
10 76
10 49
10 95
11 23
11 59
11 59
11 89
11 25
11 14
11 70
11 32
11 26
11 94
11 93
11 75
11 22
12 57
12 36
12 32
12 54
12 29
12 13
12 60
12 46
12 30
12 85
12 92
13 52
13 43
13 78
13 72
13 22
13 60
13 20
14 79
14 71
14 45
14 90
14 71
14 43
14 85
14 76
14 46
14 33
15 89
15 25
15 89
15 87
15 71
15 79
15 16
15 92
15 16
15 21
15 94
15 73
15 97
16 69
16 34
16 68
16 75
16 50
16 86
16 39
17 88
17 53
17 51
17 90
17 85
17 48
17 50
18 23
18 25
18 34
18 20
18 94
19 74
19 47
19 52
19 91
19 86
19 80
20 54
20 99
21 56
21 27
21 27
21 56
21 53
21 45
21 51
21 56
21 36
22 36
22 69
22 93
22 50
22 36
22 65
22 72
22 84
22 74
22 79
22 36
22 63
22 24
23 41
23 52
23 43
23 81
23 91
24 48
24 84
24 55
24 37
24 89
24 84
24 27
24 75
25 65
25 57
25 58
25 46
25 33
25 75
25 41
25 50
26 96
26 49
26 95
26 27
26 31
26 73
26 49
26 60
26 56
27 60
27 38
27 69
27 34
28 39
28 59
28 45
28 70
28 52
28 83
28 59
28 37
28 87
28 49
28 66
29 48
29 79
29 94
29 63
30 50
30 35
30 33
30 75
30 90
30 63
30 91
30 33
30 48
30 57
30 33
30 90
30 64
30 55
30 82
30 57
30 65
30 38
31 73
31 33
31 57
31 45
32 47
32 91
32 70
32 84
32 42
32 78
32 76
32 93
33 47
33 87
33 50
33 34
34 75
34 81
34 80
34 58
35 63
35 88
35 66
35 69
35 88
35 90
35 36
36 57
36 62
37 81
37 75
37 91
37 60
37 64
37 43
38 41
38 72
38 72
38 70
38 75
39 53
39 54
39 56
39 49
39 83
39 88
39 77
39 97
39 41
39 95
39 58
40 92
40 76
40 67
40 79
40 73
40 50
40 83
41 61
41 55
41 76
41 61
41 81
42 80
42 58
42 55
42 88
43 93
43 80
43 54
43 90
44 66
44 89
44 63
44 80
45 83
45 73
45 63
45 97
45 87
45 78
45 81
46 63
47 52
47 71
47 94
47 87
47 94
48 81
48 49
48 90
49 99
49 83
49 63
50 57
50 53
50 67
50 84
50 52
52 93
52 89
52 73
52 60
52 68
52 84
52 97
53 71
53 67
54 96
54 56
54 78
54 84
55 59
55 91
56 85
56 83
56 80
56 73
56 87
56 94
57 92
57 72
57 60
57 89
57 69
58 60
58 77
58 72
58 76
59 80
59 72
59 80
60 90
60 65
61 79
61 82
61 88
61 76
62 65
63 87
63 92
63 66
63 91
64 85
64 69
64 90
64 78
64 96
64 72
64 99
65 97
65 73
65 90
65 86
65 85
65 96
65 68
66 85
66 85
67 72
68 75
68 97
68 97
68 97
69 97
70 96
70 96
71 88
71 95
72 84
72 91
72 75
72 96
73 79
73 78
73 77
73 85
73 96
74 82
74 90
75 82
75 82
76 97
76 84
76 89
76 94
77 81
77 81
78 95
78 82
78 79
78 89
78 89
78 86
80 97
80 89
81 85
81 90
82 97
83 86
84 90
84 91
85 99
85 90
85 94
85 90
86 91
86 99
86 89
86 91
87 98
88 95
89 92
90 98
91 98
91 93
92 95
93 94
93 98
94 95
98 99
