0 81
0 59
0 25
0 2
0 55
1 80
1 98
1 94
1 52
1 87
1 28
1 78
1 22
1 82
1 34
1 67
2 61
2 3
2 47
2 26
2 41
2 3
2 79
2 87
3 42
3 73
3 84
3 21
3 19
3 65
3 43
3 20
3 43
3 42
3 87
3 65
3 97
3 41
3 20
3 16
4 83
4 46
4 32
4 23
4 98
4 46
4 27
4 52
5 46
5 9
5 81
5 21
5 96
5 47
6 43
6 69
6 78
6 31
6 42
6 94
6 87
6 48
6 93
6 31
7 24
7 59
7 78
7 54
7 66
7 45
8 69
8 54
8 72
8 16
8 34
8 71
8 74
8 29
9 60
9 55
9 66
9 31
9 46
9 10
9 67
9 58
9 32
9 41
9 58
9 36
10 22
10 71
10 73
10 45
10 88
10 13
10 49
10 96
10 62
10 18
10 70
10 33
10 82
10 33
11 66
11 20
11 69
11 63
11 97
11 74
12 62
12 32
12 81
12 83
12 44
12 70
12 53
12 31
13 93
13 46
13 84
13 96
13 92
13 42
13 20
14 18
14 23
14 42
14 85
14 52
15 29
15 92
15 22
15 80
15 17
15 46
15 31
15 32
15 61
15 74
16 31
16 21
16 71
16 23
16 27
16 75
16 45
16 86
17 92
17 57
17 43
17 93
17 80
17 50
17 74
17 41
18 77
18 67
18 46
18 66
19 94
19 67
19 94
19 25
19 97
19 34
19 34
20 46
20 44
20 97
20 68
20 38
20 88
20 86
20 74
20 97
21 40
21 27
21 38
21 70
21 60
21 99
21 59
21 39
21 33
21 53
22 95
22 67
22 86
22 54
22 82
22 66
22 32
22 72
22 33
23 84
23 46
23 58
23 67
23 65
24 84
24 84
24 83
24 37
24 26
24 95
24 74
24 41
24 43
24 45
24 96
24 56
24 77
25 92
25 43
25 37
25 92
25 65
25 77
25 29
25 34
25 34
25 85
25 98
25 28
26 81
26 70
26 27
27 85
27 51
27 48
27 33
27 72
27 85
28 31
28 92
28 73
28 79
28 88
28 34
29 99
29 68
29 57
29 84
29 72
29 59
29 72
29 46
29 76
29 31
30 84
30 47
30 45
30 84
30 38
30 45
30 54
30 77
30 59
30 78
30 57
30 79
31 61
31 71
31 86
31 62
31 39
31 51
31 84
32 62
32 72
32 82
32 74
32 87
32 79
33 53
33 36
33 78
33 51
34 37
34 51
34 47
34 79
34 61
34 48
34 36
34 85
35 62
35 92
35 68
35 92
35 66
35 90
35 52
35 66
36 70
36 97
36 53
36 69
36 48
36 66
36 87
36 94
36 67
36 61
36 73
36 87
37 93
37 84
37 38
37 99
37 54
37 85
37 88
38 78
38 88
38 72
38 41
38 99
38 78
39 96
39 75
39 54
39 78
39 43
40 76
40 89
40 95
40 53
40 98
40 75
40 41
41 60
41 99
41 70
41 84
41 45
42 99
42 78
42 52
42 87
42 77
42 98
42 72
42 72
43 73
43 83
44 66
44 69
44 85
44 55
44 97
44 64
44 68
44 65
44 93
45 94
45 91
45 50
45 89
45 57
45 56
45 55
45 99
45 82
45 82
46 80
46 96
46 47
47 74
47 90
47 79
47 69
48 63
48 55
48 86
48 91
48 94
49 89
49 55
50 84
50 95
50 77
50 93
50 88
51 58
51 65
51 73
52 58
52 71
52 72
53 71
54 77
54 69
54 86
54 72
54 88
54 65
55 75
55 80
55 81
55 98
56 72
56 87
56 95
56 95
56 91
56 82
57 96
57 83
58 99
58 69
58 83
59 91
59 76
59 69
59 66
59 75
60 73
60 73
60 73
60 74
60 67
60 96
60 77
61 70
61 70
61 62
61 64
61 69
62 83
63 66
63 95
63 76
64 82
64 78
64 89
64 71
64 84
64 77
64 77
64 94
64 96
65 75
65 95
66 75
66 95
66 94
67 81
67 85
67 85
68 84
68 77
68 89
68 92
69 95
69 83
69 77
69 80
70 96
70 75
71 91
72 84
72 78
73 92
73 94
73 92
73 92
74 96
74 75
74 89
75 79
75 85
75 79
75 88
75 97
77 87
77 82
78 89
78 88
78 81
79 80
79 98
80 90
80 98
82 87
82 93
83 92
83 85
83 87
83 93
84 93
86 99
86 99
87 90
89 90
90 99
91 92
91 94
91 99
