0 5
0 77
0 73
0 5
0 14
0 35
0 93
0 5
1 28
1 79
1 40
1 42
1 80
1 45
1 26
2 74
2 62
2 73
2 97
2 84
2 62
2 6
2 69
2 36
2 7
2 3
3 97
3 56
3 39
3 4
3 51
3 80
3 98
3 72
3 56
3 17
3 98
3 34
4 36
4 48
4 68
4 29
4 70
4 7
4 94
4 67
4 87
4 51
4 68
4 94
4 59
4 28
4 40
4 45
4 93
5 12
5 37
5 52
5 10
5 28
5 95
6 71
6 40
6 16
6 84
6 59
6 44
6 97
6 16
7 65
7 53
7 48
7 53
7 50
7 61
7 66
7 26
7 65
7 84
7 49
8 98
8 72
8 24
8 22
8 88
8 29
8 44
8 19
8 86
8 61
8 23
8 56
9 39
9 44
9 90
9 66
9 68
9 15
9 26
9 64
9 11
9 40
9 67
9 37
9 27
9 47
9 79
10 87
10 93
10 63
10 49
11 90
11 18
11 95
11 89
11 95
11 66
11 63
11 19
11 80
11 14
12 36
12 92
12 26
12 13
12 79
12 92
12 33
13 95
13 22
13 35
13 31
13 81
13 39
13 60
13 61
14 75
14 84
14 73
14 85
14 37
14 68
15 84
15 73
15 18
15 80
15 35
15 71
15 33
15 32
15 52
15 99
16 92
16 83
16 46
16 88
16 64
16 44
16 54
16 96
16 96
16 64
17 37
17 44
17 62
17 22
17 63
17 30
18 65
18 50
18 61
18 19
18 42
19 83
19 40
19 88
19 34
19 52
19 31
19 94
19 24
19 64
20 24
20 56
20 56
20 93
20 56
20 23
20 56
20 99
20 86
20 86
21 27
21 48
21 50
21 72
21 28
21 55
21 78
21 95
21 97
21 88
22 70
22 81
22 73
23 80
23 77
23 54
23 44
23 31
23 32
23 79
23 27
23 25
24 42
24 48
24 29
24 62
24 78
24 40
24 42
25 95
25 26
25 50
25 86
25 89
25 58
25 90
26 56
26 79
26 59
26 35
26 94
26 79
26 40
27 32
27 50
27 32
27 70
27 80
27 33
27 82
27 99
28 73
28 36
28 91
28 71
28 96
28 34
29 80
29 52
29 37
29 70
29 89
29 52
29 88
29 52
29 39
29 48
30 38
30 99
30 92
30 65
30 94
30 54
30 67
31 63
31 83
31 59
31 80
31 80
31 85
31 67
31 55
31 32
31 40
31 68
31 85
32 54
32 39
32 89
32 34
32 52
32 57
33 63
33 45
33 50
33 96
33 58
33 70
33 77
33 58
33 59
34 93
34 43
34 53
34 64
34 73
34 46
34 39
34 73
34 93
34 93
34 37
34 37
34 95
34 73
34 50
34 44
35 85
35 63
35 75
35 63
35 61
35 40
35 66
35 61
35 82
36 76
36 91
36 85
36 62
36 51
36 66
36 67
36 56
37 57
37 42
37 82
37 41
37 57
37 96
37 85
38 97
38 40
38 51
38 81
38 86
38 74
38 47
38 71
39 88
39 60
39 48
39 41
39 82
39 77
39 91
39 86
40 42
40 97
40 50
40 87
40 73
40 86
40 71
41 48
41 74
42 65
42 87
42 78
42 62
42 51
42 64
42 62
42 48
42 51
43 82
43 94
43 87
43 78
44 80
44 45
44 72
45 88
45 52
45 53
45 71
45 61
45 56
45 82
45 82
45 58
46 97
46 60
46 81
46 50
46 81
46 73
47 72
47 91
47 54
49 56
49 98
50 91
50 89
50 73
50 99
50 72
50 60
51 99
51 93
52 73
52 72
52 67
53 97
53 70
53 87
53 94
54 85
54 83
54 76
54 89
55 68
55 58
55 98
56 63
56 79
56 70
56 66
56 58
56 76
57 64
57 89
57 63
57 76
58 98
59 66
59 95
59 76
59 94
59 96
59 97
60 92
61 91
61 87
61 76
61 69
61 73
61 67
61 93
62 78
62 64
62 98
62 71
63 86
63 67
64 90
64 89
65 76
66 72
66 78
67 79
67 95
67 96
68 83
68 78
69 90
69 84
69 82
70 91
70 76
71 85
72 84
72 82
73 83
73 94
73 99
74 86
74 78
74 89
75 81
76 81
76 93
76 83
77 87
78 93
80 97
81 95
82 98
82 95
83 87
83 90
83 85
86 89
86 97
86 97
86 87
87 98
88 91
88 97
90 98
90 93
90 92
92 94
93 94
93 97
94 99
94 97
96 99
