0 95
0 27
0 86
0 81
0 88
0 45
0 79
0 89
0 21
0 17
1 38
1 44
1 13
1 35
1 50
1 13
1 50
1 77
1 13
1 56
1 49
2 51
2 61
2 99
2 59
2 98
2 36
2 40
2 86
2 77
2 97
2 17
2 57
2 61
2 7
3 46
3 47
3 79
3 18
3 28
3 4
3 75
3 43
3 6
3 87
3 42
4 9
4 62
4 51
4 71
4 8
4 70
4 49
5 68
5 66
5 16
5 62
5 56
5 50
5 23
5 76
5 55
5 33
5 67
6 84
6 27
6 23
6 72
6 34
6 90
6 21
6 37
6 91
7 39
7 69
7 86
7 86
7 93
7 57
7 88
7 73
7 36
7 84
7 48
8 89
8 50
8 22
8 45
8 76
8 95
8 26
8 12
8 9
9 63
9 41
9 75
9 28
10 82
10 91
10 99
10 57
10 93
10 26
10 17
10 76
10 46
10 25
10 71
10 27
11 72
11 88
11 58
11 93
12 70
12 28
12 89
12 30
12 90
12 63
12 92
12 76
12 83
12 22
12 45
13 15
13 52
13 27
13 88
13 40
13 87
13 81
13 15
13 95
13 61
13 51
14 90
14 98
14 54
14 31
14 92
14 31
15 21
15 76
15 96
15 34
15 84
15 21
16 65
16 98
16 88
16 25
16 49
17 29
17 63
17 94
17 55
17 30
17 46
17 86
17 29
18 46
18 65
18 85
18 39
18 84
18 78
18 33
18 93
19 24
19 78
19 57
19 89
19 27
19 56
20 80
20 33
20 90
20 48
20 54
20 50
20 77
20 44
20 24
21 79
21 57
21 55
21 81
21 35
21 51
21 70
21 67
21 63
22 58
22 72
22 82
22 62
22 56
22 60
22 27
22 28
22 82
22 99
22 56
22 73
23 44
23 41
23 34
23 24
23 80
23 43
23 95
23 42
24 54
24 80
24 83
24 90
24 79
24 26
24 51
24 55
24 53
24 42
25 62
25 48
25 37
25 60
25 90
25 90
25 66
26 86
26 79
26 56
26 34
26 31
26 99
26 41
26 41
26 51
26 38
26 58
27 95
27 43
27 49
27 85
27 86
27 99
27 98
27 70
27 67
27 47
28 65
28 82
28 88
28 52
28 99
28 51
28 51
29 91
29 85
29 55
29 81
29 62
30 61
30 98
30 86
30 47
30 89
30 77
30 51
30 68
30 70
30 81
30 57
30 88
31 74
31 85
31 58
31 70
31 34
32 87
32 85
32 53
32 67
32 51
32 39
32 38
32 75
32 73
32 87
32 48
32 39
33 58
33 90
33 91
33 39
33 64
33 34
33 60
33 96
34 63
34 63
34 78
34 45
34 55
34 78
35 88
35 41
35 52
35 62
35 85
35 75
35 73
35 86
35 51
36 42
36 42
36 44
36 80
36 61
37 64
37 64
37 62
37 86
37 38
37 75
37 69
37 73
37 62
37 58
38 98
38 60
38 71
38 47
38 59
38 46
38 76
38 47
39 53
39 85
39 43
40 68
40 43
40 78
40 75
40 41
40 86
41 86
41 81
41 65
41 59
41 45
42 87
42 56
42 83
42 88
42 77
43 45
43 95
43 58
44 51
44 54
44 83
44 93
45 49
45 96
45 49
45 53
45 50
46 84
46 47
46 79
46 58
46 59
46 60
47 88
47 59
47 97
47 96
48 98
48 75
49 75
49 61
49 88
49 83
50 72
50 67
51 71
51 89
51 62
51 83
51 60
52 72
52 75
52 99
52 58
52 56
52 55
52 76
53 64
53 70
53 81
53 66
53 64
54 77
54 90
54 84
54 96
54 58
55 97
55 71
55 80
55 96
55 94
55 81
55 65
56 65
56 80
56 87
57 74
57 65
58 91
58 62
58 76
58 64
59 78
59 70
59 66
59 98
59 85
60 72
61 95
61 68
61 73
61 79
62 73
62 72
62 65
62 90
63 76
63 95
64 77
64 93
64 84
64 68
65 69
66 74
66 82
66 80
66 83
68 73
69 76
69 87
69 98
70 83
70 90
71 90
71 89
72 88
72 76
73 97
73 86
73 77
73 90
73 81
73 96
74 81
74 87
75 89
75 96
75 87
75 90
76 99
76 93
76 99
76 86
78 88
79 84
79 88
80 95
80 83
81 85
81 88
81 82
82 95
82 89
83 93
83 92
83 88
84 92
84 95
84 86
85 94
86 93
86 98
87 97
89 98
93 95
94 99
95 96
98 99
