0 44
0 26
0 19
0 93
0 49
1 96
1 48
1 47
1 82
1 58
1 96
1 41
1 24
1 70
1 61
1 99
1 19
2 29
2 50
2 4
2 55
2 21
2 25
2 16
2 22
2 11
2 20
3 52
3 76
3 46
3 13
3 6
3 67
3 21
3 46
3 5
4 9
4 48
4 34
4 59
4 67
4 45
4 86
4 79
4 16
5 10
5 63
5 78
5 67
5 22
5 46
5 84
5 89
5 75
6 37
6 25
6 54
6 44
6 83
7 19
7 32
7 71
7 67
8 67
8 61
8 47
8 26
8 10
8 54
8 50
8 99
8 32
9 95
9 98
9 74
9 42
9 27
10 62
10 82
10 76
10 71
10 49
10 82
10 78
10 44
10 54
11 91
11 62
11 84
11 22
11 58
11 56
12 60
12 50
12 97
13 77
13 32
13 52
13 79
13 78
13 51
13 74
13 21
14 57
14 68
14 79
14 28
14 33
14 71
14 92
14 32
14 76
15 92
15 38
15 37
15 46
15 32
15 77
15 74
15 99
15 38
16 59
16 71
16 67
16 60
16 91
16 19
16 65
17 50
17 64
17 25
17 96
17 25
17 64
17 95
18 54
18 23
18 51
18 20
18 94
19 61
19 97
19 90
19 45
19 29
19 84
20 44
20 50
20 55
20 26
20 96
20 42
20 62
20 84
20 82
20 44
21 48
21 61
21 60
21 56
21 78
21 62
22 96
22 26
22 60
22 23
22 83
22 58
23 90
23 31
23 35
23 60
23 87
23 97
24 41
24 45
24 71
24 74
24 63
24 45
24 93
24 42
24 93
24 52
24 53
25 74
25 58
25 79
25 98
25 52
25 30
25 78
25 64
25 58
25 89
25 79
26 39
26 70
26 76
27 89
27 93
27 96
27 42
27 95
27 59
27 92
27 42
27 78
27 75
28 92
28 57
28 84
28 85
28 81
28 64
28 94
28 98
29 92
29 38
29 83
29 94
29 61
29 37
29 43
29 50
29 55
30 73
30 40
30 75
30 49
30 74
30 80
30 49
30 66
30 87
31 39
31 81
31 64
31 91
31 86
31 86
32 33
32 86
32 88
32 50
32 57
32 94
32 96
32 88
32 57
32 72
32 33
32 33
33 53
34 58
34 37
34 43
34 81
34 96
34 52
34 39
35 46
35 98
35 48
35 94
35 74
35 57
35 59
35 87
35 40
35 41
35 80
36 83
36 84
36 84
36 64
36 78
36 90
36 60
37 80
38 77
38 40
38 51
38 53
38 51
38 71
39 85
39 95
39 75
39 92
39 86
39 96
39 43
39 75
40 98
40 77
40 57
40 97
40 89
40 66
40 73
41 53
41 61
41 48
41 47
41 46
42 80
42 92
42 67
42 89
42 69
42 49
43 81
43 88
43 90
43 79
43 82
44 46
44 45
44 86
44 92
44 60
44 64
45 49
45 91
45 68
45 51
45 75
45 66
45 62
45 95
45 73
46 50
46 69
46 56
46 81
46 89
46 66
46 59
46 47
46 98
47 68
47 87
47 53
47 86
47 48
47 62
47 48
47 58
47 63
48 81
48 64
48 81
48 67
48 85
48 89
48 83
49 55
49 57
49 59
49 92
49 51
49 59
50 85
50 92
50 90
50 60
50 69
51 67
51 98
51 72
52 58
52 61
52 94
52 95
52 80
53 72
53 59
53 64
53 89
53 64
54 61
54 76
54 94
54 55
54 92
55 95
55 68
55 76
55 60
55 89
55 91
56 61
56 74
56 63
56 64
57 70
57 81
57 64
58 75
58 77
58 91
59 66
59 96
59 91
59 72
59 72
59 84
60 89
60 82
60 70
60 88
60 63
60 72
61 96
61 71
61 68
61 78
61 86
61 88
62 73
62 69
62 70
63 82
63 64
63 94
64 82
64 75
64 68
64 90
64 88
64 84
64 71
64 76
65 72
65 68
66 99
66 68
66 88
66 99
67 76
67 74
68 99
68 90
69 92
69 73
69 89
70 85
70 91
70 98
71 72
71 87
71 86
71 93
71 73
71 73
71 73
72 88
72 84
72 80
72 75
73 89
73 86
73 77
74 88
74 80
74 97
74 94
75 86
75 97
76 93
76 82
76 78
77 91
77 87
77 83
77 85
77 84
78 83
78 86
79 83
79 91
79 95
79 95
80 87
81 91
82 94
84 92
84 92
84 95
85 93
87 99
88 89
89 98
91 98
91 98
92 94
93 97
96 98
97 99
