0 65
0 69
0 90
0 29
0 42
0 44
1 2
1 90
1 76
1 26
1 41
1 28
1 96
1 62
1 25
1 45
2 40
2 57
2 34
2 28
2 60
2 96
2 90
2 14
2 98
2 33
3 4
3 61
3 53
3 78
3 85
3 76
3 20
3 14
4 72
4 72
4 66
4 82
4 56
4 24
4 90
4 23
4 37
4 25
4 5
5 12
5 34
5 23
5 66
5 78
5 90
5 55
6 33
6 71
6 97
6 99
6 14
6 45
6 9
6 99
6 55
6 77
7 65
7 60
7 84
7 36
7 33
7 86
8 14
8 60
8 29
8 62
8 45
8 87
8 57
9 65
9 80
9 90
9 91
9 89
9 55
9 19
9 89
9 93
9 45
9 92
9 79
10 34
10 54
10 92
10 92
10 15
10 45
10 37
10 69
10 48
10 18
10 75
10 79
10 26
10 22
10 13
10 75
10 22
11 50
11 97
11 23
11 83
11 70
11 16
11 19
11 92
11 28
12 19
12 98
12 47
12 21
12 80
12 15
12 72
12 14
12 68
12 89
13 61
13 51
13 37
13 24
13 64
13 15
13 54
13 80
13 33
13 67
13 43
14 29
14 88
14 72
14 70
14 24
14 62
14 80
14 24
14 98
14 46
14 72
14 93
14 68
14 79
14 86
15 56
15 47
15 35
15 88
15 29
15 87
16 27
16 45
16 98
16 59
16 70
17 47
17 66
17 75
17 23
17 67
17 34
17 37
17 55
17 33
17 29
17 36
17 98
17 48
18 29
18 55
18 91
18 68
18 92
18 91
18 86
18 19
18 84
18 26
18 56
18 70
19 41
19 94
19 34
19 39
19 46
19 90
19 48
19 83
20 89
20 35
20 85
20 32
20 84
20 57
20 93
20 95
21 24
21 92
21 89
21 72
21 53
21 78
21 78
21 52
21 50
21 38
21 60
22 61
22 61
22 88
22 78
22 99
22 38
22 34
22 63
22 79
23 57
23 76
23 93
23 32
23 81
23 67
24 88
24 66
24 46
24 87
24 50
24 98
24 38
25 56
25 72
26 55
26 67
26 53
26 49
26 49
26 81
26 33
26 42
27 73
27 77
27 91
27 60
27 67
27 77
27 94
27 39
27 51
28 64
28 35
28 35
28 88
28 47
28 99
29 65
29 48
29 69
29 88
29 77
30 50
30 53
30 62
30 35
31 34
31 68
31 76
31 81
31 96
31 94
31 65
31 84
32 54
32 58
32 38
33 48
33 76
33 78
33 62
33 95
34 77
34 40
34 66
34 61
35 46
35 61
35 64
35 38
36 71
36 97
36 95
36 55
36 42
37 59
37 89
37 70
37 98
37 92
37 44
37 63
37 51
37 55
37 59
38 93
38 52
38 68
38 49
38 71
38 52
39 57
39 43
39 89
39 47
39 98
39 52
39 65
39 72
39 60
39 66
39 84
40 48
40 75
40 53
40 70
40 41
40 47
40 96
40 96
41 50
41 65
41 97
41 56
42 60
42 47
42 85
42 87
42 89
42 90
43 64
43 57
43 76
43 64
43 87
43 71
43 85
43 80
44 87
44 80
44 79
44 96
44 51
44 64
44 57
44 73
45 85
45 68
45 76
45 93
45 72
45 92
45 69
46 68
46 66
46 89
46 65
47 61
48 60
48 99
48 99
48 87
48 94
49 69
49 74
49 76
49 54
49 74
49 70
49 69
49 85
49 61
50 82
50 65
50 93
50 97
50 61
50 68
50 95
50 54
51 95
51 82
51 67
51 53
51 59
51 95
51 98
51 81
51 56
52 75
52 61
52 79
52 84
53 61
53 64
53 91
53 74
53 79
54 69
54 68
55 80
55 93
55 67
55 88
56 93
57 61
57 81
57 71
58 59
58 90
58 80
58 72
58 96
58 72
58 66
59 87
59 97
59 88
59 93
60 80
60 92
60 86
61 96
61 87
61 91
61 67
61 66
61 62
62 91
62 69
62 82
62 86
63 84
63 93
64 89
64 72
65 88
65 67
65 99
65 82
66 69
66 99
67 82
67 69
67 91
67 95
67 83
67 71
69 90
69 72
69 86
70 80
70 79
70 95
70 82
71 90
72 92
73 97
73 92
73 74
73 86
74 92
74 85
75 82
75 98
75 94
76 90
78 89
78 95
79 92
79 80
80 94
80 96
80 82
80 81
80 85
82 86
82 86
82 83
83 97
84 96
85 92
87 88
90 92
92 94
92 93
93 99
96 98
