0 79
0 9
0 47
0 94
0 30
0 51
1 44
1 50
1 96
1 61
1 57
1 61
1 40
1 57
1 56
1 85
1 64
1 96
2 83
2 12
2 63
2 77
2 75
2 68
2 54
2 86
2 67
2 96
2 46
2 41
3 48
3 69
3 88
3 46
3 73
3 26
3 80
4 84
4 63
4 72
4 54
4 64
4 34
4 85
4 15
4 31
4 11
5 47
5 93
5 19
5 71
5 40
5 92
5 17
5 80
5 17
5 37
5 91
6 60
6 73
6 20
6 80
6 83
6 65
6 70
6 29
6 23
6 63
6 45
7 52
7 95
7 10
7 54
7 62
7 42
7 77
7 65
7 55
7 58
8 67
8 56
8 60
8 71
8 37
8 36
8 78
8 81
9 47
9 94
9 29
9 27
9 85
9 22
9 62
9 63
9 95
10 67
10 46
10 64
10 54
10 56
10 16
10 39
10 84
10 47
11 66
11 43
11 89
11 49
11 66
11 76
11 77
11 76
11 52
11 27
11 25
11 50
11 22
12 89
12 47
12 62
12 56
12 25
12 97
12 54
12 71
12 57
12 56
12 73
13 21
13 32
13 55
13 78
13 56
14 86
14 48
14 90
14 30
14 40
14 48
14 73
14 64
15 81
15 45
15 98
16 86
16 44
16 82
16 30
16 58
16 80
16 45
16 72
16 46
16 52
17 28
17 43
17 74
17 29
17 87
17 79
17 26
17 92
17 43
17 42
17 96
17 67
18 35
18 73
18 41
18 78
18 78
18 71
18 50
19 99
19 69
19 55
19 35
20 34
20 55
20 42
20 73
20 88
20 54
20 76
21 60
21 98
21 26
21 53
21 41
21 68
21 73
21 62
21 32
21 92
21 62
21 63
21 60
21 39
21 39
21 52
21 49
22 81
22 82
22 85
22 58
22 70
22 92
23 25
23 36
23 44
23 52
23 29
23 28
23 55
24 26
24 41
24 31
24 51
24 38
24 66
25 99
25 92
25 59
25 45
25 99
25 37
25 63
26 34
26 75
26 82
27 62
27 53
27 74
27 62
28 99
28 43
28 58
28 59
29 35
29 89
29 42
29 54
29 95
29 43
30 46
30 66
30 36
30 54
30 92
30 95
30 67
30 75
30 99
31 40
31 92
31 87
31 45
31 48
32 55
32 52
32 94
32 41
32 93
32 85
32 70
32 86
32 84
32 94
32 83
33 89
33 82
33 56
33 66
33 64
33 59
34 60
34 66
34 55
34 80
34 38
34 57
34 75
34 55
34 97
34 68
34 94
34 93
35 86
35 46
35 91
35 44
36 85
36 42
36 99
36 46
36 90
36 38
36 97
36 89
37 75
37 93
37 52
37 68
37 57
38 63
38 62
38 87
38 82
38 41
38 53
38 95
38 66
38 84
38 87
39 63
39 56
40 48
40 76
40 97
41 91
41 84
42 71
42 43
43 56
43 88
43 50
43 68
43 95
43 55
43 44
43 84
44 55
44 87
44 57
44 82
44 98
44 83
44 52
44 94
44 60
45 61
45 98
45 77
45 96
45 69
45 96
45 79
46 65
46 60
46 85
46 98
46 72
46 73
46 51
47 93
47 77
47 56
47 64
48 52
48 73
48 78
49 87
49 71
49 91
49 58
50 67
51 91
51 77
51 72
51 68
51 89
51 76
51 68
52 98
52 76
52 94
52 95
52 90
53 92
53 56
53 61
53 95
53 60
54 94
54 60
54 74
54 62
55 91
55 97
56 97
56 60
56 61
56 69
57 58
57 84
57 64
57 62
57 81
58 79
58 61
58 89
59 68
59 87
59 70
59 81
60 91
60 75
60 69
60 85
60 96
60 83
60 76
61 62
61 92
61 80
61 78
61 68
62 89
62 74
63 79
63 96
63 95
63 85
63 96
63 85
64 95
64 84
64 85
64 72
64 75
64 92
64 65
65 86
65 78
65 95
66 87
66 75
66 92
66 82
67 69
68 72
68 82
68 82
68 87
69 92
69 77
69 91
69 88
69 73
70 80
71 74
71 94
71 92
71 84
72 84
72 95
73 86
73 88
73 83
73 95
74 84
74 93
74 88
75 80
76 91
76 77
76 99
77 78
77 88
77 84
77 91
78 97
78 88
78 97
78 89
79 80
79 98
79 94
79 95
79 98
79 89
79 86
79 87
80 93
80 81
81 91
81 88
83 93
84 98
84 88
84 91
84 99
88 89
88 89
89 92
89 99
92 96
93 99
96 97
