0 57
0 35
0 86
0 85
0 44
0 42
0 63
0 63
0 71
0 73
0 14
1 67
1 6
1 99
1 27
1 19
1 55
1 88
1 72
1 41
2 60
2 89
2 60
2 50
2 74
2 16
3 17
3 74
3 67
3 41
3 22
3 53
3 85
4 11
4 37
4 5
4 35
4 58
4 99
4 54
4 36
5 73
5 15
5 39
5 79
5 98
5 89
6 78
6 89
6 18
6 58
6 21
6 56
6 99
6 33
6 44
6 17
6 32
7 33
7 73
7 18
7 56
7 48
7 52
7 92
7 71
7 15
7 52
7 53
7 81
8 9
8 23
8 51
8 55
8 83
8 37
9 74
9 59
9 88
9 22
10 75
10 50
10 67
10 78
10 67
10 70
10 70
10 84
10 97
10 55
11 80
11 21
11 48
11 85
11 95
11 21
11 65
11 17
11 88
11 77
12 49
12 28
12 52
12 29
12 80
12 27
12 85
13 73
13 58
13 19
13 73
13 98
14 70
14 57
14 69
14 33
14 39
14 59
14 20
14 23
14 59
14 40
15 73
15 30
15 18
15 80
15 89
16 56
16 61
16 73
16 42
16 99
16 95
16 58
17 83
17 85
17 23
17 44
17 88
17 84
17 87
17 28
17 47
17 93
17 20
17 37
18 23
18 26
18 23
18 93
18 98
18 75
18 37
18 63
18 35
19 65
19 76
19 28
19 49
19 91
19 69
19 20
20 86
20 40
20 54
20 56
20 68
20 90
20 87
21 37
21 24
21 74
21 39
21 93
21 53
21 35
21 50
21 41
21 91
21 77
21 38
21 93
22 83
22 41
22 99
22 38
22 82
22 78
22 71
22 40
22 76
22 90
22 76
22 97
22 91
23 33
23 52
23 75
23 37
23 50
23 53
23 68
23 92
23 44
24 84
24 84
24 65
24 66
24 32
24 72
24 64
24 60
24 33
25 91
25 51
25 37
25 54
25 60
25 28
25 74
25 41
26 82
26 71
26 27
26 94
26 59
26 42
26 91
26 86
27 75
27 37
27 71
27 87
27 74
27 64
28 68
28 29
28 35
28 95
28 84
28 65
28 74
29 49
29 96
29 33
29 90
29 30
29 74
29 71
29 93
30 93
30 77
30 49
30 42
30 59
30 92
31 98
31 79
31 52
31 89
31 86
31 42
31 58
32 64
32 59
32 48
32 78
33 57
33 91
33 50
33 77
33 56
33 82
33 38
34 69
34 63
34 45
34 87
34 84
34 77
34 46
34 82
34 66
34 87
35 98
35 99
35 43
35 52
35 38
36 59
36 78
36 71
36 77
36 51
36 93
36 54
36 81
36 83
36 46
36 70
37 74
37 41
37 97
37 45
37 94
37 60
37 64
37 55
37 56
37 75
38 51
38 76
38 57
38 70
38 77
38 75
39 48
39 95
39 61
39 66
39 64
39 40
39 55
40 78
40 72
40 97
40 83
40 60
40 48
41 94
41 85
41 66
41 78
41 89
42 76
42 79
42 97
42 70
42 85
42 59
43 94
43 66
43 93
43 83
43 97
44 64
44 45
44 45
44 73
44 69
45 82
45 58
45 86
45 54
45 73
45 71
46 59
46 56
46 98
46 87
46 68
47 77
47 69
47 71
47 83
47 94
47 88
47 98
48 97
48 93
48 95
49 61
49 76
49 54
50 76
50 62
50 52
50 99
50 56
51 95
51 77
51 71
51 68
51 63
51 93
52 84
52 57
52 70
52 61
53 73
53 96
53 69
53 57
53 93
53 73
54 95
54 66
54 80
54 96
54 66
55 59
55 87
55 56
56 82
56 96
56 63
57 71
57 83
57 76
58 70
58 62
58 67
58 71
59 60
59 99
59 93
60 68
60 72
61 62
61 88
61 75
61 73
61 94
62 74
62 75
62 88
62 82
62 83
63 72
63 68
63 65
64 80
64 85
64 91
65 81
65 78
65 77
66 84
66 78
66 91
66 80
66 82
67 84
67 69
67 68
67 93
67 77
68 72
68 84
68 95
68 90
68 95
68 94
69 81
69 85
69 76
69 86
69 99
70 80
70 86
71 89
71 79
71 93
72 74
72 87
73 85
74 94
74 75
75 89
75 94
75 77
76 83
76 88
76 79
77 93
78 89
79 95
79 86
79 81
80 94
80 92
80 86
81 96
81 89
81 84
82 83
82 98
83 95
83 88
84 90
84 97
85 88
87 89
89 93
90 95
91 98
91 96
91 96
94 96
94 95
