0 12
0 44
0 29
0 14
0 22
0 12
0 52
0 63
0 65
0 96
0 55
0 48
0 56
1 63
1 15
1 96
1 31
1 42
1 39
2 98
2 5
2 7
2 79
2 30
2 62
2 86
2 88
3 77
3 33
3 37
3 78
3 47
3 91
3 36
3 19
3 98
3 5
3 73
3 28
4 98
4 38
4 51
4 40
4 69
4 35
4 61
4 34
4 92
5 69
5 94
5 95
5 76
5 85
5 10
6 29
6 39
6 48
6 8
6 14
6 42
6 22
6 47
7 90
7 86
7 92
7 31
7 58
7 76
7 57
7 93
7 81
7 41
8 52
8 22
8 42
8 96
8 82
8 99
8 54
8 14
8 76
8 89
8 48
8 55
8 51
9 71
9 23
9 77
9 72
9 26
9 39
9 49
10 73
10 75
10 88
10 96
10 30
10 65
10 44
10 16
10 55
10 49
11 68
11 79
11 80
11 51
11 13
11 36
11 24
11 69
11 51
11 20
12 51
12 79
12 43
12 46
12 46
13 44
13 43
13 51
13 41
13 78
13 29
13 72
13 79
13 54
13 33
13 59
13 38
13 95
14 79
14 69
14 61
14 96
14 20
14 60
14 30
14 78
14 30
14 69
14 51
15 96
15 22
15 71
15 94
15 39
15 92
15 42
15 76
15 37
16 46
16 60
16 40
16 68
16 51
16 58
16 24
16 57
16 40
17 19
17 66
17 98
17 35
17 58
17 93
17 40
17 25
17 58
17 33
17 91
18 69
18 94
18 56
18 19
18 65
18 48
18 39
18 48
18 88
18 34
18 36
19 48
19 48
19 98
19 94
19 60
19 69
19 82
20 88
20 21
20 71
20 44
20 35
21 92
22 97
22 69
22 45
22 34
22 32
22 36
22 82
22 24
22 34
22 94
22 37
23 50
23 87
23 46
23 58
23 79
23 27
23 60
23 45
23 98
24 55
24 93
24 85
24 82
24 44
25 91
25 68
25 98
25 27
25 63
25 85
25 76
25 86
25 64
26 73
26 45
26 47
26 65
26 71
26 94
27 59
27 78
27 51
27 36
27 84
28 73
28 75
28 32
28 36
28 93
28 73
28 48
28 93
29 37
29 36
29 72
30 32
30 60
30 36
30 41
30 43
30 33
30 70
31 37
31 89
31 78
31 99
31 52
32 97
32 75
32 66
32 73
32 85
33 55
33 77
33 91
33 79
33 85
33 66
34 45
34 91
34 44
34 86
34 77
34 41
35 64
35 46
35 86
35 97
35 87
35 92
35 96
36 84
36 53
36 56
36 96
36 57
37 97
37 79
37 41
37 65
37 61
37 83
37 53
37 45
38 99
38 51
38 63
38 39
38 79
38 72
38 56
39 70
39 74
39 72
39 62
39 88
40 95
40 81
40 44
41 51
41 69
41 96
41 68
41 98
41 44
41 93
41 79
41 75
41 93
43 76
43 73
43 55
44 79
44 76
44 98
44 89
44 63
45 84
45 70
45 46
45 53
45 83
45 61
45 78
45 92
45 68
45 70
45 48
46 55
46 89
46 69
46 47
46 80
46 74
46 52
46 81
46 98
46 79
47 56
47 71
47 98
47 83
47 49
47 97
47 78
47 58
48 53
48 64
48 59
48 57
48 69
48 82
48 59
48 56
49 64
49 68
49 99
49 97
50 62
50 99
50 64
50 85
50 58
51 62
51 76
51 91
51 52
51 74
51 57
52 91
52 94
52 72
52 84
52 60
52 99
52 95
52 83
52 61
52 65
52 62
54 60
54 57
54 64
54 62
55 76
55 71
55 63
55 68
56 69
56 76
56 85
56 94
57 92
57 73
57 99
57 98
58 62
58 69
58 73
58 65
58 69
59 85
60 86
60 75
60 87
61 99
61 72
62 74
62 93
62 81
64 68
64 66
64 74
64 69
64 66
64 67
64 87
64 85
64 66
64 69
64 82
65 97
65 77
65 99
65 90
66 94
66 85
66 81
67 74
67 83
68 80
68 95
68 85
69 73
69 87
69 91
70 79
70 80
70 79
71 93
71 86
72 88
74 86
74 81
75 77
76 87
76 86
76 91
78 83
79 90
79 80
80 99
80 99
80 97
80 83
80 89
81 91
81 92
81 99
81 82
81 94
82 94
82 96
82 88
84 99
84 99
84 88
84 85
84 90
84 96
85 88
85 93
85 88
85 98
86 89
86 92
87 90
88 92
89 96
91 96
91 95
91 98
93 99
94 97
95 98
