0 56
0 62
0 11
0 62
0 37
0 48
0 6
0 89
0 26
0 25
1 91
1 88
1 36
1 28
1 48
1 48
1 23
2 73
2 88
2 35
2 16
2 95
2 39
2 82
2 81
2 37
2 79
2 84
2 59
3 62
3 90
3 62
3 26
3 13
3 56
4 82
4 25
4 38
4 8
4 55
4 6
4 23
4 9
4 40
4 98
4 75
4 55
4 21
5 40
5 22
5 12
5 97
5 59
5 80
5 95
6 80
6 45
6 23
6 48
6 68
6 73
7 60
7 23
7 98
7 15
7 66
7 54
7 99
7 9
7 54
8 74
8 46
8 63
8 9
8 21
8 17
8 40
9 18
9 88
9 67
9 73
9 86
9 96
9 84
9 24
9 78
9 90
9 47
9 44
9 85
9 28
9 87
9 46
10 11
10 38
10 51
10 17
10 36
10 88
10 87
10 47
10 20
10 91
10 54
10 38
10 85
10 90
10 60
10 79
11 96
11 66
11 47
11 22
11 81
11 49
11 12
11 86
11 20
12 58
12 20
12 33
12 61
12 45
12 74
12 23
12 85
12 85
12 13
12 42
12 92
13 62
13 37
13 14
13 50
13 63
13 26
13 93
13 97
13 59
13 93
13 42
13 87
13 33
14 49
14 86
14 42
14 43
14 30
14 56
14 90
14 67
14 69
14 82
15 21
15 25
15 99
15 69
15 84
15 70
15 74
16 36
16 27
16 17
16 28
16 57
16 18
16 83
17 53
17 65
17 58
17 32
17 39
18 46
18 42
18 75
18 90
18 63
18 94
18 68
18 81
18 31
19 44
19 40
19 47
19 27
19 30
19 91
19 93
19 41
19 88
19 67
20 32
20 56
20 46
20 85
20 73
20 29
20 70
20 73
21 68
21 77
21 98
21 65
21 57
21 73
21 72
21 28
21 86
22 51
22 37
22 28
22 62
22 52
22 50
22 99
22 36
22 70
23 29
23 88
23 97
23 57
23 44
24 97
24 45
24 91
24 63
24 30
24 93
24 35
24 52
24 74
25 87
25 36
25 58
25 34
25 30
25 65
25 32
25 92
26 79
26 42
26 38
26 31
26 29
26 62
27 66
27 83
27 88
27 60
27 59
27 42
28 75
28 65
28 62
28 55
28 91
28 68
28 91
28 30
28 41
29 63
29 47
29 89
29 74
29 65
29 50
29 31
29 44
29 77
29 82
29 70
30 76
30 93
30 36
30 97
30 49
30 83
30 94
30 69
30 98
30 92
30 96
31 58
31 88
31 61
31 97
32 63
32 82
32 78
32 47
32 67
32 67
33 44
33 41
33 46
33 66
34 47
34 90
34 95
35 53
35 96
35 67
35 76
35 88
36 58
36 84
36 47
36 61
36 71
36 87
36 89
36 46
37 64
37 79
37 91
38 78
38 85
38 47
38 58
38 58
39 47
39 77
40 53
40 89
40 87
40 84
40 93
41 66
41 59
41 77
41 84
41 83
41 78
42 75
42 70
42 96
42 97
42 83
43 56
43 71
44 57
44 96
44 70
44 63
44 95
44 45
45 65
45 52
46 95
46 54
46 50
46 98
46 87
46 63
47 70
47 77
47 95
47 56
47 81
47 68
47 80
48 68
48 73
48 99
48 51
49 78
49 84
49 67
49 87
49 59
49 79
50 85
50 91
50 65
51 97
51 81
51 99
51 69
51 92
51 52
52 90
52 72
52 70
52 68
53 77
53 65
53 63
53 88
53 66
54 99
54 82
55 97
55 88
55 90
55 87
55 84
55 60
56 78
56 95
56 74
56 92
56 96
56 58
57 77
57 63
57 99
57 81
57 71
57 84
57 73
57 69
58 87
58 69
58 87
58 83
59 97
59 84
59 88
60 90
60 75
60 93
60 91
60 74
60 73
60 89
60 75
61 82
61 77
61 92
61 72
62 80
62 74
62 92
62 83
62 94
63 86
64 77
64 65
65 98
65 81
66 85
66 85
66 93
67 89
67 73
68 91
68 84
68 88
69 77
69 94
70 72
70 93
70 95
70 95
70 99
71 97
71 83
72 86
72 83
72 96
73 97
73 81
73 89
73 78
73 98
73 84
73 83
74 90
74 79
75 97
75 99
75 80
75 80
75 88
76 97
76 97
76 83
76 92
77 82
77 98
78 85
79 97
79 94
79 80
80 84
80 86
81 96
81 97
81 88
85 94
85 96
85 89
87 90
87 92
88 94
88 95
89 91
90 97
92 99
93 99
