0 46
0 19
0 90
0 61
0 35
0 42
0 51
0 85
1 6
1 35
1 62
1 54
1 77
1 67
1 17
2 55
2 7
2 97
2 45
2 21
2 27
2 80
2 81
2 67
3 43
3 84
3 8
3 21
3 54
3 83
3 91
3 52
3 53
3 40
3 80
4 9
4 31
4 9
4 99
4 48
4 61
4 5
4 79
4 23
4 50
4 73
4 17
4 90
5 46
5 33
5 47
5 75
5 43
5 80
5 75
5 42
5 31
5 57
5 62
6 60
6 76
6 32
6 10
6 68
7 70
7 19
7 78
7 76
7 29
7 64
7 55
7 29
7 32
8 40
8 65
8 27
8 94
9 22
9 28
9 83
9 29
9 94
9 26
9 76
10 13
10 82
10 49
10 93
10 57
10 74
10 29
10 11
11 39
11 42
11 64
11 54
11 90
11 98
11 38
11 34
12 15
12 81
12 77
12 74
12 94
12 17
12 30
12 99
12 16
12 44
12 30
12 49
12 60
13 56
13 63
13 97
13 49
13 24
13 70
14 58
14 46
14 22
14 62
14 80
14 27
14 98
15 25
15 53
15 47
15 90
15 51
15 85
15 79
15 31
15 96
15 46
16 17
16 54
16 78
16 49
16 91
16 65
16 81
16 30
16 34
17 41
17 52
17 76
17 45
17 75
17 47
18 57
18 92
18 26
18 50
18 23
19 57
19 74
19 46
20 43
20 95
20 86
20 72
20 34
20 85
20 64
20 64
20 40
20 96
21 66
21 99
21 28
21 61
21 80
21 27
21 42
21 46
21 45
21 23
21 97
22 68
22 47
22 33
22 57
23 27
23 33
23 25
23 24
24 66
24 47
24 80
24 35
24 36
24 86
24 98
24 47
24 92
25 93
25 50
25 32
25 84
25 46
25 62
25 80
26 66
26 79
26 29
26 41
26 82
26 36
26 80
26 79
26 35
27 66
27 64
27 94
27 55
27 67
27 75
27 49
28 49
28 85
28 61
28 68
28 77
28 99
28 65
28 81
28 56
28 36
28 72
29 63
29 37
29 84
29 92
29 80
29 68
29 93
29 49
30 44
30 48
30 45
30 70
30 90
30 75
30 67
30 77
30 83
31 53
31 41
31 32
31 92
31 78
31 50
31 64
31 82
32 93
32 49
32 61
32 63
32 52
32 35
32 42
32 91
32 49
32 74
32 97
33 48
33 58
33 71
33 38
33 38
33 87
33 47
33 83
33 76
34 39
34 96
34 40
34 38
35 67
35 57
35 84
35 74
35 85
36 83
36 50
36 65
36 93
36 76
36 63
36 82
36 69
37 69
37 73
37 50
37 52
37 54
37 88
37 76
37 69
37 72
38 66
38 54
38 86
38 98
38 88
38 44
39 68
39 53
39 62
39 89
39 54
39 66
39 59
40 94
40 86
40 75
40 74
40 45
40 54
41 70
41 97
41 94
41 51
41 49
41 50
41 95
41 70
41 86
41 76
42 68
42 69
42 94
42 58
42 79
42 90
43 95
43 82
43 76
43 55
43 66
43 47
43 45
43 98
43 80
44 50
44 59
44 73
44 99
45 97
45 93
45 93
46 88
46 52
46 89
46 64
46 53
46 72
46 98
46 69
46 81
46 90
47 86
47 56
47 66
47 74
48 55
48 91
48 73
48 52
48 74
48 84
48 66
49 50
49 72
49 93
50 93
50 65
50 84
50 96
50 82
50 57
51 63
51 87
51 53
51 80
51 80
51 74
51 72
52 60
52 56
52 68
52 75
52 98
53 55
53 71
53 70
54 58
54 84
54 62
55 69
55 97
56 76
56 61
56 88
56 66
57 90
57 67
57 95
58 94
58 81
58 89
58 59
58 79
58 61
58 85
58 66
58 74
58 71
58 97
59 75
59 83
60 90
60 88
60 78
60 80
60 98
61 64
61 64
61 68
62 80
62 98
62 87
62 64
63 82
63 98
64 94
65 91
65 75
65 91
66 92
66 80
66 89
67 94
67 69
67 89
69 78
69 96
69 89
69 87
69 87
69 73
69 90
69 72
70 88
71 74
71 73
71 72
72 95
72 84
72 77
72 95
72 79
72 94
72 79
72 93
72 83
73 91
73 86
73 77
74 86
74 88
74 77
76 83
77 92
78 91
78 94
78 79
79 95
79 84
79 80
79 82
80 85
81 90
82 92
82 95
82 84
82 85
83 88
83 92
83 89
84 87
84 87
85 88
86 97
86 95
88 96
91 99
95 99
