0 38
0 15
0 68
0 32
0 29
0 50
0 69
0 72
1 10
1 72
1 43
1 72
1 67
1 32
1 82
1 99
2 93
2 16
2 55
2 21
2 68
3 4
3 73
3 26
3 22
3 38
3 58
3 61
3 21
3 75
3 39
3 50
3 48
3 9
3 17
4 71
4 26
4 16
4 38
4 75
4 26
4 11
4 30
5 87
5 82
5 26
5 48
5 12
5 10
6 37
6 87
6 53
6 97
6 72
6 60
6 47
6 11
6 65
7 38
7 97
7 59
7 75
7 8
7 11
7 13
7 57
7 86
8 29
8 79
8 82
8 85
8 35
8 17
9 88
9 25
9 13
9 91
9 21
9 57
9 11
9 70
9 30
9 53
9 30
9 15
9 14
9 54
10 12
10 50
10 85
10 53
10 58
10 97
10 50
10 46
10 29
11 45
11 14
11 24
11 86
11 85
11 92
11 40
11 18
12 48
12 37
12 82
12 54
12 41
12 97
12 32
12 55
13 30
13 52
13 91
13 64
13 82
13 39
14 54
14 75
14 40
14 68
14 36
14 69
14 41
14 31
14 54
14 36
14 99
14 42
15 49
15 52
15 73
15 17
15 61
15 52
15 98
16 23
16 19
16 87
16 92
16 77
16 63
16 77
17 88
17 22
17 36
17 50
17 92
17 94
17 22
17 80
17 51
17 45
17 84
18 53
18 99
18 62
18 77
18 93
18 87
18 25
18 45
18 51
19 54
19 88
19 21
19 89
19 99
19 38
19 98
19 85
19 64
20 29
20 27
20 31
20 78
20 73
20 40
20 91
20 28
21 32
21 27
21 34
21 54
21 84
21 76
21 77
21 83
21 81
21 41
22 25
22 81
22 23
22 61
22 65
22 60
22 98
23 90
23 85
23 55
23 95
23 63
23 56
23 87
23 85
23 33
23 92
24 79
24 67
24 41
24 63
25 36
25 42
25 99
25 41
25 99
25 30
26 49
26 40
26 30
26 45
26 85
26 58
26 59
26 76
27 76
27 31
27 72
27 57
27 37
27 37
27 51
28 98
28 59
28 56
28 87
28 36
28 57
28 67
28 67
28 88
29 78
29 58
29 54
29 56
29 56
29 66
29 88
29 36
30 86
30 99
30 43
30 98
30 54
30 54
30 58
30 49
30 96
31 79
31 55
31 84
31 33
31 38
32 36
32 95
32 52
32 77
32 91
32 50
32 65
32 60
33 69
33 38
33 72
33 96
33 34
33 51
33 86
34 41
34 36
34 79
34 61
34 98
34 94
34 79
34 69
35 65
35 42
35 41
35 85
35 92
36 38
36 63
36 58
36 69
36 73
36 64
37 38
37 60
37 78
37 84
37 90
37 44
38 63
38 94
38 74
38 39
38 83
38 84
38 40
39 45
39 93
39 81
39 40
39 67
39 40
39 71
39 80
39 80
39 84
39 76
40 42
40 63
40 64
40 61
40 84
40 58
40 75
40 71
41 46
41 43
41 92
41 91
41 42
41 72
41 88
41 57
42 49
42 98
42 92
42 88
42 71
43 47
43 79
43 50
43 79
43 45
43 44
43 96
43 74
44 49
44 57
44 83
44 91
44 92
45 58
45 77
45 69
46 91
46 69
46 80
46 94
46 55
47 92
47 73
48 89
48 57
48 53
48 89
48 53
49 70
49 77
49 80
49 50
49 74
49 87
49 87
49 51
50 85
50 67
50 82
50 63
51 72
51 95
51 63
53 90
53 93
54 59
54 77
54 87
54 64
54 65
54 56
55 76
55 93
55 64
55 93
56 96
56 99
56 73
56 98
56 90
56 63
57 86
57 78
57 83
57 74
58 89
58 87
58 62
58 68
58 65
59 69
59 64
59 66
59 70
59 89
59 85
59 83
59 73
60 61
60 93
60 63
61 98
61 79
62 98
62 76
62 90
62 73
63 91
63 67
63 76
63 71
63 77
64 70
64 77
64 75
64 81
64 68
65 87
65 69
65 88
65 94
66 88
66 78
66 95
67 77
67 77
68 92
68 73
68 89
68 71
68 79
69 79
69 92
69 97
69 91
69 90
69 75
70 96
70 89
70 88
70 78
71 95
71 84
72 76
73 99
73 74
73 90
73 99
74 77
74 92
76 77
77 90
77 91
77 99
78 81
79 89
80 85
81 86
83 87
83 97
83 88
83 95
83 84
85 98
85 93
86 97
86 94
87 94
87 98
87 89
87 96
88 98
88 95
90 97
90 92
91 97
92 97
