0 13
0 91
0 46
0 45
0 20
0 45
0 8
0 50
0 88
0 89
1 91
1 52
1 99
1 20
1 49
1 61
1 62
1 77
1 13
1 28
1 89
1 73
1 7
2 24
2 47
2 52
2 19
2 40
2 83
3 80
3 58
3 79
3 44
3 20
3 40
4 5
4 30
4 73
4 90
4 16
4 41
4 5
4 57
4 52
4 31
4 72
5 19
5 88
5 83
5 55
5 13
5 27
5 47
5 43
5 14
5 26
5 72
5 12
5 65
5 38
5 75
6 94
6 17
6 82
6 36
7 81
7 33
7 54
7 40
7 57
7 15
7 43
7 69
7 67
7 68
7 70
7 65
8 33
8 43
8 42
8 26
8 85
8 97
9 80
9 38
9 23
9 40
9 56
9 89
9 26
10 27
10 27
10 30
10 29
10 58
10 84
10 80
11 32
11 38
11 94
11 54
11 85
11 56
11 81
12 51
12 66
12 57
12 29
12 91
12 79
12 21
12 47
12 52
12 19
12 89
13 93
13 63
13 98
13 52
13 98
13 38
13 63
13 36
13 76
13 22
13 17
13 86
13 23
13 38
13 84
14 17
14 20
14 32
14 61
14 38
14 29
15 27
15 20
15 16
15 71
15 86
15 69
15 70
15 28
15 89
15 35
15 52
15 40
16 72
16 87
16 81
16 67
16 80
16 33
16 49
16 85
16 53
16 33
16 30
17 70
17 46
17 21
17 49
17 23
17 54
17 57
17 81
17 45
18 48
18 64
18 74
18 50
18 44
18 79
18 22
18 51
18 89
19 41
19 69
19 97
19 20
19 25
19 69
19 27
19 98
19 37
19 51
19 47
19 81
19 68
20 46
20 68
20 34
20 52
20 32
20 52
20 49
20 87
20 77
20 59
21 76
21 49
21 92
21 64
21 39
21 38
21 68
21 35
21 57
21 80
22 39
22 89
22 89
22 87
23 60
23 30
23 36
23 29
23 43
23 72
24 40
24 77
24 49
24 99
24 67
24 57
25 61
25 36
25 26
25 29
25 86
25 47
25 49
26 83
27 36
27 68
27 53
27 74
27 30
27 54
27 52
27 56
27 61
27 53
27 98
28 84
28 59
28 43
28 85
28 77
28 37
29 38
29 74
29 70
29 33
29 59
29 33
29 70
29 83
30 57
30 80
30 66
30 55
30 59
30 86
30 83
31 53
31 49
31 59
31 72
31 87
31 38
31 88
31 58
31 54
32 87
32 87
32 54
32 79
32 96
32 64
32 54
32 66
32 67
33 34
33 55
33 68
33 93
33 85
33 39
34 65
34 50
34 72
34 46
34 68
34 74
34 50
35 95
35 47
35 96
35 67
35 92
35 44
35 89
35 93
35 62
35 59
36 93
36 71
36 89
36 85
36 49
36 60
36 72
36 75
37 55
37 90
37 76
37 71
38 77
38 65
38 69
38 48
38 45
38 95
38 82
38 47
39 54
39 72
39 44
39 63
39 64
39 70
40 56
40 86
40 69
40 79
41 86
41 75
41 93
41 61
41 95
41 62
42 49
42 47
43 48
43 49
43 86
43 92
43 50
44 92
44 88
44 90
45 97
45 70
45 51
46 93
46 90
47 65
47 58
47 58
47 86
47 82
47 77
47 70
47 64
47 58
48 80
48 54
48 52
48 93
48 49
48 91
49 91
49 96
49 76
49 53
49 74
49 54
49 51
50 80
50 56
50 80
50 81
50 64
50 53
50 95
50 79
50 71
51 60
51 70
51 81
51 73
52 64
52 66
53 87
53 56
53 60
53 90
53 93
53 97
53 73
53 60
53 81
54 73
54 79
54 66
55 91
55 57
55 71
56 68
56 82
56 80
56 95
56 62
56 74
57 63
57 63
57 74
58 93
58 68
58 62
59 69
59 60
59 81
59 88
60 93
60 99
60 89
60 69
61 91
61 73
61 99
61 68
62 64
62 91
62 94
63 71
63 65
63 87
63 68
63 80
63 95
63 88
64 87
65 83
65 77
65 75
65 80
66 67
66 70
67 82
67 91
67 97
68 76
68 70
68 99
68 95
68 81
68 99
70 98
70 86
70 99
70 72
71 87
71 85
71 97
71 72
71 94
72 94
73 87
73 92
74 86
74 94
75 88
75 82
75 91
75 79
76 93
76 85
76 79
78 97
79 95
79 93
79 92
79 95
80 91
81 84
82 84
83 98
83 86
84 97
85 99
86 93
87 98
88 90
89 94
90 97
91 98
93 96
