0 11
0 35
0 66
0 68
0 95
0 89
0 75
0 42
0 29
1 64
1 6
1 23
1 48
1 11
1 46
1 2
1 10
1 18
2 50
2 69
2 35
2 42
2 52
2 78
2 16
2 45
2 33
2 79
2 33
3 82
3 29
3 15
3 81
3 5
3 87
3 13
3 54
3 92
3 38
3 53
3 81
4 19
4 36
4 34
4 42
4 46
4 73
4 42
4 51
4 99
5 78
5 93
5 53
5 59
5 39
5 27
5 6
6 26
6 68
6 60
6 56
6 87
7 37
7 26
7 47
7 34
7 51
8 66
8 39
8 72
8 71
8 29
8 43
8 91
8 51
8 43
8 34
8 23
8 38
8 41
9 26
9 82
9 17
9 10
9 94
9 95
9 12
9 32
9 56
9 77
9 57
9 41
10 51
10 40
10 92
10 17
10 88
10 58
10 38
10 77
11 80
11 92
11 68
11 96
11 56
11 41
11 90
11 96
11 98
11 37
11 75
11 52
12 53
12 79
12 49
12 18
12 66
12 38
12 25
12 25
12 42
12 79
13 14
13 75
13 60
13 46
13 74
13 19
14 83
14 69
14 47
14 24
14 37
14 41
14 18
14 92
14 26
14 37
15 80
15 34
15 72
15 83
15 94
16 49
16 38
16 47
16 29
16 51
16 86
16 98
16 65
16 86
16 43
16 32
17 50
17 98
17 75
17 40
17 38
17 50
17 54
17 60
18 26
18 86
18 98
18 50
18 92
18 80
18 71
18 70
19 53
19 57
19 25
19 59
19 92
19 67
19 48
19 85
19 47
19 22
19 40
19 42
20 39
20 82
20 84
20 49
21 99
21 63
21 74
21 60
22 55
22 93
22 85
22 68
22 47
22 65
22 56
23 65
23 92
23 96
23 57
23 40
23 42
23 82
23 81
23 99
24 69
24 43
24 51
24 28
24 34
25 63
25 28
25 70
25 59
25 65
25 92
25 94
25 73
25 95
25 92
25 52
26 28
26 68
27 46
27 29
27 73
27 39
27 97
27 76
27 28
27 68
27 78
27 55
27 49
27 68
28 40
28 38
28 96
28 78
28 79
28 46
28 82
28 67
29 75
29 80
29 96
29 97
29 40
30 56
30 82
30 63
30 63
30 97
30 76
30 76
31 81
31 91
31 90
31 33
31 85
31 47
31 69
31 92
31 91
31 56
31 48
32 43
32 60
32 50
32 97
32 67
33 83
33 94
33 51
33 76
33 52
33 82
34 56
34 79
34 55
34 56
34 59
34 49
35 67
35 40
35 61
35 80
35 79
35 73
35 91
35 88
36 75
36 47
36 60
36 85
36 72
36 66
36 93
37 40
37 64
37 95
37 95
37 92
38 43
38 54
38 93
38 85
38 96
38 68
38 93
39 67
39 91
39 44
39 65
39 49
40 75
40 84
40 57
40 92
40 45
40 93
40 71
41 62
41 76
41 71
41 66
41 94
41 94
41 72
42 53
42 99
42 97
42 84
42 52
42 72
42 63
43 89
43 75
43 65
43 94
43 59
43 57
44 81
44 46
44 99
44 62
44 71
44 58
44 75
45 69
45 91
46 48
46 72
46 68
46 52
46 77
46 99
47 86
47 49
47 87
47 98
47 65
47 51
47 76
47 66
48 57
48 74
48 54
48 70
48 65
48 73
48 53
49 86
49 56
49 88
49 80
49 53
49 78
49 87
50 74
50 54
50 67
50 64
50 92
50 92
50 87
51 79
51 89
51 89
51 71
51 68
52 66
52 71
52 68
53 68
53 78
53 63
53 66
53 79
53 76
53 76
53 54
53 64
54 63
54 58
54 76
54 61
54 62
54 75
54 69
55 60
55 60
55 93
56 79
56 58
56 97
57 59
57 93
58 64
58 85
58 73
59 91
59 98
59 69
59 89
59 88
59 76
60 66
61 63
61 80
61 89
61 75
62 84
63 84
63 89
63 79
63 95
63 80
63 72
63 85
64 78
64 98
64 94
64 96
64 73
65 87
65 87
65 91
66 77
66 75
66 77
66 96
67 96
67 78
68 83
69 98
69 76
69 85
70 91
70 97
70 73
71 95
71 78
71 80
71 77
72 82
72 97
72 88
72 93
73 98
74 89
75 79
75 77
76 82
76 96
76 92
77 84
77 85
77 86
78 86
78 86
79 94
79 93
81 84
82 87
83 92
83 89
84 96
86 89
87 88
88 94
89 92
89 91
91 96
92 97
92 94
95 99
96 99
97 98
