0 89
0 20
0 35
0 58
0 39
0 4
0 58
0 44
0 16
0 88
0 96
0 24
1 77
1 4
1 83
1 78
1 83
1 87
1 57
1 6
1 97
1 16
1 88
1 51
2 11
2 88
2 87
2 43
2 49
2 68
2 20
2 47
2 51
2 23
3 19
3 87
3 29
3 30
3 30
3 4
3 38
3 78
3 26
3 92
3 51
3 73
4 28
4 10
4 96
4 61
4 89
4 10
5 56
5 47
5 66
5 83
5 23
5 17
5 79
5 40
5 15
5 96
5 47
5 51
6 45
6 7
6 51
6 50
6 52
6 92
6 93
6 17
6 31
6 28
6 20
7 25
7 57
7 21
7 16
7 16
7 39
7 85
7 42
8 16
8 79
8 87
8 65
8 30
8 57
8 24
8 81
8 85
8 31
8 97
8 96
8 28
8 33
8 46
9 91
9 78
9 59
9 40
9 73
9 42
9 52
10 73
10 41
10 77
10 61
10 12
10 13
10 75
10 78
10 54
10 29
10 66
11 66
11 13
11 64
11 13
11 39
11 35
12 16
12 40
12 63
12 49
12 55
12 68
12 25
12 89
13 52
13 53
13 32
13 17
13 47
14 99
14 50
14 35
14 57
14 48
14 80
14 15
15 77
15 21
15 80
15 59
15 53
15 70
15 17
15 31
15 48
16 68
16 90
16 51
16 70
16 17
17 90
17 94
17 84
17 50
17 53
17 39
17 62
17 90
17 64
18 47
18 30
18 94
18 55
18 33
18 52
18 85
18 72
18 52
18 65
18 78
18 81
19 33
19 63
19 73
19 34
19 77
19 64
19 95
19 86
19 42
19 63
19 22
19 43
19 79
20 58
20 57
20 68
20 54
20 34
20 82
20 21
20 28
20 72
20 67
20 79
20 27
21 45
21 75
21 68
21 56
21 97
21 23
21 68
21 55
21 35
21 33
21 98
22 78
22 51
22 35
22 47
22 86
22 45
22 25
23 36
23 35
23 39
23 39
23 37
23 85
23 99
23 94
24 25
24 45
24 52
24 58
24 79
25 51
25 56
25 72
25 87
25 34
26 95
26 36
26 55
26 51
26 94
26 70
26 29
26 98
26 80
27 62
27 84
27 53
27 88
27 35
27 54
27 85
27 72
28 68
28 85
28 86
28 84
28 31
28 68
28 63
28 37
28 36
28 46
28 82
29 37
29 52
29 86
29 50
29 58
29 57
30 78
30 80
30 82
30 87
30 44
30 80
30 49
30 46
31 80
31 63
31 57
32 89
32 36
32 79
32 60
32 39
32 73
32 39
33 36
33 57
33 79
33 94
33 50
33 67
33 36
33 80
33 84
33 56
34 96
34 41
34 84
34 54
34 98
34 44
34 62
35 41
35 37
35 47
35 45
35 59
35 36
36 81
36 42
36 50
36 91
36 42
36 41
36 94
37 73
37 69
37 77
37 61
37 41
37 92
37 95
37 94
38 88
38 87
38 73
38 78
38 55
38 65
38 93
39 77
39 53
39 64
39 67
39 67
39 57
40 65
40 61
40 96
40 51
40 77
41 91
41 43
41 45
41 82
41 61
41 95
42 45
42 85
42 94
42 48
42 74
43 82
43 50
43 92
44 71
44 95
44 99
44 60
44 59
44 75
45 89
45 99
46 58
46 54
46 61
46 92
46 89
46 65
46 58
46 78
46 51
47 59
47 52
47 88
47 70
48 97
48 51
48 75
49 55
49 88
49 70
49 91
49 90
50 82
50 82
50 94
50 63
50 97
51 90
51 71
51 98
51 96
51 76
51 64
52 83
52 96
52 75
52 92
52 61
52 97
52 53
53 77
53 90
53 71
54 78
54 78
54 96
54 89
55 73
55 95
56 85
57 91
57 83
58 94
58 92
58 94
58 80
58 84
58 92
59 77
59 66
60 73
60 76
61 68
61 99
61 68
61 81
61 82
61 66
61 65
62 84
62 72
62 74
62 79
63 86
63 69
63 88
63 94
64 70
64 96
64 87
65 85
65 96
65 96
65 79
66 97
66 76
67 70
67 72
68 98
68 79
68 84
69 77
69 85
69 70
70 98
70 88
71 95
71 74
72 90
72 97
72 93
73 78
73 76
73 81
74 91
74 81
74 90
74 77
75 99
75 93
75 88
76 78
77 93
78 86
79 80
81 95
81 90
82 83
82 85
83 84
83 89
84 92
84 86
85 96
86 95
87 95
87 95
87 95
87 91
92 97
93 95
94 95
95 99
