0 11
0 58
0 38
0 62
0 48
0 4
0 98
0 35
0 90
0 36
0 29
0 13
0 50
0 6
0 73
0 14
1 80
1 47
1 92
1 82
1 94
1 43
1 43
1 48
1 41
1 53
1 96
1 13
1 77
1 78
1 28
1 42
1 99
2 33
2 99
2 57
2 58
2 27
2 74
2 69
2 72
2 11
2 92
3 33
3 88
3 36
3 37
3 52
3 83
3 82
3 43
3 75
3 32
4 15
4 81
4 49
4 56
4 26
4 83
4 48
4 70
4 57
5 59
5 12
5 84
5 85
5 18
5 44
5 73
5 98
6 19
6 9
6 10
6 20
6 78
6 96
6 95
6 63
6 34
6 22
7 78
7 78
7 28
7 16
7 68
7 61
7 96
7 68
7 25
7 95
7 93
7 46
8 24
8 61
8 97
8 80
8 92
8 35
8 13
8 75
9 85
9 75
9 88
9 43
9 74
9 52
10 98
10 50
10 92
10 86
10 67
10 96
10 18
10 34
10 92
11 57
11 15
11 62
11 13
12 73
12 47
12 33
12 59
12 83
12 96
12 74
12 52
13 43
13 98
13 52
13 22
13 97
13 21
13 48
14 24
14 31
14 53
14 91
14 53
14 56
14 38
14 38
14 59
14 57
14 57
15 86
15 44
15 27
15 58
15 55
16 44
16 18
16 24
16 72
16 38
16 64
16 25
16 30
16 59
16 63
17 37
17 96
17 70
17 84
17 61
17 26
17 96
18 29
18 30
18 89
18 76
18 71
18 23
18 71
18 34
18 40
19 22
19 33
19 93
19 78
19 84
19 89
19 26
20 58
20 62
20 82
21 85
21 45
21 30
21 24
21 51
21 44
21 48
21 23
21 85
21 94
21 83
21 27
21 60
22 27
22 61
22 91
22 86
22 26
23 24
23 90
23 31
23 86
23 39
23 89
23 36
24 58
24 42
24 48
24 77
24 95
24 42
24 36
24 61
25 46
25 35
25 69
25 53
25 62
25 41
25 47
25 48
26 51
26 43
26 37
26 54
26 60
26 54
26 67
26 28
26 77
26 77
27 85
27 32
27 73
27 83
27 98
27 43
27 73
27 85
27 71
27 95
27 66
27 64
27 81
27 69
28 93
28 31
28 45
28 71
28 84
28 83
29 84
29 48
29 74
29 52
29 74
29 66
29 79
29 65
29 57
29 30
30 67
30 90
30 92
30 69
30 67
30 82
31 74
31 74
31 41
31 37
31 56
31 51
31 73
31 34
31 41
32 46
32 93
32 58
32 58
32 66
32 49
32 51
33 98
33 96
33 60
33 75
33 82
34 99
34 94
34 77
34 45
34 38
34 86
34 51
34 72
34 58
34 82
34 98
34 86
34 54
34 38
35 97
35 48
35 72
35 60
35 50
35 52
35 68
36 75
36 77
36 44
36 76
36 89
36 90
37 85
37 45
37 64
38 94
38 77
38 62
38 54
39 52
39 57
39 57
39 75
40 90
40 92
40 98
40 63
40 96
41 83
41 46
41 69
41 74
42 76
42 71
42 93
42 47
42 96
42 77
42 52
42 95
42 60
43 47
43 88
43 76
43 88
43 66
43 58
43 94
43 67
44 65
44 71
45 76
45 61
45 62
46 60
46 82
47 74
47 49
47 67
47 56
47 98
47 85
47 65
47 74
48 97
48 65
48 57
48 78
48 91
48 88
48 55
49 69
49 92
49 99
49 92
49 86
49 81
50 78
50 79
51 77
52 59
52 60
53 95
53 79
53 66
53 85
53 60
53 57
54 87
54 71
55 96
55 84
56 60
56 78
56 63
56 68
56 61
57 89
57 95
57 98
58 92
58 67
58 59
58 61
58 91
58 73
59 67
59 89
60 64
60 83
60 91
61 98
61 72
61 90
62 74
62 84
63 77
63 74
64 68
64 76
64 71
65 69
65 80
65 84
65 66
66 76
66 80
66 73
66 92
67 93
67 82
68 71
68 83
68 98
68 98
68 71
68 91
68 77
68 96
69 99
69 88
69 80
69 89
70 99
70 96
71 96
71 91
72 95
72 77
72 87
73 96
73 86
74 99
74 78
74 75
74 87
75 99
75 83
76 88
76 85
76 95
76 82
77 89
77 94
78 92
78 81
78 97
78 98
78 85
78 84
79 98
80 95
80 99
80 90
80 92
82 89
83 84
84 99
86 99
86 87
87 95
87 90
87 97
88 93
89 91
90 94
90 98
92 99
93 98
93 99
95 99
