0 61
0 3
0 16
0 94
0 55
0 49
0 17
0 89
0 72
1 89
1 18
1 12
1 37
1 82
1 6
1 60
1 94
2 12
2 60
2 78
2 50
2 39
2 66
2 32
2 49
2 69
2 63
2 86
2 65
2 97
2 53
2 16
3 77
3 53
3 83
3 24
3 13
3 76
3 20
3 10
3 31
4 85
4 50
4 9
4 40
4 43
4 69
4 31
4 47
4 99
4 15
5 97
5 72
5 56
5 37
5 84
5 55
5 84
5 12
5 16
6 66
6 19
6 54
6 71
6 62
6 51
6 36
6 26
7 25
7 36
7 12
7 56
7 72
8 39
8 34
8 99
8 67
8 82
8 56
8 75
8 25
8 15
8 18
8 11
8 62
8 50
9 48
9 53
9 53
9 78
9 22
10 50
10 64
10 25
10 17
10 73
10 91
10 60
10 99
11 29
11 52
11 68
11 89
11 32
11 75
11 36
11 93
12 17
12 98
12 68
12 43
12 63
12 84
12 41
12 26
12 31
12 54
13 68
13 43
13 62
13 47
13 22
13 40
13 74
13 88
14 96
14 59
14 82
14 51
14 64
14 71
14 53
14 98
14 19
14 24
14 73
14 29
14 20
14 43
15 29
15 65
15 70
15 64
15 28
15 86
15 19
16 29
16 98
16 82
16 81
17 38
17 96
17 90
17 53
17 23
17 20
17 58
18 90
18 62
18 60
18 86
18 80
18 53
18 76
18 71
18 40
19 68
19 23
19 34
19 48
20 60
20 22
20 83
20 55
20 59
21 36
21 99
21 97
21 30
21 35
21 76
21 82
21 82
21 28
21 91
21 36
21 29
22 70
22 26
22 49
22 48
22 58
22 88
22 53
22 42
22 26
22 87
23 47
23 88
23 89
23 24
23 47
23 56
23 66
24 30
24 55
24 33
24 63
24 58
24 40
24 50
25 80
25 65
25 57
25 39
25 58
25 77
25 74
25 87
25 82
26 68
26 85
26 82
26 51
26 33
27 73
27 72
28 37
28 50
28 92
28 67
28 97
28 53
28 41
28 45
28 98
28 37
28 59
28 92
29 40
29 81
29 94
29 82
29 56
30 97
30 40
30 80
30 83
30 81
30 87
30 52
30 43
30 69
30 44
30 46
31 78
31 78
31 37
31 54
31 54
31 75
31 79
32 78
32 91
32 70
32 39
32 40
32 33
32 58
32 49
32 66
32 64
33 74
33 64
33 65
33 37
34 52
34 79
34 46
34 92
34 81
34 87
34 58
34 88
35 51
35 93
35 39
35 55
35 89
35 43
35 45
35 84
36 45
36 82
36 84
36 62
36 38
37 50
37 98
37 57
37 65
37 64
37 65
37 46
37 72
37 88
37 83
37 57
38 86
38 54
38 80
38 72
38 97
38 39
38 78
39 71
39 43
39 63
39 57
39 72
39 62
40 72
40 61
40 98
40 69
40 54
40 95
40 60
41 99
41 83
41 67
42 77
42 45
42 68
42 90
43 65
43 69
43 50
43 86
44 82
44 67
44 49
44 61
44 59
44 85
44 78
45 57
45 77
46 67
46 48
46 96
46 77
46 52
46 97
46 92
46 76
47 62
47 80
47 65
47 50
47 56
47 58
48 88
48 95
48 59
48 89
48 60
48 74
49 73
49 97
49 65
49 98
49 54
49 97
50 67
50 52
50 87
50 89
50 53
50 79
51 65
51 84
51 52
52 82
52 96
52 83
52 91
52 93
52 68
52 85
53 68
53 84
53 72
53 66
53 73
54 92
54 85
54 81
55 66
55 91
55 74
55 81
55 71
56 61
56 65
56 69
56 70
56 88
56 82
57 89
57 96
57 58
58 68
58 78
58 70
58 72
59 94
59 96
59 97
60 65
60 75
60 98
60 89
60 82
60 69
61 68
61 95
61 79
61 69
61 97
61 74
61 79
61 86
61 97
61 75
62 83
62 75
62 92
62 84
62 92
62 76
62 96
63 66
63 78
64 96
64 73
64 71
64 76
65 90
66 90
66 78
66 96
67 92
67 99
67 84
67 72
67 85
67 94
67 71
68 88
68 81
69 74
70 71
70 95
70 73
71 72
71 84
72 87
72 86
72 79
73 83
73 98
74 79
74 77
76 82
76 97
77 85
77 91
77 91
78 87
78 99
78 97
79 98
79 85
79 90
80 98
81 85
81 96
81 94
83 91
84 90
85 86
85 95
85 95
85 94
86 93
90 95
92 96
93 94
95 98
