0 34
0 79
0 85
0 87
0 68
0 21
0 13
0 78
1 20
1 35
1 36
1 20
1 8
1 71
1 47
1 80
1 46
1 81
1 84
1 3
1 26
1 48
2 37
2 60
2 73
2 85
2 56
2 92
2 27
2 71
2 31
2 34
2 22
2 61
2 4
2 27
3 63
3 50
3 10
3 35
3 26
3 12
3 53
3 49
3 63
4 12
4 9
4 72
4 86
5 58
5 80
5 43
5 55
5 76
5 95
5 74
6 91
6 28
6 54
6 22
6 15
6 36
6 18
6 70
6 88
6 92
6 52
6 21
6 83
6 84
7 12
7 54
7 96
7 81
7 49
7 85
7 46
7 68
7 87
7 93
8 12
8 36
8 39
8 94
8 62
8 25
8 91
9 55
9 52
9 42
9 76
9 30
9 31
9 97
9 79
9 49
9 46
9 35
10 32
10 14
10 87
10 26
10 59
10 73
11 16
11 72
11 86
11 36
11 34
11 41
11 31
11 62
11 48
12 19
12 82
12 50
12 87
12 56
12 24
12 28
12 40
12 94
12 81
12 68
13 80
13 71
13 71
13 98
13 85
13 20
14 69
14 40
14 31
14 35
14 34
14 84
15 59
15 33
15 89
15 34
15 75
15 61
15 36
15 92
15 94
15 78
15 92
16 88
16 67
16 49
16 87
16 29
16 72
16 65
16 22
16 41
17 90
17 41
17 66
17 68
17 63
17 94
17 19
17 34
17 96
17 89
17 51
17 91
18 79
18 61
18 97
18 86
18 78
18 86
18 23
18 85
18 76
18 19
19 73
19 39
19 25
19 23
19 47
19 21
20 46
20 94
20 83
20 83
20 85
20 87
20 28
20 69
20 22
20 76
20 70
20 46
21 88
21 67
21 44
21 75
21 92
22 29
22 41
22 96
22 68
22 95
22 96
22 94
22 61
22 51
23 64
23 78
23 69
23 34
23 91
23 44
23 81
24 72
24 97
24 78
24 61
25 35
25 44
25 49
25 84
25 57
25 60
25 44
25 66
26 39
26 48
26 62
26 27
26 28
26 39
26 60
27 44
27 72
27 36
27 29
27 78
27 92
27 98
27 54
28 38
28 41
29 91
29 87
29 76
29 61
29 92
29 55
29 82
29 62
30 92
30 49
30 62
30 57
30 48
30 67
30 52
30 92
30 63
31 65
31 35
31 47
31 51
31 67
31 94
32 69
32 83
32 89
32 76
32 61
32 74
32 87
32 61
32 70
33 79
33 38
33 57
33 70
33 48
33 49
34 35
34 48
34 94
34 55
34 38
35 78
35 69
35 99
36 74
36 75
36 46
36 67
36 51
37 95
37 64
37 96
38 87
38 68
38 40
38 40
38 80
39 80
39 63
39 95
40 79
40 73
40 83
41 56
41 90
41 89
41 70
41 47
41 71
41 64
41 47
42 91
42 73
42 75
42 61
42 68
42 83
42 93
43 45
43 50
43 79
43 79
43 67
43 85
43 88
43 55
43 50
43 57
44 63
44 77
44 74
44 94
44 86
44 74
44 52
44 72
45 49
45 77
45 52
45 58
45 61
45 82
46 59
46 49
46 99
47 54
47 90
47 62
47 48
47 98
47 56
48 55
48 73
48 59
49 99
49 86
49 63
49 63
50 99
50 55
50 55
50 77
50 86
50 89
51 94
51 71
52 56
52 76
52 89
53 99
53 82
53 95
53 54
53 98
54 59
54 90
54 70
54 62
54 82
54 78
54 65
55 73
55 83
55 96
55 64
55 81
55 97
56 66
56 79
56 73
56 72
56 68
56 73
57 64
57 74
57 94
57 72
57 58
58 92
58 79
58 84
58 62
58 61
58 90
59 92
59 68
59 86
60 65
60 92
60 81
60 84
60 71
61 83
61 80
61 91
61 85
61 77
61 97
61 86
61 87
61 64
62 84
62 91
63 92
63 65
64 96
65 92
65 74
65 77
66 79
66 76
66 82
66 83
67 83
67 84
68 99
68 88
68 73
69 81
69 83
69 95
69 88
69 71
70 85
70 82
70 91
70 91
71 74
71 96
71 86
72 77
72 77
72 79
73 81
73 76
73 78
74 77
74 90
76 87
76 94
76 82
76 97
76 99
77 94
77 97
77 92
78 86
79 91
79 83
80 93
80 84
80 82
81 98
81 87
81 95
82 89
83 92
83 89
83 86
84 89
84 97
85 95
85 89
86 96
86 92
86 94
87 91
87 95
89 98
93 95
93 99
95 97
