0 34
0 92
0 78
0 48
0 38
0 77
0 34
0 24
0 70
0 88
1 2
1 5
1 65
1 87
1 63
1 61
1 77
1 90
2 39
2 64
2 4
2 59
2 66
2 31
2 86
2 46
2 64
2 57
2 93
2 36
2 60
2 65
2 97
2 58
2 18
2 11
3 7
3 85
3 17
3 35
3 39
3 68
3 16
3 92
3 62
3 69
3 45
3 95
4 24
4 43
4 25
4 43
4 89
4 99
4 83
4 95
5 38
5 26
5 80
5 19
5 85
5 91
5 79
5 38
5 7
5 71
5 36
5 25
6 65
6 26
6 15
6 33
6 52
6 32
6 57
6 88
7 27
7 49
7 79
7 98
7 29
7 46
7 34
7 24
7 22
7 39
7 18
7 46
7 98
8 21
8 91
8 29
8 26
8 41
8 54
8 45
8 78
8 53
8 49
8 46
9 80
9 36
9 85
9 63
9 95
9 78
9 51
9 15
9 83
9 13
9 18
10 32
10 52
10 59
10 74
10 60
10 95
10 19
10 81
10 87
11 79
11 44
11 41
11 83
11 84
11 84
11 29
11 54
12 70
12 24
12 58
12 54
12 29
12 52
12 63
12 19
12 20
12 57
12 27
12 62
12 40
12 68
12 92
12 62
12 87
13 61
13 17
13 75
13 87
13 30
13 67
13 49
13 43
13 89
13 48
14 29
14 16
14 16
14 23
14 55
14 35
14 84
14 67
14 97
14 54
14 33
15 53
15 55
15 36
15 84
15 67
15 45
16 67
16 64
16 46
16 17
16 72
16 38
17 49
17 43
17 84
17 88
17 54
17 96
17 85
17 33
17 50
17 98
17 69
17 96
18 52
18 75
18 45
18 23
18 60
18 68
18 43
19 67
19 98
19 65
19 24
19 43
19 77
19 25
20 45
20 47
20 75
20 51
20 42
20 25
20 80
20 78
20 89
20 42
20 29
20 84
21 46
21 88
21 62
21 83
21 80
21 74
21 88
22 92
22 43
22 54
22 93
22 68
22 54
22 73
23 82
23 98
23 84
23 81
23 74
23 26
24 60
24 65
24 31
24 88
24 69
25 93
25 48
25 71
25 97
25 83
25 90
25 43
25 45
25 79
26 56
26 50
26 50
26 76
26 49
26 37
26 74
26 57
27 53
27 73
27 54
27 63
27 92
27 55
28 34
28 78
28 45
28 35
28 67
29 73
29 88
30 32
30 32
30 57
30 71
31 50
31 53
31 89
31 35
31 42
31 67
31 61
32 78
32 96
32 37
32 82
32 40
32 91
32 80
32 96
33 59
33 73
33 44
33 94
33 45
33 93
34 91
34 66
34 38
34 63
34 43
34 68
34 43
35 98
35 66
35 77
35 68
35 40
36 78
36 81
36 62
36 67
36 98
36 82
36 96
37 44
37 85
37 48
37 99
37 44
37 74
37 57
37 87
37 61
37 65
38 79
38 59
38 71
38 47
38 44
38 47
39 52
39 80
39 51
39 42
39 97
40 90
40 84
40 93
40 68
40 65
40 88
41 47
41 82
41 47
41 52
42 48
42 76
43 86
43 90
43 50
43 73
43 76
43 80
43 48
43 99
44 70
45 81
45 94
45 87
45 79
45 68
45 94
45 50
46 82
46 94
46 68
46 90
47 64
47 74
47 77
47 50
48 98
48 71
48 93
48 63
48 62
48 67
48 66
48 86
48 56
49 68
49 62
49 51
49 95
49 73
49 99
49 58
50 77
50 92
50 89
50 52
50 76
50 75
51 65
51 88
51 84
51 97
51 60
51 82
51 99
51 62
51 80
51 91
52 63
52 81
52 53
53 82
53 59
53 95
54 91
54 90
54 76
54 85
54 94
54 97
54 78
54 55
54 57
55 59
55 94
55 56
55 97
56 69
56 68
57 91
57 77
57 63
57 81
58 89
58 89
58 86
59 63
59 75
59 78
59 65
59 99
59 60
59 66
59 65
59 75
60 93
60 87
61 84
61 97
61 71
61 93
61 80
61 81
61 89
62 86
62 89
63 90
63 82
63 93
63 75
64 75
64 66
65 96
65 71
65 73
65 99
66 86
67 73
67 70
68 75
68 99
68 95
68 96
69 96
69 93
70 85
70 76
71 89
73 90
73 80
73 85
73 77
74 87
74 77
75 99
75 77
76 95
76 87
77 84
77 89
79 82
79 91
79 85
81 87
81 88
82 94
83 92
85 89
86 93
87 93
89 98
89 93
90 98
94 97
