0 64
0 53
0 65
0 40
0 27
0 65
0 30
0 41
0 89
0 89
0 9
0 52
0 61
0 15
0 89
0 85
0 31
0 70
0 61
0 83
1 69
1 61
1 23
1 64
1 78
1 17
1 83
1 62
1 36
1 71
1 54
1 6
1 93
1 31
1 87
1 68
1 52
2 84
2 29
2 25
2 89
2 79
2 84
2 67
2 38
3 56
3 40
3 56
3 84
3 94
3 85
4 75
4 23
4 31
4 82
4 32
4 94
4 5
4 85
4 11
5 71
5 75
5 77
5 90
5 19
5 91
5 47
5 10
5 33
5 79
6 70
6 44
6 63
6 91
6 66
6 62
6 68
6 97
6 75
6 26
6 13
7 61
7 20
7 97
7 74
7 62
7 99
7 87
7 31
7 47
8 59
8 58
8 75
8 54
8 33
8 94
8 73
8 64
8 14
8 70
8 56
8 85
9 72
9 85
9 76
9 68
9 94
9 88
9 22
9 69
9 77
10 69
10 73
10 74
10 69
10 33
10 21
10 32
11 38
11 60
11 79
11 80
11 13
11 32
11 60
11 47
11 62
12 32
12 88
12 92
12 74
12 93
12 28
12 33
12 67
13 51
13 26
13 79
13 73
13 79
14 65
14 34
14 92
15 79
15 98
15 50
15 77
15 61
15 40
15 55
15 77
16 39
16 97
16 69
16 37
16 52
16 58
16 87
16 94
17 49
17 86
17 59
17 68
17 29
17 62
18 86
18 63
18 57
19 46
19 52
19 38
19 98
19 25
19 56
19 40
19 35
19 74
19 59
20 83
20 37
20 27
20 88
20 58
20 51
20 87
20 43
20 45
20 67
21 89
21 96
21 30
21 85
21 97
21 52
22 92
22 61
22 94
22 82
22 42
22 95
22 55
22 27
22 59
23 75
23 57
23 55
23 65
23 90
23 43
23 54
23 79
23 29
23 82
23 93
23 77
23 78
24 80
24 79
24 69
24 33
25 64
25 82
25 46
25 82
26 36
26 94
26 28
26 62
26 68
26 92
26 37
26 85
26 51
26 70
27 97
27 30
27 55
27 97
27 65
27 54
27 92
28 70
28 74
28 35
28 67
28 94
28 47
28 95
28 90
29 53
29 31
29 84
29 50
29 44
29 72
29 44
29 32
29 54
29 52
30 61
30 77
30 79
30 92
30 73
30 77
30 73
31 92
31 48
31 99
31 75
31 92
31 68
31 38
32 49
32 73
32 72
32 98
33 60
33 34
33 91
33 68
33 39
33 90
33 67
33 80
33 63
33 56
34 84
34 71
34 80
34 50
34 40
34 37
35 70
35 55
35 96
35 83
35 89
35 80
35 42
35 57
35 72
36 79
36 89
36 79
36 43
36 79
37 43
37 52
37 87
37 50
37 86
38 54
38 80
38 55
38 55
38 86
39 46
39 67
39 91
40 77
40 91
40 62
40 69
40 65
40 68
40 93
40 92
40 72
40 67
41 93
41 73
41 66
41 70
41 60
41 77
41 75
41 45
41 68
42 65
42 52
42 54
42 50
43 72
43 82
43 63
43 76
43 95
43 45
44 50
44 83
44 68
44 55
44 80
44 69
45 55
45 82
45 75
46 62
46 64
46 94
46 72
46 92
47 92
47 61
47 56
47 56
47 93
47 80
47 75
48 69
48 70
48 89
49 70
49 66
49 57
49 81
50 52
50 68
50 57
50 57
51 85
51 72
51 82
51 78
52 74
52 60
52 58
52 85
52 64
52 99
53 56
53 59
53 57
53 72
53 76
53 62
53 99
53 92
54 66
55 77
55 81
55 67
55 96
55 89
55 78
56 93
56 89
56 58
57 85
57 59
57 85
57 94
57 77
57 79
57 94
57 92
58 61
58 91
58 59
58 92
59 99
59 90
59 76
59 75
59 74
59 80
60 86
60 90
61 81
63 90
63 80
64 87
64 92
64 71
64 96
64 69
65 96
65 73
65 94
65 87
65 70
66 88
66 81
66 94
66 86
67 83
67 94
67 76
67 74
68 84
68 96
68 78
68 81
68 72
68 96
69 89
70 75
71 97
71 90
71 89
72 88
72 74
72 73
72 88
72 88
73 85
73 87
73 81
74 96
74 75
75 83
75 96
75 82
76 86
76 88
76 99
77 79
77 83
78 83
79 94
80 90
80 91
80 88
81 94
81 99
82 96
82 91
83 84
84 90
85 91
86 90
86 93
86 94
90 91
91 95
91 96
92 93
95 96
98 99
