0 24
0 70
0 21
0 37
0 49
0 57
0 49
0 88
0 71
0 23
0 54
0 3
1 4
1 13
1 37
1 50
1 56
1 86
1 24
1 33
1 94
1 75
1 60
2 98
2 8
2 52
2 37
2 41
2 14
2 56
3 4
3 22
3 34
3 66
3 62
3 34
3 39
3 40
3 63
3 50
4 25
4 24
4 95
4 79
4 71
4 95
4 42
4 51
4 84
4 85
4 21
4 30
4 55
4 19
5 78
5 90
5 34
5 79
5 9
5 36
5 6
5 66
6 18
6 8
6 32
6 28
6 15
6 29
6 54
6 31
7 75
7 32
7 73
7 86
7 37
7 28
7 24
8 24
8 38
8 91
8 43
8 63
8 57
9 67
9 24
9 21
9 93
9 51
9 13
9 10
10 71
10 65
10 69
10 90
10 76
10 67
11 30
11 45
11 69
11 39
11 51
11 55
11 35
11 89
11 17
11 51
11 17
11 74
11 14
11 26
12 27
12 73
12 99
12 39
12 71
12 54
12 79
12 80
12 21
12 76
12 32
12 36
13 90
13 33
13 71
13 97
13 16
13 84
13 16
13 34
13 50
13 96
13 23
13 79
14 72
14 68
14 48
14 87
14 32
14 37
15 93
15 73
15 35
15 77
15 80
15 65
15 25
15 63
15 80
15 93
15 20
16 22
16 56
16 53
16 20
16 23
16 37
16 98
16 48
17 50
17 69
17 66
17 29
17 33
17 60
17 67
18 90
18 55
18 38
18 75
18 59
18 61
18 22
18 61
18 56
18 37
18 73
18 59
19 34
19 64
19 82
19 64
19 63
19 81
19 67
20 67
20 48
20 62
20 70
20 81
20 82
20 61
20 56
20 77
20 79
20 42
20 89
20 66
21 27
21 24
21 26
21 26
21 77
21 22
21 65
21 76
22 69
22 93
22 52
22 39
22 55
22 89
22 42
22 81
22 47
23 95
23 53
23 68
23 99
23 84
23 79
24 51
24 63
24 67
24 67
24 49
24 95
24 77
25 63
25 78
25 91
25 62
25 75
25 34
25 36
25 67
26 52
26 79
26 79
26 42
26 95
26 56
26 83
26 93
26 33
26 28
27 57
27 79
27 86
27 69
28 63
28 56
28 85
28 82
28 40
28 55
28 64
28 68
28 74
29 52
29 47
29 72
29 60
29 68
29 34
29 79
30 51
30 94
30 60
30 96
30 52
30 67
31 93
31 45
31 93
31 50
31 92
31 65
32 77
32 84
32 55
32 37
32 66
32 63
32 41
33 63
33 84
33 81
33 87
33 65
33 92
33 69
33 90
33 78
33 34
34 88
34 87
34 91
34 80
34 98
35 72
35 94
35 86
35 98
35 66
35 36
36 46
36 99
36 66
37 57
37 67
37 57
37 94
37 59
37 70
37 99
37 42
37 38
38 61
38 48
38 66
38 93
38 44
38 93
38 66
38 71
38 76
38 50
39 78
39 63
39 52
39 99
40 42
40 53
40 59
40 60
40 67
40 82
41 97
41 43
41 88
41 96
41 52
41 75
42 43
42 82
42 78
42 82
42 70
42 45
43 88
43 94
43 83
43 53
44 87
44 65
44 47
44 93
44 98
45 91
45 75
45 65
45 48
45 80
45 58
46 56
46 53
46 61
46 64
47 53
47 66
47 64
47 97
47 98
47 78
48 55
48 60
49 96
49 72
49 73
49 74
49 70
49 73
49 90
50 85
50 86
50 56
50 93
51 54
51 54
51 54
51 71
51 57
51 86
52 79
52 93
53 61
53 54
53 67
53 96
53 79
54 80
54 59
54 80
54 66
54 59
54 86
55 58
55 75
55 81
55 97
55 77
56 94
56 63
56 74
57 73
57 62
57 82
57 96
57 72
58 72
58 98
58 63
58 96
58 76
59 81
59 77
59 66
59 86
60 90
60 85
60 81
60 89
60 83
60 84
60 72
61 62
61 65
62 93
62 72
62 76
62 76
62 87
62 67
62 78
64 68
64 95
64 81
64 92
64 69
65 98
66 81
66 87
66 76
66 86
67 97
67 76
68 71
68 73
69 76
69 91
69 72
70 83
70 99
71 84
71 73
71 96
71 82
72 92
73 77
74 83
74 89
74 91
74 81
75 97
76 95
76 85
77 81
78 92
78 86
78 98
79 90
79 99
79 90
80 89
80 93
82 88
83 87
84 96
84 87
85 95
86 92
86 97
86 90
88 94
88 96
89 95
90 95
90 91
92 95
