0 87
0 12
0 26
0 19
0 52
0 5
0 96
0 32
0 30
1 27
1 35
1 20
1 84
1 89
1 24
1 49
1 62
1 93
1 4
1 31
1 80
2 33
2 18
2 24
2 25
2 30
2 4
2 76
2 90
2 14
2 3
2 41
2 50
2 76
3 65
3 33
3 48
3 37
3 77
3 57
3 17
3 89
3 15
3 37
4 20
4 46
4 92
4 49
4 66
4 15
4 61
4 14
4 11
4 21
4 97
5 98
5 95
5 77
5 30
5 46
5 95
5 59
5 57
5 97
5 32
5 88
5 36
5 13
5 55
5 76
6 54
6 76
6 80
6 47
6 97
6 70
6 10
6 80
6 55
6 64
6 65
7 48
7 11
7 16
7 48
7 9
7 99
7 74
7 21
8 16
8 63
8 60
9 69
9 50
9 89
9 60
10 73
10 85
10 17
10 62
10 16
10 67
10 89
10 76
11 50
11 94
11 86
11 13
11 67
11 35
11 47
12 70
12 90
12 58
12 92
12 29
12 71
12 48
12 23
13 63
13 52
13 61
13 33
13 44
14 15
14 45
14 86
14 41
15 73
15 56
15 83
15 85
15 22
15 19
15 33
15 98
15 27
15 24
16 22
16 89
16 78
16 79
16 48
16 28
16 63
16 55
16 53
16 60
16 32
16 67
16 97
17 70
17 69
17 75
17 27
17 34
17 41
17 70
17 85
18 28
18 81
18 82
18 22
19 48
19 23
19 84
20 28
20 36
20 68
20 58
20 65
20 53
20 73
20 97
20 46
20 98
20 49
20 62
21 53
21 42
21 87
21 90
21 62
21 86
22 61
22 71
22 58
23 77
23 34
23 64
23 76
23 81
23 57
23 72
24 37
24 73
24 68
24 61
24 67
25 93
25 29
25 81
25 70
25 56
25 54
25 79
25 63
25 87
26 54
26 82
26 94
26 60
26 41
26 85
26 90
26 75
26 99
26 70
26 65
27 34
27 78
27 41
27 80
27 75
28 83
28 55
28 84
28 61
28 68
28 31
28 97
28 78
28 96
29 63
29 31
29 74
29 90
30 54
30 58
30 54
30 66
30 45
30 97
30 39
30 94
31 66
31 69
31 47
31 86
31 76
31 45
32 77
32 77
32 70
32 95
32 42
32 67
32 77
33 50
33 74
33 52
33 67
33 42
33 88
34 97
34 70
34 70
34 82
34 79
34 64
35 52
35 44
35 80
35 49
35 97
35 58
36 51
36 53
36 62
36 94
36 46
36 45
36 87
36 59
36 56
37 69
37 78
37 53
37 60
37 57
37 40
37 90
37 90
37 81
37 61
37 70
38 76
38 96
38 52
38 98
38 98
38 60
39 80
39 42
39 83
39 79
39 79
40 62
40 44
40 82
41 83
41 66
41 81
41 85
41 87
42 68
42 44
42 55
42 97
42 71
42 55
43 85
43 91
43 80
43 89
43 49
43 81
43 49
44 45
44 96
44 53
45 70
45 98
45 84
45 46
46 71
46 94
46 89
46 56
46 99
46 50
46 64
46 93
47 74
47 48
48 78
48 83
48 85
48 60
48 89
48 82
48 65
48 61
48 89
48 99
48 67
49 72
49 59
49 84
49 51
49 97
49 88
49 58
49 88
50 93
50 81
50 51
50 51
51 55
51 56
51 72
51 91
52 84
52 95
52 86
53 58
53 54
53 73
53 88
53 75
54 85
54 57
54 90
55 64
55 65
56 98
56 59
56 58
56 83
56 72
56 97
57 84
57 86
58 82
58 65
58 89
58 94
58 65
58 81
59 94
59 86
59 60
59 74
60 88
60 84
60 65
61 80
61 92
61 71
62 90
62 93
62 65
62 87
62 71
62 71
63 88
63 96
63 77
63 89
63 79
63 65
63 88
64 72
64 98
64 90
64 89
64 91
64 66
64 76
65 83
65 70
65 90
65 76
66 68
66 77
66 89
66 89
66 90
67 90
67 90
67 85
67 74
67 77
67 84
67 88
67 80
68 79
68 92
68 88
68 79
68 82
68 74
69 70
69 73
69 78
69 77
70 80
70 80
70 99
72 80
72 87
73 76
74 93
74 89
74 86
75 98
75 94
75 97
75 78
76 96
76 82
77 82
77 94
77 81
77 89
77 99
78 90
78 95
79 89
79 82
79 80
79 89
81 83
81 83
82 87
83 97
83 86
83 88
84 98
84 89
85 87
85 90
85 94
85 90
87 96
87 98
89 91
89 90
92 94
93 97
