0 13
0 85
0 49
0 89
0 1
0 81
0 15
0 57
0 72
0 14
1 77
1 53
1 85
1 53
1 18
1 98
1 72
1 71
1 25
1 80
2 53
2 72
2 7
2 24
2 4
2 82
2 97
2 40
2 93
2 80
2 23
3 45
3 4
3 84
3 39
3 81
3 64
3 75
3 62
3 96
4 63
4 47
4 76
4 81
4 17
4 19
4 55
4 23
5 58
5 30
5 88
5 21
5 19
6 40
6 49
6 64
6 70
6 78
6 47
6 89
7 49
7 48
7 56
7 30
7 71
7 24
7 55
7 24
7 77
7 70
8 37
8 62
8 44
8 62
8 51
8 70
8 65
9 76
9 63
9 17
9 40
9 49
9 13
9 93
9 67
9 53
10 72
10 95
10 79
10 17
10 92
10 68
10 66
10 23
10 69
11 91
11 60
11 26
11 76
11 46
11 52
11 72
11 80
11 63
11 66
11 89
12 56
12 58
12 69
12 76
12 48
12 52
12 57
13 91
13 81
13 57
13 66
13 69
13 29
13 64
13 90
14 59
14 81
14 78
14 31
14 79
14 20
14 92
14 63
15 73
15 44
15 61
15 81
15 16
15 34
15 89
16 72
16 73
16 83
16 71
16 54
16 41
16 20
16 79
16 95
17 37
17 45
17 93
17 66
17 35
17 70
17 56
17 87
17 69
18 35
18 45
18 71
18 46
18 63
18 47
18 98
18 88
19 55
19 81
19 38
19 84
19 66
19 38
19 29
19 81
20 66
20 94
20 46
20 58
20 62
21 63
21 88
21 28
21 98
21 96
21 49
21 82
21 59
21 87
22 70
22 38
22 43
22 90
22 70
22 32
23 52
23 68
23 78
23 48
24 87
24 80
24 58
24 70
24 70
24 71
24 83
25 72
25 71
25 34
25 82
25 86
25 76
25 26
25 36
25 38
25 49
26 87
26 33
26 89
26 80
26 33
27 76
27 71
27 31
27 46
27 36
28 87
28 44
28 32
28 58
28 54
29 76
29 38
29 95
29 71
29 91
29 59
29 40
29 96
30 92
30 44
30 77
31 45
31 87
31 68
31 97
31 59
31 51
31 73
31 98
31 57
31 70
32 88
32 51
32 97
32 87
32 56
32 35
32 80
32 80
32 35
32 35
32 42
32 69
32 43
33 69
33 86
33 91
33 50
33 70
34 36
34 36
34 36
34 99
34 93
34 89
34 91
34 66
35 36
35 98
35 69
35 89
35 83
35 84
35 81
36 64
36 66
36 45
36 65
36 44
36 68
36 64
37 48
37 69
37 97
37 60
37 83
37 52
37 75
38 77
38 97
38 97
38 95
38 72
39 85
39 90
39 51
39 75
39 83
39 73
39 59
40 91
40 89
40 84
40 49
40 44
41 46
41 42
41 75
41 45
41 48
41 67
41 47
41 52
41 90
42 75
42 70
42 77
42 71
42 70
42 61
42 61
43 84
43 83
43 71
43 82
43 88
43 48
43 52
43 62
44 60
44 89
44 84
44 65
45 64
45 77
45 93
46 60
46 76
46 99
46 67
46 93
46 64
46 74
46 94
46 97
46 49
46 59
46 47
47 59
47 66
47 73
47 91
47 65
47 50
48 61
48 96
48 68
48 90
49 53
49 51
49 65
50 81
50 61
50 67
50 84
50 77
50 80
51 69
51 93
51 73
51 77
51 68
51 80
51 84
51 92
52 78
52 65
52 88
53 63
53 77
53 59
53 86
53 91
53 85
54 56
54 74
54 80
54 88
54 67
54 78
55 64
55 91
55 59
55 90
55 86
56 66
57 89
57 75
58 77
58 99
58 81
58 66
58 78
59 70
59 95
60 87
60 97
60 85
60 92
61 96
61 96
61 76
61 70
61 95
61 97
61 71
62 89
62 84
62 70
63 82
63 85
64 96
64 96
65 91
65 78
65 82
65 90
66 85
66 92
66 81
66 84
67 71
67 69
67 78
67 77
67 82
68 97
69 73
69 94
69 90
69 84
69 74
69 85
70 95
70 98
70 94
71 87
72 73
72 86
72 82
72 94
73 80
73 86
74 95
74 90
74 81
74 77
75 94
75 80
75 84
75 92
76 88
76 90
76 99
77 80
77 93
78 80
78 94
78 82
78 79
78 91
78 85
79 98
79 88
80 97
81 93
82 91
82 91
82 83
84 88
84 85
84 90
85 86
86 89
87 98
87 97
88 94
90 97
91 96
92 99
93 98
95 96
96 97
96 97
