0 90
0 68
0 62
0 13
0 56
0 71
0 65
0 49
0 21
0 99
0 94
1 19
1 58
1 96
1 48
1 92
1 3
1 77
1 77
1 30
1 56
1 82
2 90
2 57
2 24
2 85
2 72
2 98
2 95
2 74
2 83
3 97
3 64
3 52
3 87
3 70
3 88
3 59
3 62
3 10
3 97
3 72
3 21
3 27
4 15
4 16
4 48
5 89
5 33
5 65
5 33
5 66
5 94
6 55
6 61
6 19
6 17
6 65
7 16
7 15
7 54
7 84
7 72
7 95
7 23
7 50
7 35
7 35
7 53
7 40
7 26
7 89
8 63
8 21
8 27
8 14
8 11
8 38
8 73
8 19
9 86
9 72
9 49
9 57
9 96
9 85
9 12
10 33
10 86
10 56
10 85
10 71
10 97
10 21
10 77
10 20
10 13
10 93
10 44
10 80
11 49
11 18
11 45
11 16
11 16
11 56
11 32
11 41
12 19
12 94
12 91
12 59
12 47
12 24
12 45
12 75
12 70
12 38
12 77
13 92
13 62
13 58
13 59
13 66
13 81
13 20
13 60
13 57
14 32
14 71
14 82
14 65
14 99
14 95
14 50
14 62
14 54
14 56
15 88
15 62
15 27
15 55
15 77
15 41
15 24
15 82
15 55
15 41
15 60
16 84
16 83
16 88
16 31
16 65
17 54
17 33
17 53
17 75
17 48
17 53
17 86
17 34
17 69
17 79
17 77
17 22
18 25
18 47
18 35
18 93
18 42
18 71
18 40
18 65
18 92
18 31
18 69
19 52
19 95
19 98
19 45
19 41
19 59
19 85
19 59
19 75
19 52
20 40
20 33
20 90
20 23
20 47
20 24
20 86
20 83
21 47
21 45
21 92
21 56
22 81
22 62
22 97
22 95
23 75
23 79
23 53
23 46
23 49
23 37
23 72
23 99
23 47
24 52
24 72
24 25
24 73
24 79
25 67
25 88
25 83
25 45
25 77
25 48
26 88
26 38
26 97
26 36
27 90
27 71
27 94
27 73
27 94
27 53
27 72
27 57
27 65
27 80
27 28
27 29
28 90
28 50
28 44
28 38
28 99
28 81
28 64
28 36
29 60
29 39
29 54
30 95
30 35
30 66
30 87
31 94
31 38
31 65
31 32
31 52
31 79
31 48
31 65
31 56
32 54
32 90
32 84
32 62
32 34
32 49
32 68
33 43
33 40
33 74
34 56
34 56
34 71
34 97
34 96
34 74
34 40
35 72
35 74
35 86
35 75
35 97
35 48
36 59
36 57
36 39
36 59
36 46
37 88
37 66
37 59
37 98
37 88
37 50
37 79
37 75
37 71
38 66
38 63
38 68
38 56
39 47
39 41
39 58
39 51
39 71
39 76
40 97
40 95
40 71
40 48
41 91
41 69
41 76
42 68
42 87
42 94
42 63
42 88
43 64
43 48
43 47
43 50
43 69
43 85
43 65
43 90
43 99
43 86
44 83
44 52
44 79
44 93
44 82
44 70
44 76
44 71
45 61
45 54
45 76
45 48
45 62
45 86
45 50
45 46
45 84
45 65
45 48
45 69
46 91
46 94
46 94
46 65
47 58
47 61
47 90
47 78
48 57
48 73
48 93
48 96
48 60
49 72
49 59
50 61
50 81
50 66
50 73
50 73
50 86
50 84
51 62
51 90
51 89
51 72
51 84
52 74
52 53
52 53
52 93
53 81
53 68
53 75
53 91
53 57
54 93
54 86
54 80
55 79
55 90
55 61
55 70
55 70
56 95
56 83
56 94
56 78
56 70
56 99
56 65
56 81
57 70
57 75
57 97
57 88
57 76
58 84
58 78
58 79
58 65
58 88
59 84
59 72
59 60
60 81
60 75
60 77
60 82
60 88
61 92
61 80
61 79
62 84
62 65
63 75
64 80
65 80
65 71
65 84
65 66
65 87
66 93
66 88
66 94
66 71
67 74
67 83
68 90
68 93
69 75
69 74
69 87
69 75
69 91
70 91
70 92
71 73
71 77
71 81
71 88
71 96
71 92
72 77
72 88
72 94
73 99
73 76
73 79
73 87
73 86
73 92
74 83
74 82
75 84
75 86
76 81
76 95
76 96
77 84
78 91
78 90
78 94
79 90
79 91
79 88
80 90
82 99
83 87
83 88
83 87
84 90
85 87
86 90
86 88
87 90
88 92
89 95
90 95
90 99
90 98
91 99
92 94
93 97
93 95
93 94
94 95
94 95
