0 14
0 85
0 62
0 50
0 65
0 36
0 31
0 22
0 88
0 10
0 92
0 25
0 62
1 59
1 86
1 32
1 57
1 9
1 44
1 91
1 75
1 29
2 68
2 9
2 18
2 76
2 74
2 84
2 89
2 32
2 36
2 30
2 89
2 49
2 28
2 9
2 9
2 56
3 64
3 98
3 35
3 26
3 35
3 38
3 21
3 25
3 39
3 51
4 16
4 57
4 77
4 74
4 42
4 26
4 21
4 94
4 45
5 74
5 50
5 98
5 76
5 15
5 46
5 34
5 7
5 7
5 96
5 16
6 14
6 82
6 34
6 68
6 52
6 41
6 78
6 13
6 16
6 23
6 41
6 38
6 35
6 69
6 50
6 25
7 43
7 29
7 61
7 85
7 27
7 81
7 25
7 28
7 84
7 34
7 55
7 89
7 87
7 41
7 49
8 23
8 31
8 73
8 43
8 36
9 22
9 68
9 63
9 62
9 72
9 21
9 78
9 42
10 68
10 22
10 58
10 17
10 12
10 77
10 15
10 12
11 58
11 89
11 15
11 85
11 77
11 53
11 91
11 32
11 27
11 89
11 85
12 35
12 73
12 63
12 43
12 96
12 31
13 98
13 76
13 79
13 79
13 89
13 58
13 66
13 84
13 65
13 74
13 41
13 51
13 81
13 80
13 94
14 17
14 92
14 63
14 46
14 84
14 19
14 36
15 52
15 42
15 84
15 86
15 68
15 38
15 88
15 22
15 87
15 54
15 40
15 27
16 94
16 23
16 69
16 98
16 20
16 41
16 43
16 29
17 78
17 91
17 62
17 59
17 54
17 86
17 33
17 32
17 73
17 59
17 87
17 19
18 97
18 22
18 73
18 69
18 38
18 23
18 87
18 41
19 97
19 64
19 83
19 30
19 94
19 32
19 52
20 68
20 93
20 87
20 42
20 39
20 40
20 24
21 45
21 50
21 44
21 26
21 56
21 32
21 87
22 59
22 91
22 26
22 26
22 33
22 93
22 45
22 74
22 87
23 46
23 60
23 85
23 29
23 61
23 86
24 89
24 66
24 80
24 80
24 78
24 25
24 40
24 73
24 63
25 53
25 86
25 87
25 79
25 83
25 68
25 77
25 87
25 70
25 76
25 79
25 71
25 94
25 87
26 91
26 71
26 99
26 45
27 96
27 71
27 65
28 32
28 53
29 57
29 69
29 38
29 52
29 45
29 43
29 56
29 70
29 36
29 68
30 84
30 46
30 80
30 79
30 79
30 31
30 38
30 70
30 90
31 73
31 56
31 42
31 51
32 72
32 51
32 52
32 41
32 82
32 35
32 36
32 55
33 84
33 41
33 81
33 48
33 97
34 82
34 63
34 72
34 41
34 38
34 37
34 84
35 74
35 73
35 98
35 40
35 91
36 59
36 67
36 37
36 43
36 79
37 81
37 45
37 44
37 58
37 52
38 49
38 47
38 88
38 61
38 82
39 83
39 51
40 86
40 95
40 59
40 78
40 71
40 77
40 57
40 93
41 73
41 97
41 72
41 58
41 55
41 93
42 43
42 90
42 97
42 58
42 63
43 93
43 63
43 71
43 46
43 73
44 66
44 64
44 64
44 87
45 49
45 99
45 70
45 69
45 61
46 90
46 47
46 63
46 60
46 54
46 71
47 55
47 96
47 87
47 81
48 74
48 70
48 76
48 70
48 65
48 92
49 63
49 71
49 51
49 69
49 51
50 93
50 82
50 89
51 72
51 59
51 65
52 90
52 71
52 92
52 94
52 65
52 82
52 86
52 60
52 53
53 70
53 93
53 66
53 95
54 80
54 78
54 87
54 80
55 62
55 80
55 90
55 66
55 93
56 99
57 59
57 65
57 94
58 89
58 89
58 85
59 86
59 66
59 72
60 81
60 81
61 89
61 85
61 87
61 82
62 71
62 67
62 91
62 76
62 76
62 88
62 86
63 65
63 72
63 84
63 77
64 99
64 78
64 74
64 92
64 65
65 87
65 68
65 97
65 82
66 91
66 71
66 92
66 71
66 87
67 98
67 96
67 75
68 82
69 73
69 85
69 99
70 83
70 81
70 98
70 90
71 95
71 92
71 84
71 84
72 84
72 73
73 89
73 85
75 96
75 80
76 89
76 84
76 89
77 96
78 87
78 97
79 80
79 82
80 96
81 90
82 89
82 98
82 88
84 91
85 94
86 91
87 95
87 88
87 95
88 95
89 98
90 94
93 95
96 99
