0 13
0 76
0 68
0 90
0 50
0 56
0 58
0 96
0 98
0 66
0 12
1 10
1 18
1 33
1 21
1 32
1 44
1 93
1 57
1 35
1 49
1 40
2 78
2 51
2 43
2 86
2 73
3 98
3 84
3 73
3 20
3 53
3 26
3 69
3 75
4 47
4 23
4 39
4 59
4 76
4 20
4 77
4 22
4 30
5 12
5 60
5 58
5 69
5 77
5 26
5 89
5 59
5 12
5 65
5 40
5 46
6 58
6 87
6 70
6 61
6 79
6 35
6 59
7 31
7 67
7 14
7 95
7 71
7 8
7 84
8 24
8 95
8 26
8 17
8 48
8 30
8 98
8 17
8 48
8 9
9 70
9 19
9 22
9 70
9 28
9 68
9 53
9 77
9 51
9 50
9 26
10 74
10 21
10 68
10 19
10 62
10 53
11 78
11 82
11 47
11 73
12 15
12 89
12 46
12 58
12 56
12 70
12 68
12 44
13 23
13 87
13 96
13 84
13 37
13 47
13 34
13 64
13 69
14 17
14 18
14 28
14 53
14 27
14 37
14 76
14 61
14 63
14 66
15 91
15 51
15 41
15 27
15 74
15 43
15 48
15 54
16 86
16 93
16 76
16 76
16 67
17 50
17 78
17 22
17 18
17 26
17 94
17 38
17 39
17 20
18 24
18 31
18 52
18 20
18 47
18 62
18 30
18 49
19 99
19 21
19 54
19 64
19 92
19 91
19 85
19 97
19 61
19 75
19 22
19 44
19 73
20 64
20 92
20 43
20 44
20 24
20 50
20 54
20 88
20 49
21 70
21 33
21 30
21 23
21 62
21 95
21 40
22 53
22 93
22 67
22 43
22 66
22 86
22 94
22 71
23 26
23 49
23 38
23 44
23 94
23 90
24 48
24 29
24 80
24 28
24 75
24 68
24 65
24 66
25 55
25 48
25 83
25 89
25 77
25 31
25 52
25 72
25 62
25 77
25 71
25 97
26 87
26 50
26 66
26 94
26 78
26 56
26 98
26 58
26 95
27 96
27 99
27 36
27 86
27 56
27 58
28 88
28 75
28 42
28 47
28 67
29 77
29 46
29 89
29 88
30 94
30 39
30 90
30 89
30 79
31 53
31 83
31 62
31 73
31 52
31 52
31 58
31 67
31 93
32 69
32 70
32 50
32 50
32 80
33 87
33 43
33 78
33 94
33 72
33 93
34 40
34 59
34 37
34 91
34 80
34 76
34 46
34 80
35 38
35 37
35 85
35 61
35 89
35 47
36 49
36 58
36 87
36 61
36 68
36 64
36 47
37 38
37 63
37 71
37 87
37 40
37 69
38 76
38 93
38 62
38 46
38 89
38 84
38 83
38 91
39 78
39 47
39 53
39 46
39 83
39 98
39 61
39 61
40 86
40 44
40 70
40 55
40 83
40 52
40 69
40 92
41 52
41 50
41 79
41 75
42 78
42 92
42 89
42 82
43 74
43 46
43 78
43 81
43 96
44 61
44 48
44 90
44 80
44 50
44 64
44 87
45 70
45 49
45 74
46 47
46 94
47 60
47 77
47 84
47 75
48 62
48 94
48 82
48 69
49 59
49 67
49 84
49 64
49 92
49 76
49 74
50 96
50 72
50 98
50 93
50 81
50 89
50 61
50 52
51 64
51 66
52 92
52 75
52 68
52 93
53 56
53 93
53 91
53 71
53 81
54 59
54 74
54 72
54 96
54 95
54 79
54 68
55 67
55 69
55 75
55 83
56 90
56 77
56 95
56 65
56 96
56 60
56 74
57 76
57 62
57 59
58 75
58 85
58 91
58 82
58 66
59 97
59 93
59 94
59 95
60 76
60 63
60 84
60 73
60 65
60 80
61 84
61 62
61 99
61 62
61 88
61 62
62 91
62 71
62 71
63 71
63 94
63 70
63 71
63 66
64 70
64 67
64 93
65 89
65 86
66 91
66 79
66 70
66 87
66 90
67 81
67 90
67 99
68 88
68 97
69 70
69 82
70 96
70 74
70 99
70 80
70 93
70 83
70 99
70 89
71 90
72 79
72 81
73 92
73 98
74 91
74 94
74 99
75 95
75 97
75 77
75 79
75 98
76 95
76 96
76 92
77 94
77 88
78 97
78 90
78 88
79 89
79 96
80 81
81 83
81 93
81 85
84 93
85 95
85 94
86 96
86 89
86 89
86 96
87 98
89 93
89 96
90 96
91 94
91 97
92 94
92 99
92 97
96 97
97 99
