0 35
0 3
0 91
0 94
0 46
0 93
0 64
0 40
0 8
0 65
0 33
1 40
1 60
1 89
1 30
1 85
1 78
1 22
2 46
2 77
2 38
2 59
2 9
2 68
2 48
2 27
2 83
2 7
2 73
2 58
2 4
2 26
2 20
2 57
3 30
3 28
3 87
3 63
3 87
3 81
3 74
3 17
4 75
4 31
4 37
4 6
4 36
4 37
4 90
5 55
5 81
5 8
5 30
5 96
5 78
5 36
6 52
6 56
6 62
6 59
6 85
6 54
6 21
6 77
6 55
7 91
7 96
7 39
7 96
7 87
7 26
7 18
7 35
7 18
7 47
7 40
8 91
8 90
8 49
8 82
9 23
9 35
9 64
9 31
9 25
9 59
9 50
9 85
9 53
10 32
10 54
10 97
10 46
10 70
10 88
10 29
10 77
10 96
11 39
11 49
11 70
11 93
11 70
11 20
11 17
12 79
12 51
12 44
12 18
12 29
12 61
13 18
13 91
13 18
13 59
13 83
13 43
13 28
13 38
14 34
14 74
14 65
14 86
14 58
14 91
14 17
14 24
14 85
14 80
14 60
14 46
14 61
14 23
15 22
15 52
15 95
15 53
15 55
15 65
15 85
15 46
15 67
15 94
15 99
15 70
15 48
16 75
16 30
16 33
16 26
17 30
17 32
17 52
17 22
17 70
17 28
17 45
17 67
17 54
18 47
18 50
18 36
18 52
19 34
19 22
19 85
19 57
19 78
19 44
20 77
20 40
20 24
20 58
20 88
20 96
20 91
20 35
20 32
20 23
20 97
21 67
21 89
21 75
21 84
21 53
21 38
21 25
21 84
21 94
21 80
21 81
21 98
22 73
22 34
22 66
22 37
22 81
22 80
22 82
22 62
22 73
23 99
23 59
23 83
23 60
23 83
23 61
23 58
23 70
23 95
23 69
24 30
24 85
24 83
24 29
24 46
24 57
24 72
25 49
25 73
25 49
25 86
25 57
26 82
26 36
26 41
26 28
26 81
26 69
26 37
26 65
26 77
26 66
26 62
27 85
27 81
27 36
27 94
27 30
27 96
27 29
27 82
28 61
28 82
28 36
28 89
28 96
29 51
29 57
29 65
29 86
29 94
29 85
29 81
30 39
30 42
30 35
30 76
30 67
30 80
30 36
30 98
30 35
30 95
31 33
31 75
31 98
31 40
31 62
31 66
32 42
32 66
32 35
32 56
33 63
33 61
33 39
34 95
34 53
34 62
34 39
34 79
34 57
34 42
35 81
35 49
35 37
35 69
35 51
35 88
36 78
36 53
36 67
36 80
36 68
36 39
36 72
36 91
36 64
37 92
37 51
37 54
37 72
37 89
38 91
38 90
38 53
38 43
38 49
38 67
38 69
38 60
38 49
39 68
39 99
39 46
39 53
39 74
39 46
39 70
39 64
39 84
40 92
40 62
40 86
40 89
40 69
40 53
40 90
41 87
41 97
41 81
41 99
41 42
42 51
42 85
42 80
42 57
42 58
42 90
42 46
43 90
43 86
43 98
44 90
44 89
44 70
44 70
44 67
44 67
44 93
44 61
45 47
45 87
45 74
45 83
46 51
46 54
46 83
47 72
47 70
47 77
47 53
47 92
48 56
48 82
48 85
48 98
49 91
49 85
49 69
49 55
49 55
49 63
50 77
50 80
50 62
51 64
51 79
51 96
52 63
52 69
52 97
52 84
52 87
52 80
53 70
53 61
53 62
53 97
53 95
53 74
53 84
53 77
54 90
54 59
55 85
55 76
55 57
55 89
55 59
56 85
56 61
57 79
57 66
58 95
58 97
58 82
58 87
58 92
59 95
59 61
59 84
59 92
60 81
60 93
60 83
60 78
61 87
61 97
61 76
61 78
61 71
61 96
61 90
62 67
62 87
62 95
62 78
63 74
63 67
63 98
63 64
63 64
63 89
64 90
65 91
65 85
65 79
66 72
66 72
66 71
67 84
67 91
67 81
68 69
68 97
68 99
68 84
68 78
68 92
69 81
70 97
70 95
70 80
70 98
71 77
71 88
71 97
72 94
72 73
72 97
73 86
73 74
74 95
74 95
74 98
74 90
75 89
75 90
75 84
76 96
76 85
76 80
77 88
77 85
78 99
78 95
79 87
79 82
80 92
80 93
80 97
81 90
82 84
82 90
83 94
83 96
84 87
84 97
84 85
88 89
89 97
90 94
92 98
92 95
92 98
93 99
93 94
97 99
