0 19
0 55
0 15
0 46
0 85
0 14
0 88
0 26
0 12
0 28
0 35
0 87
0 42
0 34
1 14
1 4
1 9
1 28
1 92
1 39
1 42
1 35
1 91
1 11
1 54
1 54
1 98
2 58
2 49
2 97
2 45
2 65
3 55
3 76
3 16
3 22
3 87
3 61
3 21
3 69
3 90
3 54
4 96
4 37
4 74
4 62
4 44
4 97
4 28
4 37
4 38
5 82
5 95
5 44
5 73
5 31
6 51
6 71
6 70
6 43
6 79
6 38
6 66
6 98
6 34
7 22
7 86
7 58
7 92
7 19
7 45
7 16
7 49
7 69
7 31
8 35
8 80
8 92
8 41
8 57
8 40
8 80
8 53
8 34
8 86
8 57
9 57
9 31
9 67
9 11
9 59
9 38
9 53
9 89
9 34
10 79
10 70
10 98
10 34
10 45
10 96
10 76
10 15
11 84
11 14
11 30
11 26
11 77
11 44
11 98
11 56
11 22
11 90
11 19
12 47
12 50
12 68
12 26
12 49
13 43
13 75
13 85
13 47
13 60
13 49
13 48
13 59
13 15
13 88
14 66
14 25
14 88
14 57
14 56
14 73
15 39
15 33
15 17
15 31
15 82
15 73
15 86
15 39
15 68
15 83
15 77
15 49
15 24
15 99
15 74
16 53
16 22
16 48
16 72
16 20
16 26
17 39
17 66
17 57
17 52
17 36
17 93
17 42
17 50
17 92
17 91
17 85
17 85
18 41
18 52
18 38
18 79
18 21
18 41
18 64
18 43
18 41
18 24
18 45
18 79
18 64
19 79
19 49
19 22
19 62
19 87
19 51
19 49
19 60
19 63
19 89
20 24
20 38
20 43
20 22
20 37
20 87
20 75
20 49
20 80
21 91
21 87
21 57
21 80
21 59
21 62
21 32
22 35
22 48
22 79
22 60
22 72
22 52
22 30
23 63
23 29
23 32
23 89
23 31
23 65
23 47
23 99
24 60
24 80
24 54
24 43
25 77
25 86
25 27
25 83
25 88
25 90
25 88
25 96
25 67
26 97
26 90
26 80
26 31
27 86
27 29
27 99
27 51
27 94
27 61
27 80
27 78
27 43
27 33
28 90
28 45
28 79
28 81
28 42
28 62
29 58
29 80
29 48
29 64
29 45
29 39
29 87
29 37
29 40
29 77
30 67
30 37
30 76
31 39
31 46
31 46
31 49
31 99
32 68
32 89
32 90
32 93
32 77
32 99
32 58
32 47
33 68
33 63
33 92
33 40
33 77
33 42
34 46
34 59
34 63
34 50
34 63
34 65
34 64
34 91
35 56
35 69
35 44
36 69
36 50
36 95
36 55
36 48
36 71
36 92
36 40
36 95
36 69
37 69
37 43
38 44
38 73
39 89
39 98
39 71
39 67
39 70
39 63
39 65
40 83
40 85
40 49
40 85
41 96
41 60
41 89
41 61
41 97
41 65
42 58
42 64
42 48
42 55
42 43
42 65
42 62
43 63
43 79
43 88
43 90
43 70
44 45
44 73
44 93
44 73
44 49
45 75
45 93
45 82
46 53
46 98
46 89
46 65
46 48
47 65
47 53
47 48
47 58
48 50
49 53
49 93
49 86
49 70
49 55
49 80
49 85
50 58
50 88
50 64
50 90
50 76
50 70
51 91
51 76
51 72
51 98
52 85
52 83
52 83
52 63
52 61
52 98
52 54
52 85
53 85
53 58
53 63
53 90
53 68
53 66
54 57
54 79
54 89
54 77
54 76
54 74
55 97
55 98
55 63
55 68
55 57
56 61
56 58
56 71
56 63
56 71
56 69
56 81
56 65
56 91
57 79
57 66
57 87
57 97
58 99
58 79
58 78
59 80
60 62
60 75
60 98
60 98
61 74
61 67
62 87
62 74
62 65
62 89
63 64
63 99
63 87
63 70
63 83
63 75
64 82
64 85
64 82
64 78
65 70
66 99
66 99
66 70
66 96
66 73
66 81
66 67
66 88
66 91
67 74
68 94
68 71
69 99
69 87
69 88
70 81
70 98
70 93
70 98
70 77
71 84
71 86
71 97
71 76
72 89
72 73
72 91
72 94
73 76
74 98
74 92
75 99
75 96
76 83
76 89
77 80
77 95
77 87
77 96
77 83
78 84
78 99
79 99
80 84
80 91
81 85
82 89
82 97
82 84
82 88
83 88
83 96
84 91
84 93
86 87
86 97
86 90
88 90
92 94
95 97
97 99
