0 6
0 42
0 43
0 89
0 31
0 65
0 22
0 97
0 41
0 67
0 20
0 42
0 84
1 80
1 29
1 33
1 91
1 41
1 45
1 26
1 33
1 36
2 47
2 17
2 86
2 10
2 77
2 92
2 86
2 21
2 41
2 66
3 41
3 28
3 25
3 4
3 80
3 18
3 16
3 41
3 47
3 81
3 17
3 33
4 84
4 10
4 12
4 24
4 96
4 9
4 40
4 37
5 32
5 67
5 78
5 88
5 66
5 96
5 87
5 98
5 34
5 23
5 15
5 59
5 82
5 88
6 90
6 10
6 17
6 31
6 62
6 43
6 83
7 37
7 99
7 16
7 46
7 60
7 11
7 22
7 60
7 20
7 99
7 31
8 89
8 88
8 80
8 91
8 60
8 57
8 40
8 18
8 92
8 36
8 11
8 82
8 60
8 58
8 36
8 28
8 81
9 89
9 31
9 73
9 73
9 47
9 84
9 92
9 90
9 37
9 49
9 22
9 20
10 97
10 61
10 85
10 85
10 29
10 57
10 77
10 28
10 43
10 80
10 41
10 74
10 91
10 32
11 74
11 39
11 64
11 79
11 84
11 88
11 68
11 85
11 15
11 37
12 26
12 50
12 83
12 20
12 32
12 89
12 83
13 79
13 67
13 18
13 41
13 40
13 68
13 96
14 79
14 24
14 43
14 90
14 95
14 98
14 73
14 23
14 74
15 97
15 22
15 19
15 17
15 50
15 76
15 47
15 51
15 41
16 76
16 66
16 43
16 88
16 40
16 74
16 33
16 80
16 80
17 74
17 20
17 48
17 82
17 91
17 94
17 60
17 48
17 69
17 21
17 27
17 34
17 63
18 64
18 23
18 94
18 82
18 66
18 92
18 31
19 40
19 31
19 76
19 52
19 45
19 72
19 49
19 94
19 45
19 66
19 20
20 89
20 91
20 86
20 30
20 71
20 31
20 85
20 66
20 86
21 47
21 72
21 72
21 78
21 89
21 96
21 76
21 33
21 93
21 48
22 92
22 72
22 51
22 85
22 25
22 54
22 91
22 34
22 39
23 54
23 25
23 56
23 88
23 57
23 80
23 64
23 66
23 80
23 74
23 52
23 26
24 60
24 98
24 71
24 29
24 92
24 65
24 89
24 94
25 79
25 36
25 67
25 60
25 31
25 56
26 75
26 82
26 80
26 53
26 59
26 93
26 76
26 85
26 73
26 55
27 81
28 37
28 75
28 58
28 95
28 96
28 80
28 63
29 57
29 71
29 64
29 73
30 86
30 80
30 36
30 84
30 40
30 80
30 65
30 82
30 88
30 89
30 92
31 70
31 79
31 43
31 34
31 40
32 66
32 80
32 88
33 61
33 65
33 72
33 64
33 46
33 76
33 89
34 47
34 38
34 96
34 65
34 35
34 53
35 77
35 69
35 65
36 52
36 97
36 71
36 73
36 42
36 62
37 45
37 95
37 94
37 47
37 93
38 80
38 43
38 55
39 56
39 92
39 46
39 55
40 61
40 73
40 55
40 61
40 45
40 65
41 97
41 83
41 68
41 66
42 56
42 99
43 62
43 65
44 89
44 66
44 88
44 59
44 61
44 65
45 80
45 83
45 56
45 92
45 60
45 99
46 91
46 64
46 76
46 50
46 90
47 91
47 95
47 52
47 92
48 49
48 89
48 77
49 79
49 59
49 91
49 77
49 90
49 96
49 51
49 94
50 51
50 85
50 98
50 94
50 56
50 92
50 51
51 78
51 95
51 84
51 53
52 94
52 60
52 69
52 63
52 81
53 80
53 87
53 72
53 73
54 84
54 86
54 77
54 94
54 99
54 90
55 97
55 83
55 59
55 85
55 75
55 86
55 76
55 99
56 61
56 85
56 89
56 57
57 82
57 91
57 86
57 93
58 66
58 86
58 59
58 68
59 83
59 64
59 97
59 62
59 70
60 61
60 86
60 64
61 84
62 92
62 67
62 92
62 79
62 87
62 87
63 72
63 88
64 96
64 78
64 78
65 74
65 83
65 95
65 73
66 77
66 85
66 71
66 69
67 84
67 86
68 86
68 86
68 94
68 90
69 75
69 92
70 74
70 92
70 94
70 93
71 91
71 81
71 75
73 87
73 99
73 95
74 85
74 79
75 95
76 95
76 86
76 96
77 78
77 78
77 96
78 97
78 92
79 90
80 83
80 84
82 95
86 87
86 88
86 94
86 93
87 93
87 90
88 97
89 97
93 97
