0 99
0 33
0 23
0 69
0 97
0 39
0 33
0 7
0 93
0 33
0 95
0 56
0 74
0 66
0 43
1 90
1 22
1 94
1 48
1 74
1 88
1 16
1 26
1 87
1 65
1 73
2 41
2 35
2 56
2 9
2 20
2 39
2 83
2 14
2 62
2 62
2 76
3 14
3 47
3 12
3 35
3 53
3 9
3 98
4 86
4 40
4 71
4 9
4 77
4 18
4 68
5 30
5 29
5 53
5 31
5 76
5 31
5 65
5 57
5 94
5 52
5 92
5 95
6 7
6 89
6 15
6 79
6 34
6 86
6 41
6 8
6 52
6 80
6 22
6 14
7 82
7 28
7 61
7 22
7 17
7 58
7 69
7 69
7 23
7 16
7 16
8 75
8 69
8 10
8 23
8 21
8 97
8 59
8 73
8 52
9 85
9 20
9 68
9 82
9 69
9 26
10 52
10 59
10 17
10 42
10 20
10 67
10 34
10 47
10 81
10 34
10 81
11 75
11 96
11 47
11 46
11 89
11 21
11 82
11 94
11 35
11 89
12 84
12 32
12 23
12 98
12 68
12 65
12 39
12 83
13 84
13 99
13 77
14 51
14 68
14 83
14 77
14 93
14 33
14 42
14 54
14 97
14 86
15 89
15 67
15 70
15 95
15 35
15 20
15 40
16 25
17 94
17 96
17 94
17 33
17 25
17 49
17 20
18 43
18 93
18 55
18 36
18 41
18 36
18 66
18 60
18 28
18 59
18 42
18 32
18 59
19 63
19 78
19 33
19 36
19 41
19 85
19 76
19 28
19 34
19 28
19 94
20 57
20 63
20 95
20 93
20 54
20 46
20 83
20 63
21 61
21 25
21 91
21 28
21 85
21 40
21 57
21 44
21 73
22 58
22 99
22 77
22 39
22 90
22 58
22 25
22 70
22 62
22 84
23 55
23 39
23 80
23 59
23 61
23 80
24 87
25 30
25 98
25 61
25 84
25 98
25 66
25 90
26 70
26 71
26 95
26 96
27 56
27 38
27 82
27 93
27 42
27 88
28 42
28 45
28 95
28 94
28 96
28 34
28 68
28 81
28 91
28 79
29 70
29 85
29 45
29 54
29 79
30 34
30 88
30 89
30 67
30 56
30 31
30 91
31 82
31 95
31 97
31 43
31 62
31 68
31 62
31 32
32 97
32 66
32 78
32 36
32 63
32 53
32 69
32 48
32 95
33 80
33 45
33 92
33 79
33 40
34 74
34 81
34 40
35 73
35 68
35 96
35 45
35 59
35 87
36 79
36 67
36 69
36 45
36 62
36 61
36 43
36 38
36 56
36 47
37 79
37 57
37 50
37 96
37 88
37 58
37 55
37 89
37 76
38 42
38 55
38 60
38 58
38 67
38 74
38 43
38 89
38 87
39 48
39 44
39 92
39 48
39 80
39 48
40 64
40 45
40 55
40 99
40 77
40 65
40 78
41 94
41 89
42 44
42 58
42 79
42 70
42 43
43 98
43 70
43 63
43 90
43 66
43 70
43 94
43 99
43 50
43 96
44 63
44 97
44 48
45 68
45 89
45 47
45 57
45 84
45 48
46 60
46 91
46 62
46 90
46 80
46 56
46 99
47 89
47 63
47 75
47 53
47 48
47 58
48 78
48 81
48 72
48 69
49 69
49 80
49 97
49 86
49 72
50 89
50 90
50 77
50 81
50 68
51 90
51 73
51 89
51 63
51 85
52 91
52 80
53 90
53 66
53 84
53 82
53 68
53 63
53 63
53 80
54 81
54 80
54 99
54 75
54 59
55 60
55 94
55 63
56 80
56 87
56 93
56 77
56 65
57 87
57 69
57 91
57 88
58 82
58 94
59 63
59 61
59 72
59 63
59 80
59 68
59 83
60 94
60 98
60 69
60 98
61 66
61 84
61 63
61 90
61 93
62 89
62 70
62 93
62 84
62 89
62 68
63 78
63 69
63 67
63 92
63 85
64 81
64 92
64 85
64 80
64 79
65 79
65 79
65 87
65 83
65 91
66 68
66 73
66 83
67 92
67 78
67 74
68 86
69 91
69 71
70 83
71 92
71 78
72 81
72 79
72 90
72 73
72 81
73 86
74 97
74 79
75 99
76 83
76 80
76 78
77 78
77 83
78 94
78 85
79 91
79 89
79 86
79 85
80 85
80 89
80 90
81 96
83 85
84 90
84 91
85 96
85 86
86 90
89 98
89 90
90 97
91 93
92 96
92 96
93 98
