0 13
0 32
0 86
0 65
0 67
0 79
0 78
0 27
0 77
0 91
0 36
1 35
1 75
1 28
1 51
1 28
1 99
1 32
1 54
1 4
1 46
1 70
1 71
1 90
2 33
2 94
2 63
2 64
2 56
2 71
2 37
2 57
2 42
2 51
3 31
3 16
3 16
3 96
3 35
3 65
3 74
3 9
3 91
3 69
3 81
3 46
3 54
3 70
3 93
3 64
3 74
4 36
4 95
4 18
4 77
4 91
4 79
5 36
5 81
5 11
5 54
5 44
5 33
5 14
5 91
6 66
6 70
6 72
6 53
6 60
6 29
6 16
6 33
6 98
7 90
7 78
7 33
7 23
7 60
7 69
7 76
7 88
7 30
7 81
8 26
8 22
8 73
8 61
8 72
8 12
8 21
9 59
9 96
9 91
9 87
9 41
9 73
9 26
9 60
9 14
9 11
9 66
9 78
9 57
9 11
10 50
10 57
10 89
10 13
10 77
10 63
10 95
10 43
10 91
10 36
10 36
11 60
11 43
11 83
11 17
11 79
12 42
12 39
12 38
12 94
13 85
13 22
13 16
13 85
13 99
13 66
13 36
14 72
14 57
14 57
14 85
14 94
14 54
14 41
14 81
14 41
14 70
15 60
15 18
15 79
15 94
15 33
15 38
15 95
16 72
16 50
16 88
16 84
16 94
16 53
16 90
16 93
17 39
17 40
17 81
17 62
17 40
17 26
17 94
17 84
18 80
18 92
18 20
18 84
18 71
18 80
18 28
18 87
18 76
19 51
19 78
19 27
19 21
19 86
19 57
19 49
19 91
20 35
20 73
20 90
20 78
20 59
20 69
20 69
20 88
20 60
20 88
21 89
21 72
21 66
21 60
21 77
22 94
22 82
22 34
22 59
22 67
22 30
23 27
23 93
23 82
23 74
24 92
24 67
24 96
24 80
24 42
25 74
25 50
25 50
25 89
25 60
25 37
25 34
25 63
25 47
26 60
26 89
26 68
26 65
26 31
26 43
27 45
27 87
27 33
27 94
27 44
27 80
27 60
27 28
27 45
27 73
28 59
28 59
28 62
28 82
28 96
28 74
28 85
29 88
29 74
29 73
29 54
29 82
29 58
29 51
29 66
29 47
29 35
29 78
30 46
30 93
30 89
30 93
31 59
31 98
31 50
31 35
31 69
31 84
31 77
31 64
32 68
32 88
32 58
32 38
32 46
32 42
33 37
33 46
33 50
33 76
33 72
33 46
33 56
33 81
33 75
33 79
33 52
33 63
34 45
34 63
34 63
34 77
34 36
34 81
34 91
35 72
35 95
35 63
35 36
35 67
35 44
36 88
36 49
36 89
37 72
37 75
37 51
37 70
37 42
37 76
37 70
37 74
37 85
37 59
38 86
38 65
38 63
39 96
39 49
39 47
40 59
40 87
40 62
40 68
40 45
40 76
40 55
40 91
40 77
40 86
41 77
41 78
41 51
41 54
41 99
42 55
42 56
42 64
42 86
43 62
43 90
43 70
43 90
43 65
43 92
43 89
43 78
44 60
44 45
44 62
44 88
45 97
45 68
45 56
45 69
45 98
45 78
46 63
46 76
46 70
46 85
46 89
46 70
47 63
47 78
47 79
47 74
47 75
47 75
47 64
47 86
48 96
48 59
48 93
48 62
48 83
48 98
49 68
49 79
49 66
50 73
50 86
50 99
50 65
50 79
50 61
50 58
50 90
51 77
51 69
51 93
51 95
52 89
52 55
52 86
52 92
53 79
53 93
53 54
53 57
53 80
53 80
54 63
54 93
54 86
54 63
54 89
54 90
54 60
55 98
55 69
55 96
55 61
55 56
55 80
55 75
56 85
56 62
56 86
56 87
56 67
56 98
56 80
57 92
57 65
59 81
60 74
60 77
60 88
61 68
61 77
61 65
61 78
61 62
61 90
61 64
62 85
62 66
62 66
63 84
63 93
63 90
63 69
64 77
64 92
64 77
65 78
65 79
66 78
66 73
66 73
66 95
66 67
67 80
67 89
67 86
67 83
68 72
68 69
68 89
69 75
70 76
70 84
70 78
71 90
73 75
74 84
74 75
74 93
74 83
75 88
75 92
75 81
75 81
76 97
76 83
76 97
77 97
77 96
77 91
78 85
78 98
78 96
78 87
79 95
79 90
79 97
81 92
81 95
82 83
82 84
82 99
82 84
83 93
84 86
85 98
86 90
87 94
88 95
89 94
90 97
91 94
94 97
