0 49
0 53
0 25
0 37
0 38
0 86
0 51
0 39
0 26
0 71
1 44
1 44
1 40
1 2
1 87
1 66
1 13
1 97
1 53
1 28
1 25
1 44
1 62
1 76
2 62
2 13
2 12
2 94
2 25
2 63
2 55
3 98
3 33
3 87
3 25
3 41
3 83
3 5
3 27
3 74
3 22
3 41
4 84
4 85
5 39
5 90
5 35
5 56
5 65
5 32
5 23
5 47
5 89
5 57
5 35
5 37
5 40
5 10
5 92
5 14
5 12
5 34
6 39
6 25
6 83
6 25
6 24
6 41
6 82
6 10
6 31
6 56
7 47
7 94
7 84
7 46
7 25
7 52
7 82
8 15
8 39
8 48
8 88
8 90
8 95
8 34
8 39
8 40
8 78
9 27
9 70
9 57
9 12
9 70
9 31
9 45
9 42
9 21
9 99
10 68
10 68
10 59
10 91
10 33
10 82
11 17
11 30
11 84
11 55
11 68
11 59
11 47
11 91
12 68
12 82
12 18
12 71
12 27
12 31
12 99
13 31
13 27
13 50
13 45
13 74
14 15
14 45
14 88
14 26
14 45
14 35
14 98
14 18
14 89
15 37
15 97
15 87
15 84
15 33
15 72
15 19
16 89
16 23
16 57
16 82
16 65
16 90
16 84
16 95
16 54
16 34
16 64
17 88
17 44
17 48
17 38
17 56
17 31
17 49
18 25
18 44
18 78
19 63
19 47
19 33
19 64
19 71
19 57
19 39
19 93
19 34
20 97
20 92
20 69
20 43
20 79
20 93
20 84
20 99
20 25
20 46
21 43
21 36
21 48
21 76
21 28
21 91
21 57
21 62
21 43
21 51
21 64
21 87
21 90
22 90
22 96
22 39
22 41
22 88
22 88
22 90
22 44
22 35
23 98
23 87
23 52
23 78
23 94
23 64
23 48
23 84
23 92
23 69
24 77
24 28
24 79
24 86
24 79
24 34
24 43
24 82
24 56
25 82
25 72
25 76
25 86
25 82
25 92
25 54
26 57
26 81
26 71
26 47
26 91
26 69
27 52
27 67
27 65
27 64
27 33
27 51
27 29
28 59
28 46
28 47
28 91
28 48
28 68
28 91
28 88
29 63
29 65
29 93
29 87
29 72
29 45
29 63
29 54
29 76
30 72
30 55
30 88
30 83
30 73
30 56
31 67
31 86
31 75
31 87
31 59
31 35
31 75
32 62
32 85
32 80
32 89
32 49
32 38
32 80
32 65
32 68
32 98
32 87
33 42
33 82
33 38
33 39
33 86
33 85
34 82
34 43
34 60
34 78
35 50
35 36
35 40
35 70
36 49
36 90
36 50
36 62
36 60
36 58
36 88
36 64
36 48
37 84
37 80
37 43
38 91
38 64
38 92
38 97
38 60
38 39
39 41
39 45
39 59
39 46
39 56
39 55
40 49
40 42
40 43
40 66
40 59
40 70
40 75
40 73
40 71
40 61
40 52
40 54
41 65
41 64
41 99
41 66
41 64
41 70
41 73
41 87
41 49
41 72
42 44
42 89
42 94
43 45
43 91
43 98
44 56
44 93
44 71
44 75
44 57
45 72
45 58
45 95
45 55
45 73
46 53
46 54
46 50
46 93
46 62
47 76
47 94
47 52
47 51
47 70
48 64
48 68
48 56
48 57
48 52
48 85
48 64
48 71
49 90
49 68
49 50
49 54
50 78
50 51
50 64
50 96
50 63
50 90
50 57
51 91
51 69
52 77
52 96
52 66
52 86
53 78
53 70
53 90
53 83
53 96
53 81
53 92
54 69
54 61
55 79
55 66
55 62
55 89
55 82
55 71
55 74
56 92
56 91
56 94
56 86
56 70
56 89
56 72
56 64
57 72
57 70
57 79
57 91
58 62
58 95
59 98
60 83
60 91
60 67
61 67
61 64
62 69
62 84
63 95
64 85
64 69
64 74
64 92
64 88
64 68
64 86
64 86
65 88
65 88
65 99
65 81
65 69
65 97
65 95
65 73
65 78
66 72
66 77
66 94
67 74
68 98
68 75
68 91
68 94
69 96
69 86
69 70
69 88
70 78
70 80
71 87
72 77
72 78
73 92
73 83
74 80
74 92
74 87
75 77
75 82
75 93
76 78
76 86
76 88
77 80
77 94
77 82
79 92
79 88
80 84
80 90
81 96
81 95
82 97
83 98
84 90
84 90
84 94
84 90
85 91
86 92
86 99
86 98
88 96
95 96
96 99
