0 89
0 2
0 12
0 2
0 6
0 59
0 47
1 94
1 81
1 72
1 44
1 5
1 95
1 22
1 13
1 99
2 40
2 53
2 78
2 86
2 41
2 78
2 51
2 22
2 38
2 91
3 64
3 49
3 4
3 73
3 72
3 91
3 52
3 63
4 30
4 92
4 66
4 83
4 6
4 33
4 96
4 97
4 76
4 21
5 10
5 87
5 69
5 42
5 64
5 21
5 58
5 71
5 17
5 36
5 52
5 57
5 53
5 92
5 15
5 81
5 36
5 18
5 64
5 78
6 22
6 27
6 94
6 81
6 33
6 25
6 46
6 26
6 52
7 21
7 39
7 98
7 26
7 17
7 64
7 10
7 73
7 48
7 74
7 41
7 21
7 83
7 43
8 89
8 54
8 89
8 24
8 28
8 11
9 76
9 54
9 25
9 79
9 34
9 89
9 34
10 12
10 92
10 48
10 16
11 18
11 49
11 41
11 13
12 82
12 77
12 33
12 80
12 21
12 26
12 47
12 94
12 22
13 93
13 74
13 92
13 67
13 51
14 90
14 96
14 15
14 16
14 99
14 26
14 59
14 54
14 49
15 77
15 40
15 21
15 52
15 18
15 74
15 74
15 85
15 73
15 46
15 85
15 70
16 85
16 21
16 23
16 30
16 58
16 59
16 47
17 87
17 91
17 27
17 82
17 47
17 69
17 83
17 51
18 38
18 28
18 22
18 28
18 50
18 75
19 63
19 44
19 60
19 83
19 83
20 30
20 88
20 42
20 80
20 21
20 70
20 67
20 57
21 44
21 77
21 48
21 83
21 91
21 36
21 52
21 61
21 75
21 90
21 45
21 41
21 51
21 37
22 59
22 77
22 41
22 23
22 59
22 79
22 78
22 76
23 28
23 42
23 55
23 47
23 40
23 34
23 79
23 73
23 78
24 78
24 47
24 73
25 37
25 35
25 72
25 45
25 53
25 88
26 38
26 35
26 87
26 38
26 47
26 84
26 56
26 77
26 68
26 39
26 49
27 28
27 48
27 66
27 77
27 79
27 61
27 69
27 77
27 78
27 65
27 85
27 31
28 71
28 93
28 86
28 35
28 77
28 75
29 61
29 92
29 52
29 33
29 50
29 59
29 81
29 43
30 39
30 71
30 77
30 59
30 85
31 98
31 43
31 98
31 62
31 91
32 95
32 43
32 72
33 92
33 53
33 65
33 47
33 57
33 50
34 55
34 73
34 74
34 39
34 71
34 51
34 97
34 95
34 84
34 84
34 99
34 97
35 46
35 61
35 98
36 53
36 58
36 96
36 65
36 72
36 39
37 88
37 71
37 44
37 76
37 89
37 50
37 90
37 79
37 85
37 74
37 86
37 52
38 80
38 69
38 71
38 92
39 92
39 49
39 66
40 44
40 42
40 63
40 43
41 90
41 89
41 77
41 44
41 97
41 62
42 98
42 47
42 77
42 62
42 57
42 46
42 54
43 45
43 85
43 61
43 90
44 51
44 75
44 56
44 92
44 89
45 86
45 77
45 56
45 84
45 67
45 77
45 46
46 95
46 88
46 61
46 92
46 59
46 59
46 93
47 54
47 83
47 81
47 65
47 60
47 49
48 62
48 55
48 98
48 75
48 64
49 95
49 95
49 66
49 71
49 88
49 58
49 70
49 82
49 83
49 79
49 64
49 89
49 88
50 58
50 81
50 72
50 87
50 52
50 82
50 60
50 62
51 77
51 82
51 65
53 61
53 64
53 90
54 59
54 59
54 88
54 95
55 73
55 73
55 83
56 70
56 89
56 67
57 83
57 71
57 86
58 80
58 82
58 80
58 70
58 90
58 89
59 80
59 71
59 67
60 75
60 89
60 98
61 93
61 63
61 79
62 82
62 96
62 84
63 99
63 72
63 71
63 99
64 69
64 76
64 79
64 75
64 88
65 95
65 80
65 86
66 76
66 78
66 71
66 87
67 81
67 76
68 75
68 83
68 87
69 70
69 91
69 87
69 79
70 97
70 77
70 71
70 98
70 93
70 73
71 88
71 73
71 91
71 93
72 74
72 99
72 75
72 83
73 95
74 89
74 75
74 99
75 87
75 82
75 83
75 77
76 91
76 80
76 98
76 83
77 90
78 80
79 89
79 93
79 92
80 99
81 99
81 90
82 95
82 94
83 95
83 92
84 94
84 98
85 96
85 99
87 95
87 91
87 99
87 98
88 90
89 98
90 99
93 98
94 97
96 97
96 99
