0 83
0 82
0 73
0 39
0 74
0 71
0 67
0 68
0 16
0 92
0 14
0 88
0 27
0 78
0 76
1 32
1 50
1 16
1 81
1 39
1 40
1 27
1 9
1 43
1 74
1 53
2 32
2 71
2 58
2 87
2 31
2 35
2 18
2 76
2 94
2 21
2 3
2 24
2 50
2 94
3 77
3 55
3 39
3 37
3 65
3 12
3 95
4 61
4 43
4 97
4 14
4 43
4 9
5 27
5 21
5 30
5 73
5 6
5 29
6 44
6 89
6 41
6 36
6 70
6 11
7 28
7 54
7 62
7 17
7 37
7 76
7 45
7 63
7 68
7 46
7 93
7 10
7 22
7 28
8 47
8 57
8 97
8 95
8 46
8 38
8 58
8 30
8 46
9 31
9 53
9 72
9 96
9 85
9 85
9 21
9 86
9 96
10 22
10 40
10 93
10 36
10 18
10 68
10 92
10 80
11 12
11 13
11 17
11 66
11 26
11 72
11 88
11 41
11 95
11 26
11 25
11 64
11 13
11 51
11 47
11 13
11 22
11 38
12 73
12 46
12 49
12 96
12 59
12 22
12 32
12 40
12 40
12 21
13 98
13 43
13 46
13 51
14 98
14 69
14 28
14 15
14 75
14 89
15 55
15 42
15 56
15 17
15 33
15 64
15 42
16 67
16 44
16 82
16 73
16 97
16 31
16 56
16 73
16 39
17 38
17 94
17 44
17 51
17 39
17 79
17 72
17 18
17 87
17 46
18 79
18 62
18 33
18 70
18 95
19 93
19 91
19 54
19 50
19 47
19 91
19 39
19 59
20 63
20 72
20 82
20 93
20 91
20 64
20 92
20 87
20 36
21 23
21 44
21 43
21 98
21 41
21 29
21 46
21 31
21 26
22 43
22 79
22 55
22 79
22 82
22 73
22 82
22 65
23 56
23 63
23 54
23 83
23 29
23 88
24 67
24 80
24 83
24 32
24 71
24 98
25 51
25 83
25 79
25 69
25 64
25 45
25 79
25 62
25 33
25 43
25 79
25 87
26 73
26 88
26 66
26 73
26 29
26 53
27 72
27 66
27 93
27 38
27 81
27 71
27 60
27 38
28 68
28 60
28 31
28 40
28 92
29 86
29 59
29 53
29 34
29 48
29 63
30 57
30 39
30 71
30 93
30 40
30 66
31 54
31 74
31 37
31 60
31 94
31 64
32 55
32 54
32 77
32 45
32 61
33 90
33 52
33 71
33 37
33 44
33 96
33 43
34 88
34 91
34 80
34 55
34 91
34 84
34 85
34 38
34 52
35 50
35 66
35 50
35 82
35 50
35 38
35 69
36 56
36 71
36 55
36 93
36 96
36 55
36 49
36 97
37 88
37 69
37 49
37 97
37 50
38 60
38 90
38 99
38 82
38 88
38 75
39 84
39 67
39 44
39 95
39 77
39 44
40 82
40 53
40 42
40 94
40 54
40 93
41 84
41 84
41 95
41 51
41 68
41 90
41 43
42 74
42 97
42 59
42 57
43 76
43 74
43 50
43 66
44 68
44 88
44 72
44 63
44 47
44 88
44 72
45 65
45 52
45 61
45 70
45 46
45 89
45 51
46 59
46 69
46 80
46 65
46 57
46 60
47 61
47 92
47 93
47 62
48 76
48 91
48 69
48 67
48 62
48 66
49 88
49 76
49 91
49 56
49 84
50 71
50 91
50 89
50 55
51 60
51 76
51 65
51 60
51 62
52 64
52 64
52 70
52 65
53 64
53 58
54 55
54 84
54 75
54 78
54 74
54 88
55 67
55 95
55 74
55 72
55 93
55 61
56 72
56 83
56 60
56 91
56 83
57 97
57 73
57 60
58 95
58 99
58 87
58 81
59 63
59 73
59 88
59 61
59 95
59 73
61 77
61 80
61 85
62 90
62 72
62 65
62 69
62 73
63 85
63 64
63 95
63 82
63 78
63 99
64 84
64 79
65 81
65 77
65 77
65 72
66 76
66 78
66 96
67 84
68 81
68 73
69 86
69 78
69 79
69 81
69 78
70 95
70 77
71 89
71 72
71 86
71 72
71 76
72 92
73 99
73 84
73 96
73 84
73 78
74 81
74 89
75 85
75 92
76 86
76 79
76 88
77 88
77 90
78 93
78 96
80 91
81 92
81 90
82 90
82 91
83 98
83 91
84 89
84 90
84 89
85 90
86 91
86 88
86 94
86 90
88 93
89 94
89 98
89 98
90 97
90 93
96 99
