0 57
0 62
0 38
0 61
0 14
0 58
0 62
0 47
0 60
0 17
0 20
0 99
1 41
1 31
1 96
1 95
1 51
1 94
1 94
1 38
2 64
2 52
2 50
2 71
3 87
3 23
3 32
3 21
3 57
3 11
3 87
3 33
3 27
3 39
3 45
3 53
3 95
4 96
4 43
4 61
4 33
4 83
4 13
4 45
4 46
5 13
5 97
5 85
5 21
5 73
5 87
5 74
6 60
6 17
6 97
6 15
6 50
6 19
6 27
6 36
7 76
7 73
7 44
7 83
7 45
7 20
7 42
7 24
7 66
7 78
7 18
8 26
8 95
8 82
8 72
8 94
9 53
9 69
9 38
9 51
9 71
9 76
9 81
9 14
9 77
10 62
10 84
10 32
10 67
10 86
10 20
10 35
10 78
10 32
10 15
11 76
11 19
11 14
11 57
11 99
12 76
12 65
12 53
12 46
12 87
12 93
12 95
12 93
12 34
12 73
12 18
12 73
13 98
13 26
13 90
13 82
13 63
13 24
13 93
13 56
13 25
14 34
14 78
14 29
14 18
14 74
14 23
14 47
14 91
14 59
15 84
15 85
15 20
15 97
15 33
15 70
15 53
15 24
15 72
15 94
15 84
16 38
16 57
16 40
16 17
16 45
16 64
16 91
16 68
16 79
16 98
16 98
16 24
16 82
17 63
17 18
17 57
17 84
17 18
17 44
17 77
17 50
17 28
17 26
17 18
18 19
18 87
18 89
18 32
18 97
18 60
18 89
18 47
18 66
18 53
19 89
19 78
19 36
19 52
19 95
20 87
20 49
20 47
20 81
21 49
21 65
21 22
21 40
21 57
21 55
21 66
21 31
21 66
22 48
22 50
22 66
22 24
22 28
22 85
22 48
22 67
22 26
23 93
23 42
24 58
24 83
24 97
24 88
24 40
24 64
24 59
25 35
25 81
25 32
25 34
25 96
25 29
25 76
25 94
25 35
25 42
26 88
26 95
26 93
26 36
26 65
26 75
26 72
27 66
27 29
27 42
27 54
27 38
27 53
27 39
28 88
28 64
28 97
28 69
28 62
28 50
28 85
29 96
29 35
29 41
29 58
29 75
29 42
29 41
29 97
29 76
29 86
30 43
30 48
30 58
30 54
30 92
30 68
31 61
31 36
31 51
31 75
31 60
32 87
32 66
32 61
32 85
32 89
33 76
33 38
33 66
33 61
33 39
33 39
33 86
33 69
34 84
34 60
34 99
34 43
34 85
34 97
34 80
34 96
34 67
34 91
34 74
34 54
34 87
34 55
34 82
35 63
35 36
35 39
35 69
35 78
35 81
35 64
35 96
35 78
35 43
35 83
36 42
36 38
36 82
36 59
36 47
36 38
36 70
37 91
37 59
37 84
37 47
37 42
37 55
37 48
37 88
37 38
38 41
38 74
38 90
38 95
38 48
38 74
38 64
39 78
39 81
39 56
39 78
39 41
39 90
39 48
40 56
40 49
40 75
40 90
40 95
41 78
41 99
41 64
41 61
41 59
41 91
41 97
41 91
41 70
42 91
42 53
42 53
42 92
42 98
42 49
43 70
43 49
43 65
43 52
44 66
44 98
44 57
44 99
44 88
44 49
44 88
44 86
44 77
45 57
45 74
45 72
45 74
45 96
46 76
46 99
46 79
46 73
47 59
47 75
47 56
47 83
47 99
47 79
47 71
47 69
48 67
48 69
48 50
48 57
48 75
49 94
49 58
50 69
50 70
50 62
50 62
51 53
51 95
51 99
51 64
52 78
52 71
52 54
52 67
53 98
53 97
53 64
53 85
53 56
53 83
54 83
54 88
55 97
55 62
55 88
55 79
55 84
55 67
56 78
56 63
56 91
56 69
56 84
57 67
57 60
57 72
57 83
57 71
58 63
58 71
59 78
59 91
59 89
60 85
60 86
60 90
61 93
61 81
62 78
62 81
62 77
62 65
62 75
62 92
63 70
63 79
64 69
65 95
65 93
66 86
67 84
68 91
68 74
68 86
69 82
69 76
69 87
69 78
69 92
69 87
69 92
69 94
69 79
71 73
71 95
72 96
73 94
74 96
74 97
75 92
75 78
76 78
76 80
76 78
77 86
77 92
78 95
79 90
79 87
80 83
80 95
81 96
81 92
82 91
83 87
83 90
83 95
84 92
85 93
85 95
86 99
86 91
87 98
88 90
88 96
89 99
90 99
91 97
91 93
92 95
92 97
92 96
94 95
