0 56
0 20
0 56
0 12
0 30
0 86
1 32
1 6
1 24
1 81
1 77
1 91
1 37
1 91
1 93
1 48
1 93
1 33
2 37
2 17
2 83
2 54
2 36
2 27
2 73
3 93
3 49
3 93
3 12
3 52
3 89
4 95
4 50
4 24
4 73
4 55
4 80
4 78
4 20
4 83
4 63
4 22
4 76
4 89
4 88
5 6
5 72
5 93
5 70
5 48
5 59
5 7
6 95
6 33
6 56
6 37
6 94
6 92
6 76
7 23
7 94
7 70
7 36
7 51
7 71
7 17
7 92
7 51
7 55
7 59
7 49
8 29
8 88
8 94
8 32
8 56
8 53
8 96
8 95
8 79
8 28
9 52
9 23
9 44
9 83
9 73
9 14
9 80
9 54
9 49
10 72
10 91
10 34
10 75
10 50
10 51
10 64
10 66
10 90
10 63
11 79
11 93
11 58
11 34
11 47
11 38
11 97
11 91
11 70
11 34
11 78
11 66
11 85
12 51
12 56
12 65
12 91
12 16
12 46
12 51
12 79
12 13
12 19
12 99
12 83
12 87
12 40
12 30
13 71
13 59
13 29
13 95
13 61
13 55
13 57
13 68
13 26
13 80
13 25
13 52
14 56
14 80
14 45
14 87
14 26
15 87
15 24
15 28
15 80
15 59
15 92
15 49
15 35
15 98
15 53
16 54
16 69
16 95
16 48
16 24
16 59
16 59
17 86
17 45
17 18
17 59
18 99
18 51
18 57
18 58
18 94
18 87
18 41
18 77
18 48
18 77
19 98
19 31
19 95
19 83
19 20
19 25
19 65
19 32
19 84
19 71
20 93
20 30
20 91
20 51
20 37
20 62
20 85
20 44
21 93
21 74
21 79
21 50
21 49
21 64
21 42
21 99
21 28
21 69
21 60
22 48
22 40
22 54
22 74
22 92
22 27
22 23
22 70
22 33
22 73
23 39
23 68
23 48
23 74
23 25
23 30
23 87
24 42
24 82
24 70
24 35
24 26
25 29
25 32
25 77
25 93
25 42
25 56
25 98
25 29
26 50
26 38
26 62
26 38
26 35
26 87
27 86
27 44
27 28
27 87
27 29
27 88
28 68
28 54
28 98
28 84
28 30
28 42
28 86
29 34
29 58
29 99
29 74
29 82
29 67
29 80
29 61
29 92
30 93
30 94
30 75
30 34
30 91
31 67
31 60
31 90
31 96
31 42
31 46
31 81
31 75
31 56
32 55
32 81
32 41
32 42
32 83
33 92
33 39
33 94
33 49
34 89
35 54
35 68
35 69
35 90
35 80
35 91
35 75
35 78
35 90
35 62
36 90
36 62
36 55
36 99
36 83
36 93
36 95
36 92
37 48
37 61
37 45
38 59
38 66
38 57
38 71
38 53
38 40
38 92
38 74
38 86
38 53
38 77
38 68
38 59
38 87
39 95
39 79
39 62
39 47
39 55
40 48
40 45
40 56
40 53
40 68
41 86
41 67
41 99
42 88
42 73
42 61
42 47
42 46
42 65
42 69
43 60
43 75
43 88
44 81
44 85
45 83
45 95
45 73
45 99
45 61
45 64
45 46
46 76
46 80
46 92
47 94
47 88
47 81
47 50
48 92
48 83
48 55
48 93
48 51
49 73
49 62
49 99
49 90
49 93
49 55
49 95
49 74
50 53
50 51
50 78
50 81
50 63
51 81
51 56
51 95
51 97
51 71
51 58
52 89
52 70
52 59
53 60
53 54
53 88
53 96
53 88
53 74
53 99
53 66
53 64
54 76
54 62
54 81
54 63
55 90
55 82
55 76
55 81
55 90
55 63
55 92
56 81
56 64
56 69
56 78
57 69
57 60
57 99
57 89
57 63
57 67
57 94
58 77
58 69
58 70
58 61
58 92
58 96
58 63
58 61
59 65
59 97
60 72
60 73
60 76
60 80
60 92
61 74
62 71
62 86
62 99
63 87
63 84
63 85
64 80
66 69
66 75
66 83
66 83
66 83
68 89
68 90
68 91
69 81
69 76
69 71
69 81
70 98
70 88
70 95
70 80
71 80
71 95
72 85
72 95
73 97
73 81
73 96
73 88
73 83
74 90
74 96
75 94
75 76
76 80
76 81
78 89
78 90
78 89
78 96
78 98
79 88
80 84
80 85
80 82
80 84
81 92
82 92
83 87
83 88
84 97
85 90
85 86
85 91
86 90
86 97
87 90
90 99
93 98
93 94
94 96
95 99
97 98
