0 86
0 45
0 34
0 28
0 39
0 98
0 74
0 18
0 34
0 87
0 15
0 24
0 94
0 21
1 82
1 18
1 92
1 88
1 13
1 86
1 52
1 39
1 16
1 87
1 27
1 12
1 98
2 98
2 29
2 11
2 24
2 76
2 50
2 9
2 24
2 76
2 50
3 27
3 69
3 5
3 11
3 52
3 46
3 27
3 81
3 5
3 23
3 92
3 68
3 14
4 52
4 6
4 54
4 73
4 79
4 34
4 98
5 31
5 19
5 45
5 90
5 62
5 71
5 30
5 48
5 24
5 15
5 96
5 62
5 82
6 78
6 25
6 93
6 16
6 26
6 57
6 32
7 47
7 60
7 77
7 78
7 69
7 41
7 14
7 36
8 32
8 86
8 97
8 65
8 78
8 49
8 15
8 58
8 92
8 95
8 79
8 26
9 26
9 87
9 84
9 22
9 63
9 47
9 49
9 71
9 79
10 27
10 79
10 55
10 35
10 18
10 98
10 12
10 69
10 24
11 93
11 76
11 48
11 64
11 99
11 72
11 60
11 77
12 93
12 82
12 35
12 60
12 72
12 75
12 46
13 45
13 34
13 22
13 53
14 37
14 76
14 54
14 45
14 64
14 20
14 56
14 55
14 47
14 72
14 51
15 75
15 39
15 83
15 53
15 96
15 37
15 40
15 60
16 26
16 27
16 98
16 86
16 73
16 78
16 99
16 49
17 48
17 35
17 58
18 27
18 23
18 73
18 66
18 99
18 98
18 25
18 25
18 84
19 35
19 76
19 41
19 82
19 46
19 22
19 73
19 23
19 80
19 68
19 58
19 29
19 92
20 94
20 59
20 57
20 67
20 69
20 76
21 32
21 81
21 79
21 39
21 60
21 52
21 52
21 30
21 59
21 54
22 32
22 31
22 78
22 74
22 61
22 39
22 89
22 52
23 74
23 60
23 72
23 60
23 89
23 36
24 47
24 49
24 28
24 61
24 29
24 49
25 67
25 85
25 63
26 85
26 47
26 48
26 91
26 38
27 72
27 85
27 34
27 35
27 38
27 74
27 72
27 47
28 31
28 46
28 73
28 80
28 96
28 66
28 55
28 29
28 86
28 66
28 53
28 60
29 50
29 70
29 67
29 87
29 50
29 60
30 86
30 63
30 32
30 60
30 99
30 79
30 69
30 40
30 36
31 46
31 58
31 73
31 84
31 65
31 84
31 72
31 54
31 76
31 35
32 72
32 92
32 93
32 49
32 35
32 82
33 75
33 74
33 61
33 77
34 43
34 62
34 96
34 37
34 56
34 83
34 86
35 68
35 70
35 61
35 73
35 45
35 81
35 98
36 99
36 64
36 80
36 45
36 49
36 64
36 95
37 63
37 43
37 69
37 46
37 67
37 81
37 83
37 84
37 88
37 86
38 83
38 92
38 42
38 47
38 69
38 92
39 99
39 97
39 96
39 75
39 95
39 99
40 67
40 96
40 54
40 45
40 81
40 75
41 94
41 76
41 68
41 56
42 43
42 67
42 62
42 93
43 73
43 64
43 85
43 99
43 67
43 49
43 56
43 54
43 70
43 71
43 79
43 83
44 79
44 79
44 85
44 47
44 86
44 80
44 82
45 53
45 49
45 70
45 53
45 78
45 49
45 53
45 67
45 47
45 90
46 79
46 71
46 97
46 93
46 47
46 52
46 60
46 77
47 81
47 75
47 95
47 74
48 99
48 66
48 49
48 57
48 51
49 71
49 72
49 55
49 99
50 55
50 58
50 80
50 94
50 64
50 75
50 71
50 77
51 69
51 96
51 77
51 60
51 65
51 71
51 64
51 84
51 79
51 94
52 92
52 55
52 84
52 85
52 87
53 84
53 72
53 68
53 78
54 95
54 65
54 97
55 80
55 98
56 71
56 81
56 58
57 71
57 98
57 94
58 76
58 90
58 69
58 84
58 94
59 97
59 88
59 80
59 87
60 66
60 78
61 82
61 98
62 66
63 82
63 67
63 74
63 87
65 74
65 97
67 88
68 78
68 85
69 93
69 76
69 83
70 96
71 84
71 72
72 96
73 84
73 88
73 81
73 85
73 95
74 93
74 91
74 98
74 86
74 94
74 92
74 82
75 88
75 95
75 96
76 82
76 87
76 87
76 94
76 86
77 79
77 80
77 96
78 87
79 87
80 91
80 82
81 82
81 92
82 99
82 88
84 96
85 94
85 94
87 99
88 99
88 96
90 99
90 93
93 96
