0 80
0 65
0 38
0 80
0 48
1 25
1 26
1 36
1 65
1 7
1 45
1 29
1 84
2 42
2 64
2 3
2 3
2 36
2 24
3 56
3 66
3 39
3 60
3 44
3 84
3 80
3 93
3 16
3 90
3 78
3 27
3 9
3 40
3 12
3 89
3 19
4 20
4 68
4 27
4 27
4 93
4 68
4 18
4 18
4 85
4 64
4 21
5 38
5 89
5 16
5 80
5 72
5 40
5 23
5 84
5 84
6 12
6 38
6 69
6 20
6 90
6 50
6 73
6 77
6 82
6 19
6 89
7 61
7 55
7 99
7 85
7 44
7 53
7 47
7 85
7 72
7 29
7 51
8 10
8 35
8 28
8 29
8 33
8 94
8 10
8 81
8 54
8 34
8 90
8 45
9 41
9 49
9 32
9 88
9 63
9 37
10 90
10 16
10 58
10 66
10 29
10 98
11 54
11 89
11 54
11 97
11 13
11 86
11 66
11 96
11 35
11 31
11 29
12 36
12 19
12 18
12 52
12 46
12 35
12 15
12 47
12 23
12 58
13 67
13 56
13 49
13 73
13 18
14 58
14 47
14 37
14 92
14 96
14 50
14 62
14 18
14 75
14 18
14 25
15 48
15 30
15 78
15 48
15 92
15 19
15 61
15 75
15 18
15 89
15 36
16 17
16 58
16 55
16 78
16 56
16 35
16 34
17 43
17 98
17 41
17 84
17 40
17 91
17 34
17 18
17 42
17 73
18 25
18 65
18 35
19 28
19 73
19 49
19 32
19 75
19 21
19 44
19 74
19 43
20 40
20 38
21 32
21 79
21 74
21 91
21 98
21 45
21 70
21 77
21 50
21 94
21 34
22 89
22 51
22 88
22 60
22 44
22 27
22 72
22 59
22 79
22 46
22 57
22 95
22 25
23 68
23 91
23 27
23 76
23 67
23 74
23 38
23 82
23 92
23 77
23 41
24 98
24 59
24 62
24 43
24 34
24 26
24 61
24 80
25 62
25 27
25 71
25 53
26 98
26 51
26 40
26 91
26 66
26 33
26 72
27 82
27 96
27 45
27 64
27 56
27 44
27 35
27 57
28 84
28 51
28 31
28 94
28 95
29 38
29 37
29 99
29 85
29 52
29 31
30 92
30 68
30 98
30 73
30 35
30 86
30 39
30 71
31 58
31 76
31 76
31 50
32 79
32 38
32 61
32 97
32 95
32 60
33 80
33 88
33 59
34 71
34 82
34 50
34 62
34 38
34 63
34 41
34 47
34 99
35 51
35 95
35 78
35 50
35 65
35 46
36 42
36 58
36 78
36 94
36 75
36 65
37 76
37 60
37 89
37 80
38 47
38 45
38 88
38 43
38 39
39 52
39 71
40 74
40 59
40 66
40 79
40 66
40 85
40 81
40 69
40 44
40 76
40 98
40 83
41 86
41 76
41 78
41 59
42 93
42 51
42 87
42 76
42 56
42 81
42 66
42 45
43 85
43 58
43 85
43 76
43 57
43 72
43 66
43 52
44 45
44 98
44 53
45 70
45 94
45 51
45 90
45 57
45 80
45 72
45 52
45 75
46 74
46 77
46 87
46 99
46 51
46 61
46 47
47 76
47 71
47 88
47 95
48 88
48 70
48 96
48 96
49 97
49 74
49 80
49 52
49 74
49 82
49 53
49 76
49 97
49 53
49 53
49 71
50 88
50 54
51 66
51 84
52 71
52 74
52 60
52 72
53 87
53 80
53 90
53 86
53 60
53 84
53 99
54 69
54 60
54 82
54 90
54 61
54 97
54 70
55 70
55 96
55 83
55 92
55 69
56 69
56 97
56 76
56 71
56 88
56 73
56 94
57 77
57 64
57 90
58 73
58 96
58 65
58 96
59 72
59 87
59 81
59 63
60 98
60 87
60 91
60 98
60 97
60 93
61 91
61 65
61 80
61 77
62 65
62 86
62 71
63 79
63 84
63 82
64 89
64 92
64 97
64 66
64 91
64 89
64 68
64 66
65 72
65 66
65 98
65 73
66 73
66 70
67 79
68 90
69 83
69 98
69 94
70 89
71 89
71 95
71 96
71 88
72 78
72 74
72 79
73 75
73 82
73 81
73 84
73 95
74 87
75 97
75 96
76 98
77 97
77 97
78 89
78 94
78 98
79 83
80 86
80 90
81 84
82 83
82 91
82 89
83 84
84 93
84 97
84 97
85 99
86 93
86 93
86 91
88 92
88 89
88 95
88 95
89 93
