0 51
0 40
0 69
0 70
0 37
0 27
0 99
0 82
1 71
1 20
1 50
1 15
1 98
1 19
1 49
1 20
2 78
2 45
2 90
2 64
2 45
2 16
2 91
2 95
2 79
2 31
3 95
3 35
3 93
3 45
3 56
3 33
3 4
3 47
3 56
3 82
3 93
3 31
3 12
3 62
4 98
4 86
4 9
4 79
4 84
4 95
4 36
5 18
5 47
5 67
5 95
5 85
6 50
6 17
6 90
6 73
6 58
6 99
6 42
6 58
6 94
6 34
6 93
6 72
6 61
7 97
7 34
7 51
7 67
8 65
8 75
8 42
8 44
8 61
8 50
8 28
8 35
8 55
8 39
8 43
8 49
9 64
9 85
9 82
9 78
9 47
9 47
10 64
10 84
10 37
10 33
10 34
10 65
10 57
10 19
10 44
10 26
11 81
11 83
11 67
11 78
11 42
11 94
11 17
11 91
11 95
11 54
11 52
12 44
12 96
12 36
12 50
12 25
12 45
12 41
13 44
13 18
13 46
13 23
13 52
13 77
13 68
13 21
13 65
14 20
14 31
14 16
14 98
14 80
15 42
15 31
15 57
15 24
15 79
15 17
15 57
15 85
15 21
15 83
16 31
16 70
16 84
16 71
16 73
16 86
16 87
16 68
16 21
16 67
16 88
17 36
17 44
17 45
17 45
17 30
17 97
17 31
17 63
17 96
17 29
17 41
18 43
18 97
18 93
18 98
18 90
18 70
18 45
18 87
18 68
18 29
18 42
18 98
19 65
19 46
19 52
19 38
19 52
19 56
20 45
20 43
20 33
20 46
20 54
20 66
20 53
21 54
21 35
21 70
21 75
21 29
21 44
21 39
22 78
22 43
22 83
22 28
22 91
22 39
22 44
22 27
23 24
23 72
23 95
23 50
23 46
23 65
24 68
24 98
24 28
24 47
24 48
24 79
24 69
24 89
25 84
25 85
25 54
25 33
25 88
25 29
25 96
26 94
26 90
26 95
26 65
26 28
26 79
26 65
26 36
27 32
27 88
27 55
27 98
27 53
27 41
27 78
27 55
27 47
27 43
27 48
28 90
28 69
28 42
28 70
29 89
29 93
29 30
29 36
29 33
30 81
30 33
30 72
30 77
30 83
30 49
30 89
31 94
31 95
31 97
31 50
31 61
31 42
32 78
32 95
32 66
32 44
32 91
32 85
32 44
32 96
32 62
32 79
33 81
33 63
33 43
33 88
33 61
34 58
34 35
34 78
34 91
34 91
34 46
34 91
34 57
34 52
35 46
35 77
35 92
35 36
35 85
35 98
35 52
35 75
35 42
35 67
36 80
36 95
36 76
36 74
36 79
36 98
36 87
37 90
37 58
37 39
37 43
38 53
38 60
38 47
39 57
39 93
39 76
39 73
39 57
39 69
39 41
39 69
39 50
39 54
39 75
39 95
40 62
40 82
40 63
40 72
40 49
41 53
41 50
41 94
41 64
42 73
42 90
42 62
42 63
42 76
42 92
43 53
43 99
43 56
44 46
44 60
44 49
44 62
44 90
44 93
44 79
44 82
45 84
45 75
45 68
45 78
45 71
45 95
45 77
46 95
46 64
46 97
47 70
47 88
47 55
47 72
47 56
47 58
48 78
48 75
48 55
49 92
49 65
49 76
50 66
50 73
50 83
50 82
50 80
50 61
50 78
50 53
50 51
50 76
50 85
50 59
51 75
51 61
51 67
51 85
51 65
51 85
52 59
52 59
52 71
52 89
52 64
52 86
53 98
53 91
53 90
54 82
54 95
54 63
54 73
55 82
55 60
55 70
55 95
55 67
55 82
56 79
56 57
56 80
57 68
58 60
59 78
59 65
59 74
59 77
59 85
59 96
59 95
59 66
60 63
60 86
60 94
60 90
61 63
61 82
61 72
61 66
62 75
62 75
62 88
62 91
62 73
64 67
65 83
65 74
65 80
66 68
66 67
66 67
66 90
66 90
67 88
67 75
67 89
67 70
68 94
68 74
69 91
69 74
69 99
69 90
69 85
70 93
70 84
71 93
71 86
71 92
71 72
72 73
72 92
73 83
73 86
73 80
73 95
73 90
74 99
74 98
75 93
76 98
76 93
77 82
77 84
77 88
78 91
78 90
78 87
78 80
79 84
81 94
81 91
81 88
81 96
83 91
83 94
84 98
84 87
84 93
85 94
87 88
88 95
88 98
88 91
90 99
91 99
91 94
92 93
93 97
93 94
