0 71
0 53
0 97
0 77
0 13
0 25
0 87
0 2
0 23
0 97
0 55
0 80
0 54
0 29
0 52
0 84
1 56
1 66
1 75
1 68
1 2
1 45
1 26
1 62
1 75
2 42
2 46
2 17
2 49
2 29
3 96
3 80
3 76
3 76
3 85
3 5
3 87
3 69
3 6
3 98
3 47
3 47
3 87
4 82
4 87
4 69
4 46
4 61
4 26
4 14
4 16
4 35
4 27
4 44
4 71
4 29
5 27
5 41
5 33
5 70
5 26
5 39
5 21
5 82
5 62
5 66
6 92
6 61
6 93
6 92
6 20
6 77
6 32
7 63
7 19
7 71
7 38
7 14
7 75
7 99
8 92
8 57
8 16
8 63
9 13
9 23
9 94
9 73
9 78
10 49
10 11
10 28
10 76
10 24
10 71
10 74
10 55
10 38
10 75
10 72
10 92
11 61
11 79
11 63
11 38
11 26
11 60
11 73
11 89
11 20
11 24
11 65
11 94
11 32
11 78
11 60
12 24
12 99
12 72
12 50
12 26
12 71
12 72
12 53
13 80
13 95
13 62
13 72
13 98
13 46
13 74
13 18
13 19
13 90
14 59
14 94
14 77
14 53
14 60
14 17
14 73
14 30
14 57
14 35
15 22
15 74
15 33
15 74
15 89
15 90
16 24
16 32
16 87
16 21
16 77
16 66
17 24
17 38
17 84
17 98
18 71
18 91
18 67
18 44
18 54
18 79
18 30
18 29
18 78
18 52
19 95
19 60
19 33
19 89
19 56
19 83
19 46
19 45
19 52
19 57
19 41
19 24
19 27
19 84
19 47
19 98
20 78
20 49
20 97
21 52
21 57
21 46
21 56
21 76
21 31
22 50
22 78
22 26
22 40
22 32
22 90
22 30
22 32
22 93
23 93
23 69
23 29
23 79
23 43
23 42
24 98
24 73
24 34
24 74
24 30
24 73
24 33
24 73
24 65
24 84
24 76
24 42
25 42
25 83
25 70
25 27
25 41
25 73
25 32
25 95
25 75
26 85
26 69
26 90
26 42
26 42
26 30
26 98
27 34
27 33
27 76
27 34
27 41
27 69
27 71
28 33
28 81
28 42
28 60
28 65
28 36
28 55
28 62
29 42
29 72
29 47
29 81
29 58
30 34
30 32
30 75
30 52
30 36
30 89
30 72
30 89
30 33
30 57
31 40
31 79
31 99
31 72
32 49
32 48
32 56
32 42
32 63
32 52
32 81
33 42
33 44
33 76
33 80
33 78
33 59
33 84
33 86
33 62
33 95
33 53
33 56
34 71
34 78
35 50
35 85
35 84
35 92
35 90
35 76
36 50
36 99
36 81
37 53
37 58
37 62
37 72
37 54
38 54
38 55
38 98
38 67
38 89
39 50
39 49
39 42
39 88
39 47
39 67
40 93
40 64
40 58
40 80
40 70
40 56
40 96
40 78
41 46
41 93
41 93
41 54
41 94
41 65
41 99
42 78
42 44
42 74
42 57
43 85
43 63
43 99
44 60
44 86
44 45
44 49
44 91
44 73
44 73
44 67
44 79
44 99
44 72
45 63
45 46
45 92
45 75
45 57
45 64
45 73
46 81
46 70
46 65
47 57
47 83
47 57
47 73
47 95
47 68
47 55
47 64
47 83
48 93
48 68
48 95
48 91
49 77
49 82
49 65
50 90
50 89
50 53
50 68
51 74
51 57
51 81
51 89
51 67
51 70
52 61
53 82
53 90
53 67
53 74
53 80
53 91
53 86
53 66
53 88
54 99
54 76
54 66
54 76
54 79
55 63
55 76
55 80
55 80
55 83
55 99
55 69
56 75
56 77
56 95
56 65
56 68
56 70
56 66
56 63
57 98
57 78
57 61
57 98
57 66
58 82
58 91
58 81
59 71
60 83
60 62
60 66
60 68
60 61
61 67
61 72
62 69
62 65
62 71
62 71
64 99
64 72
64 99
64 68
66 96
66 92
67 79
67 74
67 73
68 82
68 73
69 89
69 98
69 73
69 93
69 79
70 93
70 92
70 81
71 80
71 91
71 73
73 98
73 80
73 92
74 78
74 98
74 94
75 87
75 89
75 93
75 81
75 95
76 94
76 90
76 78
76 90
76 86
77 79
78 89
78 96
79 83
79 98
79 87
80 82
80 95
81 95
82 94
82 87
84 87
85 92
85 89
85 91
86 89
89 92
91 99
92 93
92 93
93 96
94 99
95 97
96 99
97 98
