0 4
0 5
0 34
0 8
0 71
0 59
0 50
0 94
0 57
0 28
0 45
0 41
1 79
1 42
1 38
1 2
1 95
1 35
1 46
1 51
1 31
1 57
1 81
1 7
1 14
1 56
2 35
2 46
2 24
2 61
2 90
2 88
2 91
3 94
3 29
3 9
3 7
3 50
3 81
3 56
3 65
3 5
3 65
3 81
3 78
3 76
3 5
4 19
4 88
4 31
4 63
4 8
4 41
4 36
5 60
5 32
5 80
5 21
5 57
5 10
5 78
5 70
5 14
5 17
5 15
5 95
5 43
5 70
5 47
6 73
6 90
6 13
7 65
7 58
7 70
7 34
7 15
7 33
7 62
7 26
7 83
7 19
8 70
8 75
8 18
8 33
8 97
8 21
8 52
8 20
8 32
8 61
8 85
9 30
9 87
9 84
9 41
9 74
9 97
9 74
9 18
9 19
9 12
9 75
9 24
10 92
10 43
10 68
10 24
10 72
10 60
10 12
10 37
10 50
10 52
10 63
10 76
10 58
10 78
11 78
11 13
11 46
11 91
11 35
11 49
12 88
12 23
12 35
12 37
12 42
12 52
12 81
12 69
12 98
12 27
12 50
12 20
13 84
13 16
13 23
13 58
13 34
13 61
13 51
13 38
14 29
14 30
14 40
14 71
14 52
14 74
15 88
15 88
15 70
15 60
15 33
15 43
15 61
15 38
15 55
15 68
15 72
16 96
16 81
16 94
16 47
16 33
16 52
16 22
17 96
17 96
17 48
17 58
17 25
17 77
17 46
17 75
18 97
18 86
18 43
18 41
18 78
18 44
18 42
18 98
18 39
19 73
19 29
19 29
19 94
19 91
19 86
19 88
19 47
19 37
20 57
20 24
20 68
20 82
20 24
20 40
20 50
20 49
20 87
20 82
20 84
21 75
21 51
21 22
22 80
22 63
23 96
23 59
23 50
23 48
23 85
23 60
23 38
23 42
23 40
24 29
24 41
24 57
24 35
24 37
24 99
24 95
24 25
24 73
24 94
24 70
24 78
24 78
24 99
24 85
24 62
24 38
25 42
25 50
25 58
25 37
25 90
25 40
25 53
25 79
26 36
26 62
26 27
26 63
26 36
26 27
26 73
26 38
26 82
27 66
27 30
27 32
27 65
27 76
27 99
27 40
28 58
28 57
28 56
28 31
28 78
28 69
28 31
28 65
28 65
29 61
29 83
29 51
29 82
29 34
29 54
29 95
29 55
30 48
30 72
30 72
30 82
30 38
30 34
30 38
30 79
31 82
31 93
31 74
31 43
31 54
31 93
31 85
31 72
32 77
32 46
32 80
32 89
32 51
32 60
32 42
33 40
33 45
33 64
33 52
33 58
34 45
34 54
34 93
35 88
35 90
35 72
35 60
36 48
36 98
36 62
36 91
36 94
37 39
37 92
37 74
37 89
37 95
38 95
38 58
38 78
38 55
38 88
39 73
39 97
39 45
39 61
39 53
39 45
39 97
40 63
40 81
40 58
40 74
40 99
41 74
41 95
42 88
42 63
42 82
42 53
42 62
42 55
43 86
43 59
44 95
44 78
44 45
44 65
44 45
45 59
45 55
45 57
45 59
46 94
47 89
47 99
47 90
47 54
48 95
48 92
48 95
48 51
48 94
48 87
48 80
48 85
49 61
49 72
49 66
50 61
50 75
50 58
50 94
50 71
50 91
50 99
51 52
51 63
51 65
51 84
51 77
51 73
51 86
51 76
52 94
52 77
52 53
52 97
53 87
53 58
53 77
54 60
54 78
54 71
54 66
55 69
55 79
56 81
56 73
56 75
56 61
57 77
57 89
57 80
58 70
58 68
58 73
58 96
60 67
60 88
60 81
60 61
60 97
60 61
61 82
61 95
61 87
61 65
61 69
61 65
62 94
62 70
63 77
63 72
64 90
64 66
64 90
65 99
65 75
65 66
66 88
66 69
66 81
66 75
66 87
67 71
67 72
67 73
68 90
68 88
68 74
68 87
69 89
69 74
69 86
70 94
70 97
70 76
70 81
70 78
71 83
71 89
72 87
72 87
73 89
73 93
73 82
74 91
74 88
74 86
75 83
75 81
76 96
76 98
77 86
77 92
77 96
78 87
78 89
78 79
78 87
79 84
80 87
80 85
80 90
80 89
80 99
81 89
81 92
82 92
82 96
82 90
82 93
85 95
85 90
86 91
86 94
86 99
87 94
87 89
88 89
91 93
92 96
92 94
