0 23
0 16
0 88
0 25
0 24
0 94
1 86
1 71
1 16
1 30
1 28
1 60
1 47
1 55
2 32
2 86
2 16
2 36
2 55
2 16
2 89
2 83
2 26
2 68
2 14
2 54
2 35
2 72
2 25
3 42
3 91
3 17
3 46
3 13
3 44
3 95
3 86
3 84
3 17
3 61
3 33
3 88
4 73
4 52
4 6
4 95
4 15
4 10
4 37
4 8
4 94
4 40
4 65
5 20
5 9
5 49
5 47
5 55
5 29
5 16
5 43
5 98
5 10
5 47
5 25
5 73
5 42
5 34
5 50
6 64
6 44
6 89
6 38
6 41
6 69
6 9
7 75
7 77
7 27
7 46
7 37
7 89
8 86
8 10
8 35
8 35
8 62
8 71
9 44
9 72
9 33
9 55
9 75
9 42
9 15
9 67
9 10
9 95
9 57
9 16
10 89
10 68
10 21
10 50
10 19
10 75
10 26
10 94
10 89
10 44
10 52
10 30
11 87
11 35
11 28
11 65
11 18
11 50
11 78
11 83
12 41
12 53
12 54
12 46
12 58
12 16
12 99
12 79
12 62
13 48
13 55
13 14
13 16
13 28
13 93
13 34
13 49
13 38
13 17
14 39
14 90
14 17
14 89
14 61
14 61
14 26
15 60
15 17
15 33
15 56
15 77
15 97
15 43
16 70
16 76
16 61
16 45
16 47
16 92
16 37
16 62
16 53
16 77
16 66
17 73
17 18
17 40
17 68
17 75
17 22
18 37
18 54
18 60
18 98
18 25
18 99
18 97
18 21
18 80
18 38
18 54
18 46
18 23
19 21
19 97
19 82
19 78
19 87
19 22
19 81
19 79
19 50
20 33
20 33
20 94
20 87
20 22
20 68
20 89
20 81
21 53
21 44
21 95
21 76
22 78
22 95
22 65
22 64
22 83
23 98
23 49
23 31
23 73
24 81
24 40
24 87
24 44
24 84
24 57
24 87
24 63
24 36
25 56
25 35
25 81
25 39
25 52
26 83
26 46
27 87
27 62
27 47
27 73
27 94
27 70
27 88
28 62
28 37
28 72
28 95
28 73
29 41
29 52
29 79
29 31
29 55
29 62
29 81
29 37
30 84
30 35
30 91
31 42
31 97
31 47
31 75
31 42
31 66
31 97
31 49
31 64
32 85
32 91
32 49
32 90
32 51
33 52
33 44
33 76
33 84
33 76
33 88
34 85
34 75
34 47
34 59
34 60
34 69
34 45
35 66
35 38
35 55
35 75
35 83
35 67
35 95
35 86
36 43
36 60
36 43
36 90
36 89
36 59
36 98
36 68
36 37
37 51
37 39
37 75
37 91
37 90
38 87
38 57
38 74
38 74
38 69
38 39
38 43
38 80
38 42
39 42
39 87
39 58
39 86
39 94
39 40
39 40
39 71
39 64
40 58
40 58
40 73
40 47
40 57
40 44
40 62
40 57
41 50
41 91
41 55
41 92
42 99
42 92
42 89
42 58
42 96
42 43
43 70
43 52
43 89
43 46
43 61
44 64
44 65
44 76
44 78
44 90
45 87
45 90
45 83
45 68
45 92
45 70
46 89
46 80
46 63
46 90
47 91
47 83
47 50
48 52
48 51
48 59
48 62
48 66
48 69
48 98
48 71
48 54
48 70
48 89
49 94
49 85
49 89
49 75
49 53
49 80
49 71
49 67
49 95
50 98
50 77
50 88
50 86
50 97
51 74
51 93
52 85
52 94
52 74
52 70
52 80
52 73
53 61
53 61
53 90
53 54
54 78
54 62
54 65
55 83
55 98
55 57
55 78
56 68
56 67
56 83
57 92
57 59
57 80
57 75
57 76
57 83
58 66
58 74
58 60
58 65
59 98
59 78
59 73
59 79
59 92
59 63
60 98
60 75
60 90
61 68
62 96
62 78
63 98
63 91
64 98
64 93
64 84
64 95
64 83
65 66
65 88
65 82
66 98
66 86
66 80
67 81
67 76
67 99
68 95
68 80
68 97
68 73
69 83
69 91
69 70
70 85
70 98
70 91
72 99
72 96
72 95
72 76
74 98
74 92
74 76
75 89
75 99
75 95
77 79
77 85
77 95
77 80
77 97
78 80
78 90
79 95
80 95
80 92
80 99
82 95
82 96
82 88
83 97
83 88
84 86
84 89
84 92
85 99
85 91
87 95
87 93
87 95
88 95
88 93
89 97
90 92
90 96
90 92
91 92
94 96
97 99
97 99
98 99
