0 41
0 13
0 38
0 94
0 52
0 57
0 12
0 14
0 60
0 42
1 56
1 72
1 38
1 33
1 58
1 2
1 11
1 86
1 5
1 85
1 68
1 34
2 16
2 44
2 97
2 53
2 13
2 60
2 71
2 35
2 7
2 42
2 4
2 5
3 90
3 7
3 80
3 26
3 23
3 7
3 45
3 62
3 92
3 40
3 47
4 22
4 11
4 10
4 47
4 33
4 34
4 55
4 14
4 60
4 24
4 25
5 31
5 12
5 97
5 59
5 19
5 13
5 67
5 64
5 33
5 58
6 97
6 89
6 25
6 42
6 9
6 13
6 30
7 57
7 18
7 29
7 76
7 43
8 31
8 90
8 51
8 9
8 92
8 83
8 60
8 79
8 77
9 36
9 95
9 24
9 72
9 38
9 17
9 74
9 50
9 95
9 30
9 39
10 50
10 31
10 35
10 26
10 65
10 20
10 26
10 45
10 43
11 99
11 19
11 89
11 91
11 94
11 68
11 92
11 99
11 47
11 81
12 34
12 56
12 76
12 65
12 78
12 75
12 20
12 46
12 14
12 97
12 30
13 97
13 39
13 34
13 45
13 83
13 73
13 50
13 37
13 16
13 33
13 85
13 47
13 27
14 28
14 22
14 35
15 74
15 27
15 71
15 38
15 47
15 84
15 86
15 18
15 53
16 72
16 34
16 68
16 68
16 39
16 93
16 58
17 97
17 22
17 76
17 87
17 47
17 31
17 64
17 20
17 73
18 75
18 19
18 54
18 92
18 85
18 43
18 68
18 21
19 84
19 70
19 65
19 77
19 35
20 74
20 93
20 67
20 84
20 70
21 96
21 40
21 40
21 57
21 37
21 84
21 98
21 96
21 76
21 80
21 55
22 56
22 53
22 97
22 29
22 61
22 29
22 66
22 56
22 80
23 31
23 47
23 74
23 50
23 82
23 26
23 72
23 38
24 56
24 28
24 40
24 80
24 33
24 83
25 99
25 34
25 42
25 49
25 66
25 37
25 95
25 74
25 31
25 63
25 99
25 47
25 56
26 85
26 89
26 71
26 44
26 54
26 54
27 77
27 95
27 77
27 82
27 79
27 61
27 47
28 35
28 68
28 67
28 57
28 68
28 94
28 50
28 68
29 63
29 32
29 30
29 42
29 68
29 54
29 69
30 90
30 75
30 37
30 55
30 56
30 45
30 93
30 82
31 67
31 69
31 97
31 45
32 43
32 82
32 69
32 73
32 60
32 52
32 58
33 74
33 74
33 60
33 56
33 91
33 95
33 52
33 89
33 51
33 69
34 50
34 64
34 74
34 96
34 65
34 82
35 56
35 85
35 58
35 50
36 51
36 64
36 65
37 64
37 63
37 71
37 69
38 54
38 59
38 39
38 58
38 39
38 99
38 84
38 58
39 96
39 90
39 56
40 89
40 85
40 85
40 88
40 78
40 61
40 72
41 85
41 76
41 94
41 66
41 99
41 53
41 91
41 56
42 55
42 44
42 84
42 79
42 49
43 99
44 45
44 65
44 45
44 78
45 56
45 58
45 48
46 71
46 62
46 93
46 56
46 94
46 71
47 52
47 56
47 72
48 70
48 81
48 62
48 52
49 83
49 63
49 61
49 83
49 72
49 77
50 77
50 83
50 91
50 82
50 68
50 78
50 63
50 94
51 69
51 60
51 60
51 94
52 78
52 56
52 86
52 63
52 64
52 74
52 58
52 89
53 99
53 95
53 64
53 96
53 83
53 77
54 61
54 80
54 74
54 75
54 82
54 79
54 77
54 55
54 90
55 80
55 87
55 95
56 70
56 84
56 86
56 85
56 76
57 85
57 78
57 82
57 69
58 96
58 78
58 60
58 93
58 69
59 98
59 70
59 93
59 93
59 76
60 84
60 79
61 75
61 78
61 72
61 71
61 83
62 82
62 66
62 68
63 72
63 82
63 95
63 90
63 76
63 91
64 90
64 90
64 73
64 81
64 92
64 92
64 84
65 84
65 68
66 99
66 93
66 90
67 92
69 97
69 78
69 73
70 81
70 91
71 92
71 98
71 86
72 86
72 97
73 77
73 94
73 91
73 87
74 76
74 97
74 79
74 98
74 78
75 79
75 94
76 94
76 92
77 84
77 99
78 87
78 93
80 88
81 91
81 85
82 88
83 94
83 94
84 97
85 95
85 96
86 88
86 96
86 93
88 92
88 91
88 89
91 93
92 95
93 98
94 95
95 99
95 99
