0 44
0 8
0 64
0 28
0 58
0 13
0 74
0 57
0 54
0 41
0 88
0 29
1 65
1 49
1 30
1 22
1 42
1 23
1 19
1 54
1 81
1 38
1 34
2 56
2 47
2 74
2 94
2 97
2 62
2 55
3 78
3 66
3 17
3 35
3 26
3 74
3 93
3 22
3 56
4 53
4 77
4 61
4 22
4 88
4 10
4 25
4 5
4 78
4 91
5 44
5 39
5 17
5 76
5 55
5 92
5 71
5 83
5 87
6 43
6 95
6 37
6 16
6 70
6 35
6 83
6 60
6 9
7 55
7 96
7 9
7 48
7 98
7 24
7 65
7 64
7 79
7 50
8 41
8 76
8 35
8 48
8 41
8 88
8 10
8 88
8 58
8 32
8 16
9 30
9 47
9 98
9 48
9 23
9 53
9 85
9 76
9 83
9 14
9 88
10 97
10 48
10 65
10 70
10 17
10 92
10 94
11 44
11 17
11 16
11 65
11 54
11 32
11 71
11 45
11 83
11 34
12 29
12 27
12 31
12 20
12 80
12 92
12 73
13 34
13 86
13 18
13 26
14 55
14 52
14 75
14 27
14 60
14 77
14 70
14 24
14 95
14 29
14 57
15 88
15 69
15 94
15 83
15 38
15 99
15 38
15 27
15 22
15 99
15 95
16 58
16 30
16 35
16 72
16 49
16 70
16 22
16 35
17 24
17 65
17 91
17 26
17 76
17 73
17 97
18 74
18 80
18 97
18 48
18 94
18 78
18 25
19 51
19 85
19 89
19 37
19 44
19 61
19 52
19 46
19 92
19 58
20 71
20 36
20 21
20 92
20 91
20 42
20 51
20 80
20 76
20 74
20 75
21 37
21 57
21 41
21 70
22 57
22 94
22 31
22 78
22 97
22 81
22 53
22 62
22 88
23 61
23 26
23 32
23 80
23 86
23 76
23 79
23 25
23 98
23 52
23 94
24 80
24 87
24 60
24 90
24 79
24 93
24 61
25 30
25 89
25 42
25 58
25 35
25 47
25 76
25 54
25 92
25 33
25 81
26 89
26 42
26 45
26 46
26 54
27 79
27 29
27 52
27 70
27 84
27 85
28 96
28 97
28 93
28 39
28 30
29 81
29 35
29 31
29 88
29 33
29 61
29 86
29 73
30 39
30 33
30 50
30 31
30 74
30 61
30 52
30 63
30 64
31 94
31 38
31 54
31 84
31 81
31 68
32 42
32 58
32 50
32 50
32 82
32 62
33 86
33 48
33 38
33 80
33 98
34 76
34 54
34 85
34 45
34 37
34 47
35 49
35 36
35 48
35 64
35 51
35 91
36 68
36 70
36 84
36 51
36 96
37 67
37 99
37 90
37 68
38 53
38 80
38 99
38 77
38 47
38 77
39 72
39 83
39 81
39 90
39 49
40 68
40 58
40 73
40 96
40 78
40 94
40 91
40 66
40 56
41 54
41 73
41 83
41 91
41 79
42 70
42 56
42 45
42 72
42 52
42 99
43 59
43 61
43 77
43 66
44 75
44 82
44 76
44 47
44 83
44 51
44 75
44 70
44 88
45 92
45 70
45 50
45 49
45 58
45 76
45 82
45 91
46 73
46 52
46 99
46 95
46 87
47 80
47 69
47 93
47 94
47 82
47 54
48 51
48 71
48 83
48 54
49 72
49 64
49 82
49 81
49 96
49 71
50 95
50 68
50 80
50 80
50 63
51 86
51 91
51 91
51 69
51 98
51 85
52 98
52 77
52 97
52 73
52 57
52 94
52 93
53 71
53 58
53 97
53 73
53 99
53 73
54 91
54 78
54 73
54 64
54 61
55 89
55 59
55 75
55 67
55 97
56 61
56 88
56 87
56 75
56 70
56 91
57 89
57 62
57 99
58 97
58 63
59 80
59 79
60 96
60 82
60 62
60 69
60 82
60 81
61 98
61 91
61 86
61 80
61 97
61 99
63 79
63 90
63 86
63 79
64 70
64 85
64 80
66 88
66 71
67 73
67 83
67 83
68 90
68 91
68 99
68 70
69 95
69 99
69 98
70 90
70 74
71 97
72 96
72 94
72 98
72 99
73 82
73 80
74 87
74 78
74 77
74 82
74 84
75 78
75 99
76 83
76 90
76 84
76 91
77 82
77 93
78 97
78 92
78 88
78 90
79 81
79 87
80 86
80 97
81 84
82 88
82 85
83 84
83 99
83 89
83 94
84 99
85 93
90 95
90 91
91 94
92 98
93 95
