0 15
0 66
0 54
0 81
0 3
0 49
0 81
0 92
0 74
0 70
0 29
0 63
0 65
0 61
0 38
0 97
0 24
1 92
1 81
1 84
1 51
1 14
1 27
1 63
1 58
1 82
2 65
2 79
2 33
2 65
2 72
2 17
2 81
2 91
2 97
2 31
2 55
3 59
3 56
3 97
3 7
3 17
3 91
3 27
3 65
3 38
3 39
3 18
3 71
4 88
4 69
4 98
4 55
4 92
5 25
5 15
5 31
5 16
5 24
5 37
5 91
5 59
5 51
5 12
5 24
5 61
6 57
6 96
6 33
6 32
6 20
6 45
6 83
6 62
6 69
6 58
7 81
7 67
7 43
7 42
7 18
7 16
7 60
7 89
7 63
7 17
7 31
7 24
7 9
7 42
7 37
7 15
7 40
7 78
7 33
7 40
7 70
7 86
7 17
8 48
8 29
8 46
8 29
8 23
8 28
9 20
9 45
9 47
9 81
9 34
9 56
9 51
9 63
9 42
10 12
10 95
10 98
10 26
10 94
10 63
10 86
10 56
10 51
10 41
10 35
10 81
10 38
10 51
10 29
11 54
11 56
11 98
11 47
11 40
11 75
11 93
12 22
12 13
12 22
12 73
12 15
12 71
12 18
12 85
12 33
12 25
13 47
13 43
13 61
13 25
13 27
13 99
13 43
13 32
13 77
13 27
13 89
13 59
13 73
14 95
14 65
14 93
14 49
14 68
14 59
15 73
15 66
15 51
15 48
15 29
15 49
15 59
15 24
15 85
15 35
15 58
15 73
15 78
15 60
15 73
16 21
16 47
16 48
16 49
16 50
16 17
16 61
16 79
17 30
17 50
17 89
17 65
17 58
17 98
17 50
18 61
18 62
18 29
18 19
18 24
18 50
18 68
18 29
18 28
19 71
19 78
19 80
19 75
19 62
19 53
19 91
19 60
20 53
20 88
20 80
20 31
20 98
20 60
20 50
20 32
21 49
21 84
21 99
21 78
21 76
22 73
22 93
22 34
22 72
22 72
22 49
23 45
23 44
23 55
23 54
23 92
23 54
23 55
23 57
23 84
23 45
24 57
24 29
24 60
24 66
24 47
24 54
25 51
25 92
25 48
25 44
25 67
25 67
25 32
26 81
26 32
26 66
26 80
26 49
26 77
27 50
27 80
27 98
27 72
27 62
27 82
27 55
27 91
28 29
28 53
28 62
28 48
29 53
29 81
29 97
29 59
29 68
30 47
30 83
31 52
31 96
31 99
31 47
31 93
31 98
31 86
32 48
32 75
32 94
32 94
33 97
33 42
33 78
33 37
33 98
33 35
33 97
33 37
34 43
34 75
34 44
34 74
34 41
35 95
35 55
35 39
35 78
35 60
35 37
36 42
36 38
36 43
36 71
37 77
37 46
37 74
37 45
38 60
38 99
38 55
38 81
38 89
38 88
38 50
39 67
39 47
40 74
40 53
40 88
40 41
40 43
40 87
41 58
41 79
41 49
41 42
41 90
41 62
41 54
41 90
42 45
42 47
42 46
42 89
42 59
43 59
43 81
43 51
43 91
43 89
44 60
44 51
44 73
44 89
45 53
45 49
45 67
46 70
46 96
46 90
46 98
46 79
46 57
46 68
47 52
47 86
47 60
47 98
47 79
47 71
48 94
48 57
48 76
48 82
49 94
49 72
49 99
49 84
49 67
49 75
49 63
49 86
49 83
50 97
50 77
50 80
50 76
50 70
50 78
50 90
50 53
50 84
50 76
50 97
51 73
51 90
51 56
51 55
51 96
52 68
52 63
52 64
52 58
53 68
53 85
54 62
54 72
55 74
55 65
55 88
55 74
56 59
56 60
57 66
57 96
57 89
58 95
58 89
58 67
59 85
60 99
60 78
60 66
61 98
61 90
62 64
62 95
62 71
62 94
62 90
63 76
63 64
63 66
63 64
63 86
65 96
65 70
65 95
65 70
65 81
65 79
65 97
65 72
65 66
66 76
66 68
66 97
66 98
66 72
66 93
66 94
66 88
67 74
67 74
67 88
67 95
67 70
67 82
68 94
68 82
69 84
69 83
69 99
69 82
69 93
69 82
70 78
70 80
70 77
71 95
71 89
71 96
73 93
73 86
73 86
73 98
73 74
74 97
74 93
75 76
76 88
76 99
77 78
77 89
78 81
78 97
78 97
79 86
79 91
81 93
83 84
84 96
85 91
85 88
85 91
86 90
86 93
87 91
88 96
95 96
