0 20
0 24
0 48
0 75
0 27
1 11
1 8
1 21
1 70
1 26
1 58
1 54
1 28
1 5
1 21
2 39
2 86
2 7
2 13
2 25
2 81
2 64
2 47
3 98
3 81
3 12
3 82
3 87
3 97
3 12
3 36
4 97
4 39
4 37
4 48
4 33
4 31
4 37
4 20
4 52
5 13
5 15
5 22
5 11
5 70
5 87
6 28
6 23
6 84
6 96
6 79
6 72
6 13
6 76
6 88
6 56
6 48
6 62
6 90
6 53
6 11
6 44
7 26
7 44
7 63
7 35
7 80
7 26
7 84
7 44
7 41
7 22
7 86
7 51
7 92
8 84
8 57
8 15
8 49
8 91
8 20
8 48
8 33
9 98
9 85
9 14
9 17
9 80
9 72
9 70
9 86
9 10
9 60
9 93
10 97
10 17
10 97
10 66
10 50
10 64
10 12
10 34
10 93
10 83
10 96
10 64
11 13
11 38
11 48
11 82
12 25
12 59
12 86
12 49
12 73
12 75
12 88
12 63
12 87
12 43
13 50
13 22
13 62
13 30
13 20
13 80
13 38
13 77
13 89
13 20
13 49
13 24
13 58
13 29
13 96
13 57
14 17
14 33
14 52
14 27
14 25
15 75
15 76
15 42
15 78
15 80
15 50
15 76
15 76
15 37
15 50
15 87
15 22
15 69
15 65
16 43
16 24
16 65
16 93
16 85
16 43
16 87
16 83
16 59
16 36
16 96
16 84
16 75
16 31
17 37
17 94
17 83
17 65
17 31
18 61
18 61
18 63
18 91
18 43
18 68
19 94
19 95
19 40
19 58
19 47
20 94
20 71
20 64
20 67
20 77
20 40
20 53
20 43
21 66
21 50
21 70
21 57
21 94
21 34
21 86
21 90
21 77
21 57
22 25
22 36
22 47
22 98
22 61
22 28
22 98
23 51
23 63
23 72
23 32
23 96
23 52
23 53
23 71
23 94
23 82
23 51
23 98
23 54
23 68
24 46
24 66
24 74
24 94
24 58
25 36
25 86
25 77
25 98
25 26
25 42
26 40
26 99
26 60
26 32
27 57
27 92
27 78
27 75
27 80
28 60
28 51
28 85
28 64
28 44
28 57
29 98
29 62
29 83
29 50
29 79
29 36
29 43
29 53
29 54
30 56
30 94
30 89
30 92
30 81
30 67
30 73
30 48
31 59
31 96
31 93
31 51
31 93
31 94
31 90
31 44
31 55
32 51
32 44
32 51
32 42
32 53
32 91
33 78
33 81
33 43
33 70
33 63
34 93
34 87
34 37
34 83
34 51
35 37
35 40
35 54
35 97
35 59
35 48
35 65
35 57
36 50
36 38
36 58
36 65
36 64
36 51
36 53
37 60
37 54
37 66
37 45
37 83
37 91
38 46
38 96
38 66
38 66
39 88
39 98
39 83
40 79
40 91
40 87
40 98
40 54
41 76
41 63
41 86
41 78
41 75
41 87
41 78
41 66
42 56
42 97
42 48
42 70
42 90
42 91
43 95
43 89
43 54
43 79
44 98
44 72
44 83
44 45
45 77
45 94
45 67
45 65
45 54
45 91
45 67
46 70
46 67
46 60
46 78
47 54
47 85
47 56
47 86
47 91
47 48
47 94
47 67
48 66
48 69
48 56
49 98
50 62
50 91
50 93
50 92
50 83
50 96
51 71
51 94
51 86
51 76
51 63
51 70
51 84
51 57
52 98
52 83
52 98
52 58
53 61
53 86
54 91
54 84
54 76
55 88
55 99
56 72
56 79
56 60
56 99
57 91
57 94
58 91
58 96
58 61
59 71
59 99
59 72
59 91
59 66
60 62
60 90
60 68
60 65
60 77
60 66
61 86
61 83
61 68
62 77
62 64
62 90
62 83
63 96
63 95
64 95
64 93
64 73
65 84
65 76
65 96
65 72
65 84
65 74
65 72
65 97
66 88
66 71
66 83
66 95
66 69
66 71
67 90
67 75
67 98
67 68
68 97
68 96
68 97
69 89
69 81
70 72
70 77
70 87
71 90
71 82
71 81
71 75
71 85
71 74
71 91
72 89
72 93
72 88
72 84
73 90
73 97
73 79
74 76
76 99
76 81
77 78
77 87
78 86
78 85
78 98
79 80
79 86
80 88
80 87
81 91
82 88
82 94
83 98
83 84
85 95
85 99
85 96
86 98
86 88
86 94
86 91
86 98
87 95
87 99
89 91
89 98
90 93
91 99
92 93
95 99
