0 40
0 37
0 69
0 61
0 86
0 41
0 58
0 34
0 37
0 30
0 99
0 7
1 72
1 29
1 71
1 97
1 58
1 66
1 94
1 79
1 34
1 18
1 36
1 57
2 10
2 90
2 79
2 35
2 63
2 55
2 90
2 90
2 75
2 22
2 10
3 32
3 23
3 6
3 84
3 44
3 36
3 31
3 84
3 74
4 91
4 43
4 18
4 23
4 70
4 7
4 90
4 81
5 42
5 66
5 74
5 6
5 53
6 96
6 45
6 72
6 24
6 59
7 17
7 73
7 58
7 69
7 98
7 68
8 49
8 41
8 40
8 21
8 82
8 35
8 23
8 80
8 73
9 81
9 47
9 49
9 23
9 33
9 23
9 94
9 85
9 89
9 12
10 22
10 61
10 35
10 12
10 75
10 87
11 31
11 17
11 71
11 52
11 49
11 20
11 40
11 73
12 28
12 63
12 43
12 90
12 69
12 78
12 81
12 95
12 36
12 68
12 49
12 73
12 95
12 81
13 39
13 79
13 52
13 22
13 15
13 66
13 47
13 15
13 33
13 79
13 65
13 69
13 22
14 75
14 33
14 75
14 48
14 35
14 29
14 64
14 68
14 62
14 65
14 70
14 54
15 30
15 65
15 16
15 91
15 80
15 95
15 34
15 17
15 97
15 76
15 81
15 66
15 50
16 79
16 47
16 18
16 69
16 84
16 62
16 24
16 48
16 89
16 54
17 51
17 57
17 60
17 41
17 94
17 48
17 83
17 65
17 89
17 57
17 72
17 47
18 33
18 55
18 30
18 53
18 19
18 96
18 79
18 27
19 81
19 85
19 20
19 93
19 45
19 27
19 55
20 23
20 34
20 39
20 31
20 71
20 78
20 43
20 65
20 23
20 83
21 33
21 77
21 66
21 91
21 80
21 29
21 58
21 73
21 42
21 47
21 42
22 67
22 47
22 43
22 66
22 52
22 27
22 31
22 35
23 28
23 76
23 30
23 67
23 36
23 73
24 27
24 75
24 72
24 26
24 88
25 88
25 43
25 66
25 81
25 38
25 75
25 51
26 98
26 35
26 72
26 40
26 47
26 90
26 27
26 53
26 99
27 50
28 90
28 35
28 96
29 34
29 72
29 59
29 47
29 33
29 78
30 95
30 85
30 75
30 42
30 87
30 58
31 88
31 34
31 73
31 90
31 54
31 69
31 80
32 58
32 38
32 53
32 54
32 64
32 91
32 37
32 45
32 75
32 87
33 56
33 74
33 85
33 42
33 70
33 88
33 60
33 65
33 51
34 67
34 69
34 81
34 54
34 77
34 75
34 92
34 53
34 82
35 91
35 51
35 77
35 73
35 46
35 51
35 68
35 41
36 66
36 98
36 57
36 77
37 58
37 67
37 95
37 66
37 88
37 39
38 74
38 84
38 67
38 79
38 68
38 70
39 68
39 78
39 87
39 51
40 72
40 69
40 56
40 68
40 83
40 47
40 41
41 61
41 94
41 42
42 62
42 54
42 83
42 57
42 46
42 48
42 97
42 62
43 47
43 98
43 55
43 49
44 71
44 85
44 98
44 50
44 53
44 50
45 87
45 52
45 72
45 96
45 76
46 95
46 53
46 72
46 90
46 72
46 55
47 84
47 57
47 79
48 56
48 54
49 86
49 62
49 60
49 54
49 60
50 69
50 74
50 76
50 75
50 73
51 86
51 67
52 77
52 82
52 61
52 76
52 62
52 73
53 70
53 56
53 94
53 63
53 71
54 97
54 99
54 66
54 63
54 91
55 75
55 59
55 92
55 79
55 96
55 79
55 77
55 82
56 67
56 89
56 76
56 85
56 87
56 82
57 85
57 82
58 82
58 92
58 65
58 74
58 83
59 81
59 80
59 70
60 84
60 96
61 92
61 97
61 65
62 73
62 63
62 74
62 73
62 81
63 66
63 70
63 93
64 95
64 71
64 97
64 75
64 70
64 65
65 90
65 71
65 93
66 72
66 91
66 98
67 77
67 97
68 89
68 69
68 79
68 74
68 99
69 85
69 89
69 73
70 77
70 91
70 98
70 96
70 77
71 92
71 88
71 73
72 96
73 84
73 90
73 76
73 85
74 84
74 85
74 99
75 82
75 84
76 81
77 91
78 80
78 96
78 94
79 87
79 91
79 97
80 84
80 86
80 97
81 92
81 95
81 84
81 85
81 87
81 85
81 93
84 85
85 90
86 87
89 90
93 95
93 94
95 99
96 98
