0 19
0 80
0 52
0 31
0 12
0 40
0 9
0 90
0 99
0 67
0 46
0 7
0 83
1 16
1 40
1 46
1 58
1 12
1 80
1 61
1 27
1 2
1 89
2 94
2 88
2 57
2 19
2 16
2 58
3 13
3 81
3 69
3 13
3 34
3 10
3 99
3 41
3 61
3 87
3 21
3 13
3 66
3 42
3 41
4 31
4 70
4 38
4 97
4 99
4 95
4 43
4 13
4 11
4 98
4 40
5 17
5 14
5 70
5 23
5 56
5 98
5 77
5 69
5 68
6 30
6 35
6 76
6 49
6 47
6 70
6 38
6 70
6 20
7 95
7 79
7 60
7 26
7 93
7 28
7 16
7 37
7 28
7 46
7 48
7 32
7 37
7 95
8 77
8 88
8 15
8 62
8 43
8 51
9 82
9 29
9 41
9 41
9 22
9 89
9 80
9 76
9 40
9 65
9 22
9 14
9 10
9 46
10 75
10 57
10 40
10 59
10 20
10 67
11 80
11 31
11 58
11 51
11 24
11 69
11 89
11 67
12 22
12 42
12 56
12 88
12 93
12 13
12 99
12 27
12 48
12 13
12 79
13 55
13 69
13 72
13 95
13 91
13 89
13 62
14 70
14 46
14 59
14 58
14 93
14 49
14 16
14 36
14 38
15 49
15 17
15 42
15 20
15 36
15 20
15 72
15 57
16 50
16 45
16 98
16 22
16 54
16 40
16 55
16 59
16 24
16 36
16 91
16 73
17 47
17 51
17 55
17 49
17 24
17 62
17 80
17 56
17 57
18 39
18 81
18 30
18 21
18 60
18 48
18 99
19 60
19 78
19 38
19 38
19 62
19 22
20 68
20 53
20 35
20 70
21 87
21 88
21 36
21 56
21 41
21 41
21 67
21 54
21 50
21 54
22 58
22 64
22 86
22 41
22 35
22 25
23 89
23 40
23 63
23 28
23 32
23 76
23 51
23 74
23 67
23 82
24 89
24 60
24 55
24 38
24 50
24 66
24 35
24 44
24 53
24 84
25 27
25 58
25 70
25 54
25 80
25 28
25 71
25 60
25 52
26 88
26 28
26 28
26 65
26 75
26 30
27 63
27 36
27 68
27 95
27 83
27 76
27 50
27 66
28 44
28 86
28 43
28 90
29 30
29 79
29 80
29 37
29 53
29 89
29 73
29 45
29 75
30 89
30 50
30 89
30 31
30 76
30 37
30 53
30 81
30 88
30 52
30 96
31 61
31 45
31 79
31 99
31 39
31 44
31 90
31 53
32 71
32 44
32 61
32 39
32 46
32 73
32 39
32 36
32 58
33 80
33 93
33 49
33 57
33 66
33 86
34 51
34 92
34 86
34 62
34 61
34 61
34 50
35 41
35 51
35 65
36 56
36 64
36 96
36 62
36 56
36 71
36 85
36 87
36 85
37 96
37 84
37 59
37 38
38 39
38 98
38 83
38 70
38 66
39 79
39 89
39 52
39 61
39 96
39 68
39 63
39 97
39 64
39 76
39 90
39 62
39 91
40 89
40 47
40 65
40 44
41 60
41 64
41 91
41 53
41 78
41 73
41 75
42 82
42 49
42 52
42 53
42 86
42 74
42 59
43 87
43 67
43 98
43 75
43 63
43 93
44 99
44 51
45 86
45 55
45 94
45 77
45 50
46 83
46 67
46 80
46 95
46 56
47 68
47 84
47 64
47 75
48 79
48 77
48 65
48 55
48 59
49 68
49 91
49 86
49 81
49 93
49 97
49 56
50 67
50 77
50 82
50 58
51 73
51 66
51 96
51 72
52 60
52 53
52 74
52 83
53 81
53 67
53 62
53 55
53 87
53 79
53 63
55 63
55 77
55 64
55 97
56 85
56 86
56 67
56 63
56 60
56 88
57 80
57 65
57 86
57 68
57 97
59 95
59 85
59 69
59 66
60 74
60 72
60 85
60 73
61 83
61 62
61 93
61 97
62 63
62 83
62 83
63 67
63 99
64 71
64 77
64 69
65 86
65 98
65 95
66 78
66 98
66 71
67 79
67 78
67 90
67 90
67 95
67 70
68 90
69 84
69 85
69 70
69 75
70 98
70 90
71 88
72 93
72 87
72 91
72 77
73 83
73 99
73 83
74 96
74 94
74 78
74 95
74 86
75 91
75 89
76 90
76 98
77 82
77 84
79 94
80 86
80 93
82 94
82 90
83 97
86 93
87 94
87 93
88 94
90 93
94 98
96 99
96 99
96 98
