0 94
0 56
0 71
0 86
0 51
0 65
0 95
1 63
1 36
1 31
1 20
1 83
1 15
1 6
1 2
1 27
1 22
1 97
2 79
2 95
2 56
2 53
2 93
2 4
2 77
3 59
3 73
3 24
3 87
3 31
3 32
3 82
3 81
3 26
3 7
3 59
4 84
4 85
4 64
4 56
4 87
4 59
5 11
5 81
5 50
5 18
5 54
5 24
5 50
5 65
5 9
5 34
5 27
5 39
6 44
6 25
6 55
6 32
6 72
7 16
7 28
7 32
7 39
7 78
7 61
7 93
7 67
8 44
8 27
8 13
8 74
8 89
8 40
8 76
8 93
8 26
9 62
9 20
9 64
9 38
9 23
9 72
9 21
9 41
9 58
9 73
10 46
10 78
10 40
10 59
10 57
10 37
10 40
10 72
10 24
10 37
10 32
10 41
10 20
11 55
11 51
11 16
11 28
11 95
11 97
11 99
11 73
11 70
11 53
11 58
11 62
11 27
11 16
11 56
11 67
12 30
12 53
12 86
12 96
12 90
12 52
12 13
12 66
13 17
13 80
13 33
13 72
13 60
14 87
14 55
14 43
14 85
14 72
14 58
14 37
14 87
14 75
15 61
15 53
15 22
15 43
15 75
15 57
15 64
15 50
15 77
15 56
15 85
15 99
15 48
15 53
16 86
16 68
16 25
16 62
16 70
16 39
16 33
16 74
16 47
17 58
17 78
17 23
18 38
18 82
18 75
18 81
18 40
18 90
18 59
18 30
18 27
18 94
18 83
18 27
18 88
18 93
19 42
19 38
19 68
19 32
19 43
20 82
20 54
20 77
20 50
20 24
20 29
20 34
20 90
21 55
21 71
21 28
21 77
21 78
21 96
21 87
21 53
21 24
22 41
22 59
22 82
22 24
22 91
23 77
23 69
23 68
23 80
23 96
23 39
23 53
24 44
24 49
24 61
25 51
25 53
25 31
25 85
25 60
25 91
25 87
25 40
25 52
25 36
26 34
26 43
26 95
26 82
26 63
27 78
27 93
27 97
27 95
27 67
27 66
28 96
28 46
28 67
28 90
28 93
28 42
28 87
28 65
28 35
28 58
29 41
29 77
29 51
29 45
29 32
29 89
29 56
30 76
30 88
30 47
30 94
30 62
30 75
30 88
31 72
31 82
31 55
31 48
31 69
31 99
32 63
32 45
32 88
32 99
32 73
32 40
32 68
33 60
33 81
33 52
33 75
33 96
33 47
33 80
33 40
34 87
34 80
34 82
34 46
34 99
34 77
35 74
35 73
35 46
35 64
35 76
36 56
36 65
36 63
36 68
36 47
36 50
37 93
37 71
37 60
37 57
38 63
38 84
38 45
39 63
39 60
39 78
39 66
39 46
40 57
40 93
41 91
41 52
41 99
41 43
41 99
41 55
42 77
42 71
42 97
42 95
42 73
42 79
42 49
42 47
43 56
43 69
43 48
43 45
43 90
44 92
44 84
44 46
44 63
44 74
45 53
45 72
45 92
45 91
45 69
45 48
46 74
46 61
46 55
46 68
46 66
46 58
47 87
47 91
47 91
47 97
47 97
47 65
47 83
48 75
48 88
48 76
48 65
49 68
49 77
49 77
49 79
49 69
49 93
50 91
50 53
50 61
50 83
50 91
50 76
50 56
50 56
50 66
51 97
51 88
51 75
51 79
52 83
52 59
52 65
52 62
52 87
52 62
52 64
52 54
53 77
53 84
53 74
53 97
54 85
54 80
54 67
54 58
55 93
55 64
55 63
55 80
55 76
55 75
56 90
56 73
56 64
56 74
56 58
56 68
56 90
56 98
56 61
57 96
57 83
57 59
58 82
58 72
58 76
58 90
58 73
59 82
59 97
59 83
59 86
60 80
60 67
60 69
60 84
60 93
60 66
62 85
62 97
63 78
63 75
63 70
63 82
63 86
63 76
63 84
64 94
64 72
64 71
65 85
65 77
65 85
65 74
65 88
66 97
66 94
66 68
67 68
67 88
68 84
68 78
68 87
69 82
69 93
69 86
70 76
70 76
70 81
70 98
70 83
71 82
71 87
71 83
72 94
72 91
73 74
73 80
73 79
74 87
74 93
75 83
75 84
76 83
77 86
77 83
78 87
78 86
79 94
79 92
81 98
82 91
82 90
84 90
86 87
87 89
87 92
87 93
87 96
88 93
88 92
88 99
89 90
89 90
91 99
92 95
92 98
92 95
93 95
94 97
94 95
96 99
