0 39
0 54
0 5
0 34
0 96
0 53
0 12
0 45
0 68
0 4
1 6
1 13
1 50
1 30
1 6
1 23
1 88
1 5
1 73
2 74
2 4
2 18
2 76
2 23
2 19
2 85
2 77
2 73
3 18
3 12
3 38
3 41
3 32
3 6
3 91
3 44
4 59
4 88
4 29
4 54
4 37
4 84
4 15
4 24
4 89
5 82
5 18
5 45
5 61
5 31
5 38
5 43
5 47
5 79
5 83
5 22
6 76
6 62
6 35
6 79
6 60
6 96
7 98
7 55
7 28
7 15
7 36
7 12
7 18
7 18
7 60
7 18
7 78
7 53
7 36
7 23
8 36
8 95
8 92
8 34
8 64
8 95
8 34
8 38
9 26
9 11
9 10
9 67
9 39
9 29
9 57
9 92
9 31
9 89
10 22
10 39
10 33
10 45
10 44
10 80
10 32
10 95
10 28
11 81
11 69
11 45
11 88
11 79
11 28
11 39
11 58
11 20
11 92
11 70
11 16
11 94
11 63
12 58
12 57
12 52
12 55
12 33
12 66
12 53
12 21
12 69
12 45
12 19
12 19
12 25
13 14
13 23
13 61
13 52
13 22
14 93
14 50
14 70
14 73
14 41
14 30
14 73
14 60
14 19
14 95
15 71
15 56
15 79
15 94
15 74
15 34
15 72
16 33
16 71
16 26
16 82
16 73
16 80
16 86
16 71
16 43
17 29
17 53
17 29
17 79
17 26
17 19
17 28
17 59
18 44
18 58
18 71
18 25
18 67
18 46
18 86
18 38
18 52
18 98
18 64
18 86
19 72
19 97
19 77
20 83
20 51
20 78
20 86
20 33
20 91
20 66
20 73
21 65
21 42
21 94
21 71
21 25
21 59
22 84
22 27
22 53
22 52
22 91
23 92
23 96
23 85
23 57
23 90
23 46
23 88
24 89
24 99
24 44
24 92
24 67
24 89
24 64
24 77
25 68
25 45
25 89
25 53
25 37
25 71
25 33
26 64
26 97
26 82
26 79
26 41
26 37
26 71
26 39
26 38
26 58
27 90
27 28
27 56
27 35
27 28
27 51
27 71
27 57
27 43
28 75
28 88
28 69
28 82
29 79
29 55
29 31
30 93
30 74
30 66
30 99
30 90
30 55
30 49
30 40
30 61
30 74
30 76
30 93
30 50
31 84
31 48
31 35
31 35
31 77
32 49
32 98
32 75
32 80
33 40
33 60
33 61
33 84
33 93
33 38
33 78
34 75
34 50
34 93
34 53
34 87
34 50
35 93
35 47
35 51
35 50
35 94
35 86
36 88
36 56
36 55
36 51
36 90
37 81
37 66
37 88
37 56
37 42
37 50
37 57
38 73
38 46
38 77
38 77
38 51
39 89
39 66
39 83
40 79
40 98
40 85
40 68
40 93
40 77
40 90
41 64
41 47
41 82
41 79
41 62
41 47
41 68
41 76
41 80
41 47
41 67
42 68
42 61
42 62
42 49
42 89
42 87
43 92
43 70
43 83
43 64
44 66
44 75
45 70
45 77
45 73
45 59
45 70
46 59
46 68
46 87
46 83
46 90
46 83
47 81
47 86
47 90
47 66
47 51
48 79
48 69
48 63
48 97
49 86
49 65
49 91
49 82
49 95
49 96
49 69
49 72
49 52
49 61
49 74
49 79
49 74
49 55
50 83
50 81
51 72
51 91
51 85
51 67
52 60
53 83
53 71
53 89
53 73
53 90
53 73
54 90
54 79
55 86
55 89
55 86
55 74
55 90
55 74
55 91
56 88
56 60
56 89
56 73
56 80
56 60
57 81
57 73
57 97
57 60
58 68
58 88
59 88
59 97
59 71
59 72
59 76
59 61
59 62
60 92
60 69
60 87
61 67
61 86
61 90
61 98
61 70
61 77
62 67
62 63
62 83
63 92
63 75
64 93
64 88
64 86
65 87
65 90
65 81
65 93
65 72
66 79
66 91
66 98
66 78
67 99
67 78
67 95
68 73
68 74
68 78
68 86
69 77
69 82
69 92
70 83
70 83
70 83
70 98
71 77
71 88
71 82
71 92
71 74
71 81
72 84
72 93
72 89
72 99
74 75
74 88
74 86
75 94
75 93
75 87
76 84
76 79
77 91
77 90
77 95
77 93
78 90
79 87
79 96
79 87
79 92
81 98
82 86
82 98
83 85
83 97
84 96
85 96
85 94
86 95
87 97
89 90
91 97
91 96
95 98
95 97
96 99
