0 47
0 39
0 71
0 39
0 45
0 2
0 52
0 27
0 16
0 38
1 35
1 3
1 12
1 92
1 83
1 17
1 56
1 85
2 28
2 53
2 94
2 63
2 44
2 14
2 70
2 8
2 41
2 19
2 18
2 97
2 85
2 79
3 92
3 6
3 30
3 53
3 62
3 96
3 77
3 9
3 8
3 35
3 99
4 94
4 29
4 92
4 79
4 35
4 30
4 25
4 58
4 59
4 58
4 86
5 95
5 20
5 95
5 82
5 34
5 57
5 33
5 49
5 83
5 22
5 36
6 80
6 58
6 85
6 77
7 19
7 56
7 92
7 11
7 95
7 86
7 64
7 85
7 63
7 15
7 13
8 37
8 93
8 90
8 64
8 10
8 12
8 32
8 54
8 67
8 47
8 30
8 19
8 18
9 89
9 68
9 68
9 97
9 13
9 70
10 61
10 60
10 41
10 55
10 86
10 72
10 46
11 46
11 58
11 27
11 99
11 30
11 80
11 57
11 43
11 22
11 29
11 77
11 66
11 18
12 27
12 89
12 22
12 96
12 41
12 92
12 56
12 22
12 60
13 67
13 26
13 63
13 83
13 30
13 58
13 25
13 18
13 44
13 99
13 89
13 98
13 99
14 87
14 27
14 74
14 38
14 95
14 55
14 60
15 78
15 59
15 23
15 21
15 38
15 78
15 23
15 99
15 75
16 33
16 55
16 60
16 25
16 72
16 97
16 85
16 85
17 58
17 35
17 87
17 56
17 80
17 55
17 73
18 86
18 84
18 22
18 69
18 53
18 58
18 68
18 95
19 96
19 47
19 60
19 53
19 68
19 46
19 58
19 63
19 45
19 76
19 56
19 37
20 62
20 81
20 69
20 71
20 73
20 96
20 90
21 87
21 45
21 95
21 87
21 78
21 22
21 74
21 92
21 69
22 27
22 69
22 53
22 88
22 85
22 49
22 66
22 60
22 62
22 47
23 90
23 54
23 58
23 58
24 79
24 36
24 33
24 49
24 70
24 58
24 52
24 96
25 32
25 93
25 59
25 32
25 44
25 51
25 32
26 31
26 41
26 66
26 50
26 70
27 38
27 29
27 70
27 92
27 29
27 28
27 35
27 58
27 53
27 87
27 85
28 31
28 64
28 59
28 76
28 34
28 70
28 89
29 86
29 77
29 45
29 99
29 32
29 93
29 59
30 75
30 34
30 74
30 95
30 51
30 75
31 77
31 94
31 64
31 36
31 67
31 81
32 71
32 73
32 91
32 99
32 77
32 46
33 90
33 52
33 96
33 57
33 63
33 88
33 65
34 83
34 37
34 48
34 73
34 43
35 52
35 86
35 62
35 52
35 98
35 72
35 53
36 51
36 53
36 38
36 41
37 42
37 76
37 98
37 75
37 84
37 82
37 41
37 78
37 49
37 48
38 55
38 70
38 64
38 62
38 83
38 88
38 86
38 99
39 86
39 60
39 72
40 95
40 58
40 78
41 78
41 74
41 98
41 88
41 90
41 90
41 44
41 96
41 99
41 99
42 92
42 76
42 89
43 67
43 47
43 86
43 51
44 47
44 55
44 93
44 47
44 68
45 91
45 90
45 74
45 73
45 91
46 90
46 57
46 97
46 72
46 51
46 58
47 51
47 70
47 50
47 60
47 68
47 66
48 61
49 60
49 85
49 83
49 70
49 76
50 72
50 56
50 78
50 52
50 56
50 71
51 56
51 80
51 91
51 57
51 62
51 59
52 82
52 76
52 93
53 57
53 59
53 82
53 71
53 72
54 84
54 93
54 82
54 87
55 92
55 63
55 82
56 79
56 61
56 92
56 74
56 94
56 81
56 60
56 84
56 72
56 81
57 86
57 61
57 62
57 66
57 71
58 98
58 72
58 89
58 84
58 89
58 97
58 61
59 97
59 60
59 86
59 88
60 63
60 87
60 99
61 99
62 81
62 78
62 83
63 73
63 94
64 81
65 78
65 98
65 83
65 72
65 84
65 71
66 86
66 67
66 95
66 77
66 71
67 68
67 77
68 70
68 94
68 84
69 92
69 78
69 79
69 81
69 71
70 93
70 76
70 77
71 76
71 91
71 96
71 78
72 73
72 83
73 92
74 84
74 83
74 87
75 93
75 83
76 96
77 79
77 94
78 79
78 88
78 79
78 82
78 80
79 83
79 91
79 94
79 93
80 95
81 87
83 92
84 99
85 96
85 87
88 99
90 92
91 94
93 99
93 95
95 97
