0 15
0 22
0 53
0 67
0 67
0 69
0 75
0 55
0 88
0 98
0 41
0 21
0 9
0 61
0 10
1 12
1 64
1 83
1 14
1 21
1 3
2 55
2 28
2 70
2 84
2 68
2 63
2 34
3 82
3 29
3 45
3 80
3 65
3 97
3 29
3 66
3 12
3 16
4 72
4 16
4 31
4 76
4 11
4 6
4 50
4 38
5 37
5 57
5 38
5 6
5 17
5 56
5 11
5 62
5 56
5 40
5 47
6 97
6 37
6 76
6 22
6 63
6 58
6 16
6 61
6 60
6 78
6 55
6 95
7 19
7 26
7 17
7 99
7 54
8 91
8 26
8 19
8 78
8 22
9 63
9 48
9 43
9 49
9 87
9 60
9 57
9 42
9 75
9 35
9 35
9 97
9 78
9 78
10 22
10 25
10 51
10 48
10 21
11 39
11 78
11 40
11 30
11 82
11 51
11 63
12 36
12 28
12 71
12 18
12 77
12 96
13 35
13 59
13 93
13 53
13 58
13 20
13 71
13 26
13 20
14 92
14 18
14 31
14 76
14 83
14 41
14 52
14 31
14 69
14 43
14 41
14 92
15 41
15 90
15 56
15 16
15 88
15 45
15 38
15 73
15 41
15 99
16 90
16 88
16 27
16 55
16 27
16 40
16 97
16 78
17 36
17 65
17 75
17 54
18 54
18 97
18 70
18 24
18 42
18 97
18 33
18 37
18 62
18 25
18 50
18 35
19 33
19 62
19 44
19 31
19 30
19 58
19 64
19 45
19 72
20 35
20 24
20 57
20 53
20 22
20 91
21 63
21 27
21 59
21 46
21 88
21 97
21 85
21 94
21 82
21 76
21 89
21 63
21 88
21 38
22 92
22 93
22 97
22 29
22 95
22 67
22 90
22 43
22 74
22 24
22 85
22 87
23 63
23 40
23 37
23 94
23 36
24 35
24 90
24 43
24 79
24 37
24 25
24 93
24 25
25 57
25 41
25 73
26 92
26 88
26 30
26 53
26 67
26 29
26 54
26 62
27 35
27 34
27 65
27 48
27 90
27 73
28 74
28 46
28 40
28 38
28 82
28 96
28 95
29 51
29 49
29 77
29 55
29 59
29 31
30 86
30 99
30 43
30 69
30 88
30 50
30 65
30 61
31 61
31 47
31 90
31 90
31 55
31 59
31 57
31 69
31 55
31 73
31 50
32 61
32 41
32 51
32 93
32 75
33 61
33 55
33 42
33 53
33 91
33 99
34 92
34 59
34 57
34 84
34 85
35 82
35 81
35 43
35 86
35 61
36 49
36 37
36 38
36 64
36 49
36 45
36 37
36 42
37 41
37 49
37 84
37 84
37 87
37 53
37 51
37 60
38 90
38 75
38 77
38 97
38 58
38 92
38 85
38 61
38 66
39 86
39 96
39 91
39 54
40 64
40 44
40 60
40 64
41 50
41 95
41 61
41 67
41 62
41 95
41 86
41 62
42 92
42 99
42 86
42 89
42 51
42 77
42 82
43 90
43 57
43 93
43 68
43 98
43 89
43 95
43 73
43 55
44 48
44 67
44 88
44 74
44 99
44 96
45 86
45 74
45 47
45 72
45 82
45 47
46 87
46 97
46 91
46 57
46 65
46 60
47 55
47 73
47 50
47 55
47 93
47 71
48 79
48 57
48 77
48 84
49 97
49 51
49 67
50 52
50 55
50 91
50 92
50 87
51 55
51 63
52 88
52 55
52 91
52 67
52 96
53 64
53 96
53 72
53 90
53 88
54 97
54 68
54 75
54 80
55 87
55 79
55 93
55 64
56 67
56 70
56 95
56 87
56 96
57 63
57 93
57 74
57 78
57 73
57 71
58 91
58 95
59 71
59 63
59 84
60 66
60 63
60 81
60 92
60 75
60 73
60 96
60 93
60 92
62 89
62 80
62 66
62 80
62 94
62 65
63 79
63 78
63 95
63 75
64 79
64 99
64 95
64 89
64 94
65 99
65 96
66 71
66 88
66 70
67 91
67 93
68 72
68 75
69 72
69 94
69 95
69 75
71 94
71 91
71 77
71 89
72 75
72 80
72 81
73 92
73 82
73 86
73 78
73 84
73 78
74 77
74 84
74 97
74 87
74 76
75 78
75 93
76 84
77 85
78 88
78 86
79 83
79 95
79 90
79 98
81 83
81 90
81 86
82 90
84 97
84 92
84 94
85 89
85 99
86 94
86 88
88 98
88 91
91 97
94 98
95 97
