0 15
0 7
0 95
0 40
0 29
0 17
0 86
0 13
0 68
0 47
0 85
0 72
0 6
0 35
0 35
0 68
1 24
1 21
1 58
1 67
1 47
1 65
1 40
1 16
2 41
2 97
2 44
2 95
2 94
2 88
2 55
2 78
2 47
2 96
3 15
3 83
3 84
3 84
3 27
3 88
3 66
4 60
4 62
4 84
4 22
4 76
4 14
4 25
4 21
4 48
4 64
4 91
4 16
4 97
4 34
4 27
5 30
5 88
5 9
5 50
5 31
5 56
5 72
5 70
5 62
5 99
5 57
6 46
6 45
6 32
6 87
6 38
6 24
6 36
6 19
6 86
6 34
6 95
6 7
6 82
6 28
7 82
7 50
7 49
7 37
7 74
7 30
7 34
7 32
7 38
7 60
7 54
7 40
7 86
7 20
7 15
7 9
8 61
8 70
8 68
8 26
8 47
9 26
9 46
9 96
9 60
9 96
9 18
9 65
9 88
9 87
9 84
10 15
10 19
10 29
10 41
10 43
10 44
10 67
10 65
10 71
10 70
11 97
11 32
11 69
11 38
11 64
11 94
11 65
11 14
11 87
11 89
12 66
12 56
12 44
12 58
12 34
12 63
12 56
12 26
12 53
12 49
12 52
12 42
12 56
13 34
13 66
13 25
13 94
13 79
14 17
14 60
14 95
14 52
14 68
14 23
14 50
14 75
14 15
15 23
15 34
15 26
15 38
15 91
15 70
15 20
15 63
15 79
16 27
16 26
16 85
16 47
16 57
16 43
16 37
16 94
16 61
17 74
17 22
17 57
17 68
17 63
17 90
17 79
17 88
17 90
18 20
18 91
18 73
18 42
18 67
18 46
18 28
19 97
19 92
19 70
19 93
19 48
19 71
19 30
20 38
20 30
20 32
20 47
20 42
20 29
20 57
20 74
20 88
20 89
21 28
21 99
21 79
21 43
21 47
21 76
21 34
21 77
22 54
22 84
22 89
23 30
23 87
23 32
23 40
23 88
24 92
24 86
24 61
25 98
25 68
25 51
25 59
25 75
25 83
25 72
25 77
26 64
26 70
26 54
26 37
26 48
26 44
26 48
27 51
27 33
27 89
27 35
27 71
27 61
27 35
28 51
28 39
28 83
28 95
28 78
28 31
28 36
29 95
29 42
29 43
29 91
29 31
29 53
29 57
29 79
29 98
30 86
30 88
30 69
30 41
30 86
30 32
30 79
30 98
30 70
30 63
30 95
30 96
31 97
31 46
31 87
31 65
32 75
32 36
32 93
32 46
33 41
33 75
33 94
33 57
34 87
34 79
34 74
34 52
34 69
35 63
35 94
35 90
35 70
35 86
36 89
36 91
36 43
36 95
36 55
36 59
37 86
37 99
37 89
37 84
37 68
38 65
38 85
38 43
38 95
38 62
38 79
38 93
38 48
38 82
39 54
39 91
39 44
39 54
39 83
39 77
39 48
39 87
40 42
40 91
40 43
40 62
40 60
41 99
41 87
41 75
41 79
41 69
41 97
41 92
42 85
42 76
42 69
42 59
43 49
43 75
43 57
43 86
43 97
44 94
44 65
44 75
45 67
45 82
45 96
46 56
46 57
46 93
46 83
46 89
46 51
46 95
47 58
47 71
47 91
47 64
47 74
47 83
47 74
48 64
48 97
48 76
48 95
48 79
48 90
49 95
49 58
49 97
49 95
50 97
50 86
50 53
51 74
51 67
51 66
51 74
51 98
51 64
51 62
51 67
52 60
52 67
52 94
52 71
52 88
52 93
52 86
52 59
53 66
53 78
53 89
54 96
54 97
54 71
54 73
54 62
54 85
55 77
55 92
55 99
55 98
55 86
55 90
55 64
56 69
56 79
56 95
56 69
56 97
56 62
57 73
57 74
57 75
57 80
57 66
57 98
58 80
58 81
58 78
58 71
58 97
59 75
60 96
60 67
60 89
60 97
60 68
61 91
61 87
61 63
61 67
62 80
62 70
62 93
63 71
63 84
63 72
64 94
64 75
64 80
64 72
65 97
65 88
66 78
66 85
66 73
67 92
67 91
67 75
67 86
67 79
68 73
68 93
69 92
69 89
69 90
69 82
69 86
69 84
70 91
70 94
71 74
71 92
71 97
72 95
72 76
73 77
74 75
74 89
74 80
75 89
75 81
76 84
78 98
82 91
82 96
82 84
82 87
84 89
86 99
88 93
88 98
88 89
88 93
89 91
89 91
90 94
91 99
94 95
