0 43
0 81
0 15
0 88
0 46
0 6
0 29
0 76
1 73
1 95
1 15
1 75
1 87
1 61
1 21
1 54
1 43
1 16
2 17
2 78
2 98
2 23
2 93
3 65
3 91
3 27
3 87
3 33
3 70
3 86
3 25
3 99
3 37
3 75
3 75
3 32
3 72
4 16
4 74
4 26
4 29
4 64
4 72
4 32
4 13
4 52
4 16
4 74
4 97
4 92
4 40
4 47
5 36
5 7
5 84
5 55
5 68
5 25
5 13
6 28
6 13
6 80
6 83
6 94
6 35
6 71
6 76
7 20
7 32
7 52
7 48
7 68
7 78
7 99
7 57
8 26
8 57
8 99
8 48
8 25
8 72
8 31
8 73
8 47
8 10
9 37
9 67
9 26
9 74
9 41
9 48
9 93
9 28
9 97
9 18
9 72
9 72
10 54
10 18
10 54
10 82
10 18
10 98
10 46
10 75
10 97
11 86
11 73
11 30
11 53
11 81
11 71
11 66
11 86
12 80
12 58
12 25
12 80
12 90
12 14
12 13
12 83
12 93
12 75
12 64
12 97
12 22
13 39
13 96
13 75
13 69
13 46
13 91
13 73
13 40
14 95
14 40
14 22
14 94
14 52
14 24
14 97
15 93
15 87
15 42
15 46
15 91
15 39
15 45
15 79
15 50
15 21
16 23
16 50
16 88
16 17
16 91
16 55
16 49
16 76
16 35
16 87
17 49
17 50
17 63
17 58
17 23
17 52
17 41
18 54
18 56
18 32
18 52
18 42
19 77
19 97
19 94
19 43
19 99
20 47
20 68
20 32
20 85
20 66
20 48
21 49
21 33
21 48
21 68
21 94
21 47
21 41
22 23
22 96
22 95
22 61
22 63
22 93
22 94
22 90
22 60
22 32
22 77
22 46
22 88
22 38
22 59
23 37
23 43
23 56
23 85
23 69
23 42
23 37
23 41
23 70
23 34
23 62
24 44
24 80
24 85
24 69
24 32
24 61
24 38
24 43
24 54
24 49
24 28
25 35
25 61
25 26
25 98
25 53
25 46
25 78
25 35
25 58
26 59
26 34
26 74
26 85
26 34
26 32
26 39
26 42
26 80
26 52
26 54
27 94
27 51
27 98
27 79
27 70
27 51
27 96
27 35
27 93
27 36
27 44
27 41
27 51
27 71
27 61
27 30
28 98
28 60
28 97
28 31
28 57
28 47
28 72
28 37
29 90
29 47
29 62
29 95
29 41
29 64
29 49
30 39
30 85
30 49
30 71
30 62
30 36
30 58
30 83
31 76
31 80
31 38
31 90
31 52
31 86
31 73
31 43
32 98
32 74
32 50
32 73
32 91
33 39
33 90
33 89
33 35
33 76
33 88
34 66
34 80
35 94
35 78
35 88
35 82
35 51
36 97
36 91
36 56
36 87
36 97
36 97
36 76
37 40
37 40
37 57
37 89
37 49
39 78
39 43
39 65
39 53
39 66
39 82
39 84
39 70
39 65
39 80
39 87
40 59
41 44
41 53
41 81
41 94
41 81
41 67
41 94
41 80
42 99
42 59
42 52
42 83
42 80
43 67
43 72
43 60
43 91
43 74
43 56
43 48
43 65
43 83
44 61
44 46
44 70
44 59
44 78
45 88
45 78
45 62
46 65
46 95
46 96
47 80
47 65
47 87
47 89
47 89
47 76
47 81
48 55
48 60
48 53
48 83
48 72
49 50
49 67
49 69
49 57
49 79
49 51
49 53
49 70
49 84
49 90
49 56
49 80
50 71
50 65
50 73
50 62
50 56
50 67
50 53
50 51
51 88
51 90
51 66
51 66
51 52
52 60
52 83
53 94
53 86
53 59
53 97
53 59
53 67
54 83
54 81
54 69
54 99
54 72
54 60
55 94
55 79
55 97
55 82
55 67
55 75
56 77
56 61
56 82
56 81
56 60
56 57
57 72
57 69
57 71
57 77
57 97
59 63
59 62
59 76
60 71
60 62
60 66
61 85
61 85
61 69
62 86
62 74
62 64
63 64
63 85
63 67
63 79
63 82
63 98
64 71
65 86
66 70
66 91
68 95
68 92
70 78
70 97
70 99
70 84
71 79
72 92
72 75
72 86
72 93
72 74
73 87
74 99
74 82
74 94
75 89
75 84
75 76
75 80
76 86
76 77
76 80
77 94
77 97
78 92
78 93
78 85
78 95
79 84
80 96
80 86
82 86
87 88
87 94
89 94
94 95
95 96
97 99
