0 6
0 14
0 43
0 64
1 81
1 48
1 55
1 71
1 52
1 78
1 23
1 93
1 91
1 85
1 37
1 88
2 88
2 40
2 7
2 18
2 62
2 66
2 44
3 43
3 59
3 36
3 22
3 56
3 45
3 24
3 46
3 51
3 70
4 81
4 34
4 87
4 70
4 80
4 59
4 56
4 9
4 18
5 25
5 30
5 41
5 32
5 76
5 93
5 67
5 9
5 16
5 98
5 45
5 92
6 7
6 59
6 81
6 49
6 57
6 53
6 45
6 26
6 11
7 90
7 54
7 37
7 26
7 17
7 21
7 97
7 29
7 92
7 46
7 78
7 77
8 94
8 45
8 46
8 68
9 66
9 57
9 76
9 35
9 95
9 17
9 98
9 55
9 18
9 80
10 38
10 12
10 48
10 26
10 75
10 63
10 97
10 35
11 36
11 17
11 94
11 30
11 93
11 99
11 32
11 16
11 97
11 95
11 73
12 87
12 81
12 64
12 55
13 88
13 92
13 96
13 15
13 56
13 60
13 70
13 19
13 28
13 98
13 68
13 43
13 82
13 29
14 86
14 30
14 46
14 58
14 20
14 20
14 15
14 74
14 22
14 79
14 99
14 48
14 87
15 78
15 66
15 59
15 58
15 41
15 99
15 40
15 82
15 23
15 37
16 21
16 46
16 68
16 34
16 71
16 70
16 41
17 79
17 80
17 36
17 63
17 53
17 80
18 33
18 87
18 38
18 74
18 29
18 78
19 29
19 32
19 62
19 62
19 32
19 76
19 60
19 51
19 36
19 35
19 47
20 47
20 29
20 38
20 92
20 94
20 23
20 21
20 94
20 51
20 89
20 65
21 93
21 35
21 77
21 60
21 99
21 45
22 23
22 98
22 73
22 87
23 84
23 31
23 77
23 62
23 79
23 50
23 74
24 51
24 90
24 61
24 78
24 48
25 73
25 33
25 65
25 42
25 92
25 90
26 60
26 51
26 46
26 28
26 95
26 56
26 73
26 69
26 66
27 69
27 29
27 82
27 31
27 71
27 69
27 46
28 76
28 73
28 29
28 91
28 86
28 89
28 81
29 46
29 41
29 52
29 40
29 48
29 52
29 88
29 72
30 97
30 35
30 87
30 99
30 35
30 68
30 42
31 43
31 90
31 51
31 64
31 52
31 44
31 46
31 76
32 60
32 48
32 38
32 86
32 51
32 48
32 77
32 55
32 81
32 70
32 88
32 69
33 54
33 44
33 92
33 63
33 75
33 99
33 77
33 89
34 51
34 72
34 36
34 58
35 82
35 36
35 53
36 39
36 86
36 68
36 64
36 57
36 82
36 93
36 47
36 85
36 89
36 64
36 44
37 92
37 93
37 78
37 54
37 42
37 69
37 89
38 63
38 63
38 95
38 86
38 61
38 88
38 47
38 90
39 69
39 61
39 93
39 42
39 80
39 97
39 44
39 90
40 80
40 96
40 66
40 93
40 74
40 43
40 64
40 48
41 47
41 45
41 48
41 58
41 77
41 72
41 69
42 53
42 53
42 85
43 68
43 80
44 45
44 96
44 64
44 93
44 83
45 62
45 81
45 64
46 73
46 59
46 82
46 96
46 78
46 59
46 59
46 65
47 74
47 52
47 85
48 74
48 66
48 51
49 82
49 52
49 98
49 84
50 81
50 59
50 82
50 51
50 86
51 59
51 99
51 89
52 54
52 55
52 74
52 79
53 85
53 73
53 57
53 63
53 88
53 58
54 65
54 71
54 78
54 73
54 69
54 86
55 64
55 63
55 81
56 62
56 89
57 89
58 80
58 70
58 65
58 89
59 72
59 97
59 89
60 84
60 83
60 73
60 67
60 62
60 68
60 87
61 91
61 92
61 94
61 96
61 84
61 75
62 85
62 65
62 81
62 89
62 63
62 71
63 68
63 68
63 83
64 93
64 80
64 75
64 90
65 93
65 90
65 91
66 83
66 69
66 93
66 82
66 67
66 86
66 85
67 95
67 80
68 95
68 74
68 92
69 79
69 71
70 95
70 72
70 91
70 96
71 84
71 99
71 79
71 95
72 78
72 97
72 85
73 99
74 88
75 82
75 80
76 92
77 94
77 90
78 87
78 84
78 88
78 84
79 99
79 93
79 85
80 99
80 89
80 93
81 92
82 99
83 85
83 89
84 86
84 99
85 98
86 96
86 92
86 99
87 97
87 90
88 99
90 91
91 98
92 93
92 99
92 97
92 95
94 97
