0 64
0 29
0 98
0 51
0 71
0 4
0 35
0 74
0 34
0 65
0 18
1 8
1 42
1 85
1 31
1 75
1 31
1 93
2 78
2 79
2 41
2 41
2 88
2 82
2 58
2 51
2 90
2 60
3 74
3 65
3 70
3 51
3 86
3 94
3 42
3 77
3 78
3 32
3 93
3 85
3 30
3 70
3 65
3 37
3 97
3 11
4 76
4 57
4 32
4 86
4 27
4 94
4 77
4 57
4 72
4 69
4 49
4 51
4 80
4 60
4 35
5 43
5 39
5 49
5 26
5 76
5 92
5 46
5 78
5 92
6 38
6 64
6 30
6 75
6 73
6 74
6 50
6 80
6 70
6 49
6 40
6 67
6 83
6 59
6 9
6 65
6 92
7 53
7 85
7 54
7 58
7 46
7 98
7 70
7 69
7 20
7 84
8 97
8 75
8 86
8 53
8 97
8 19
8 42
8 10
8 71
8 21
9 59
9 10
9 86
9 10
9 91
9 63
9 59
9 66
9 83
9 29
9 74
9 98
9 44
9 54
9 89
10 63
10 28
10 62
10 48
10 72
10 35
11 53
11 76
11 80
11 67
11 59
11 31
11 18
12 61
12 36
12 79
13 95
13 89
13 33
14 50
14 17
14 87
14 34
15 48
15 53
15 64
15 53
15 89
15 73
15 23
15 86
15 71
15 72
15 47
16 49
16 69
16 44
16 43
17 66
17 94
17 77
17 43
17 36
17 39
17 57
17 45
18 43
18 69
18 31
18 78
18 21
19 31
19 76
19 59
19 20
19 62
19 31
19 33
19 21
19 87
20 85
20 64
20 45
20 66
20 46
20 45
20 92
21 33
21 39
21 94
21 77
21 95
21 80
21 35
21 38
21 42
21 55
21 37
21 69
21 32
22 44
22 27
22 77
22 76
22 59
22 75
22 62
22 59
22 45
23 24
23 68
23 42
23 74
23 82
23 33
23 64
24 73
24 39
24 25
24 96
24 93
24 70
24 85
24 48
24 33
24 40
24 77
24 35
24 31
24 83
24 95
25 55
25 86
25 98
25 62
25 71
25 84
25 51
25 35
25 32
25 68
25 96
25 97
26 50
26 80
26 69
26 99
26 70
26 94
26 91
26 62
26 62
26 75
27 67
27 32
27 61
27 45
27 62
27 73
28 41
28 91
28 56
29 44
29 63
29 91
29 68
29 97
29 34
30 58
30 58
30 53
30 81
31 91
31 38
31 54
31 73
31 83
32 98
32 60
32 75
32 89
32 79
32 39
32 64
32 61
32 94
32 44
33 65
33 71
33 78
33 38
33 56
33 90
34 50
34 85
34 51
34 91
34 97
34 47
35 70
35 99
35 45
35 41
35 61
35 65
35 80
35 99
36 53
36 62
36 62
36 69
36 90
36 88
36 85
36 60
37 83
37 71
37 87
37 42
37 58
38 53
38 72
38 42
39 52
39 46
39 94
39 73
40 91
40 89
40 44
40 50
40 63
40 47
40 81
41 86
41 90
41 96
41 57
42 99
42 53
42 55
42 46
42 65
42 45
42 65
42 44
43 77
43 85
43 96
44 46
44 89
44 99
46 53
46 74
46 72
46 97
46 86
46 47
46 59
46 48
46 85
46 75
46 72
47 90
47 83
47 84
47 89
47 86
47 71
47 87
48 93
48 55
48 88
48 85
49 50
49 91
49 97
49 68
49 74
49 92
50 99
50 67
50 94
50 60
50 80
51 67
51 95
51 74
52 72
52 80
52 56
52 64
53 90
53 89
53 95
54 95
54 60
54 80
55 68
55 76
55 98
55 87
56 57
56 78
56 69
57 59
57 91
57 91
57 59
57 71
58 79
58 86
58 62
58 88
58 75
58 82
59 75
60 70
60 95
60 73
60 63
61 70
61 71
61 87
61 95
61 81
62 87
62 99
62 95
62 96
62 81
63 90
63 83
64 69
64 86
64 86
64 78
65 99
65 71
65 67
66 95
66 86
66 91
67 95
67 84
68 77
68 91
68 92
68 83
68 80
68 77
68 94
69 87
69 85
69 92
69 85
69 81
70 95
70 95
70 99
71 79
71 76
72 94
72 76
72 87
72 76
72 91
73 81
74 77
74 96
74 83
75 99
75 90
76 82
76 83
76 99
77 84
77 89
78 86
78 89
78 89
78 83
78 79
79 87
80 81
80 95
80 94
81 98
81 85
81 89
81 95
82 91
83 85
83 93
84 95
86 97
86 90
88 92
