0 8
0 34
0 70
0 11
0 54
0 59
0 43
0 87
0 48
0 76
0 4
0 28
0 70
1 3
1 68
1 16
1 19
1 2
2 60
2 24
2 89
2 61
2 77
2 98
2 50
2 93
3 87
3 89
3 40
3 37
3 28
3 33
3 7
3 90
3 60
3 91
3 24
3 30
4 35
4 34
4 43
4 76
4 95
5 57
5 58
5 22
5 48
5 33
5 55
6 50
6 76
6 31
6 63
6 57
6 52
6 68
6 57
6 55
6 91
6 50
7 98
7 35
7 39
7 60
7 9
7 44
7 12
7 86
7 88
7 40
7 19
7 21
8 49
8 15
8 75
8 40
8 12
9 26
9 41
9 10
9 24
9 52
9 83
9 29
9 87
9 72
10 24
10 95
10 51
10 83
10 99
11 34
11 50
11 15
11 95
11 29
11 22
11 55
11 53
11 51
11 64
11 53
11 65
11 38
11 68
12 62
12 44
12 55
12 41
12 31
12 45
12 65
12 34
13 40
13 35
13 67
13 70
13 82
13 69
14 64
14 73
14 15
14 73
14 41
14 89
14 83
14 85
14 49
14 45
14 98
14 31
15 36
15 68
15 30
15 83
15 74
15 38
15 97
15 84
15 51
15 98
15 44
16 98
16 62
16 91
16 85
16 33
16 50
16 59
17 62
17 55
17 44
17 64
17 26
17 26
17 53
18 59
18 37
18 62
18 69
18 22
18 58
18 41
18 95
18 32
18 49
18 78
19 65
19 86
19 24
19 88
19 85
19 36
19 77
19 34
19 52
20 94
20 73
20 35
20 88
20 65
20 94
20 53
20 55
20 95
20 25
20 38
20 45
21 81
21 76
21 51
21 46
21 59
21 37
21 52
21 82
21 41
22 64
22 72
22 59
22 86
22 63
22 49
22 67
22 27
23 56
23 57
23 75
23 68
23 65
24 83
24 33
24 49
24 76
24 53
24 38
25 27
25 52
25 38
25 57
25 85
25 78
25 37
25 66
25 49
25 98
26 73
26 85
26 93
26 80
26 91
26 47
26 77
26 62
26 95
26 57
26 96
27 86
27 96
27 48
27 36
27 87
27 53
27 31
27 87
27 56
28 74
28 56
28 85
28 94
29 91
29 59
29 47
29 82
30 88
30 44
30 88
30 61
30 69
30 54
30 82
30 93
30 38
31 85
32 34
32 83
32 53
32 74
32 44
32 44
32 48
32 62
32 34
32 76
33 75
33 65
33 87
33 61
34 96
34 77
34 91
34 71
34 79
34 63
34 41
35 59
35 74
35 46
35 82
35 54
35 64
35 50
35 55
35 48
35 91
35 71
35 53
36 89
36 84
36 61
36 87
36 51
37 88
37 74
37 62
37 75
37 70
38 70
38 45
38 60
38 68
38 48
38 44
38 64
39 92
39 74
39 58
39 57
39 89
39 77
39 78
39 84
39 51
40 41
40 76
40 97
41 60
41 98
41 53
41 75
41 46
42 51
42 76
43 92
43 99
43 91
43 62
43 56
43 84
43 92
43 50
44 92
44 88
44 77
44 65
44 80
44 79
44 64
44 56
45 73
45 74
45 68
45 72
45 64
45 97
46 65
46 68
47 52
47 55
47 97
47 74
47 94
48 79
48 82
48 97
48 92
48 60
49 86
49 85
49 51
49 93
49 79
49 63
49 59
49 67
49 86
49 59
50 65
50 66
50 67
50 60
50 83
50 53
50 65
50 95
50 54
51 72
51 80
51 92
51 59
52 55
52 68
52 83
52 97
53 76
54 76
54 95
55 58
55 88
55 59
56 98
56 92
56 63
56 67
57 81
57 73
57 76
57 61
57 67
57 74
57 89
57 88
57 86
57 94
58 70
59 78
59 74
59 74
59 67
60 95
61 89
61 74
61 87
61 80
61 91
62 96
62 74
62 97
62 89
62 96
62 67
64 94
64 99
64 89
66 81
66 70
66 75
67 83
67 78
67 87
68 72
68 80
68 81
70 75
70 95
70 98
70 97
70 81
70 84
71 98
71 85
71 79
72 83
72 97
72 95
73 94
73 92
73 80
73 83
73 93
74 79
75 89
75 95
75 76
76 83
76 91
76 96
77 93
77 93
78 81
78 94
78 80
78 82
78 79
78 95
79 96
80 82
80 94
80 98
81 88
81 85
82 90
82 87
83 95
83 85
85 94
86 87
86 92
86 96
87 89
87 88
88 93
88 89
88 95
89 94
89 99
89 91
90 95
90 94
90 91
