0 10
0 89
0 25
0 7
0 71
0 64
0 69
1 75
1 60
1 94
1 3
1 88
1 11
2 81
2 80
2 19
2 51
2 44
2 70
2 3
2 28
2 59
2 59
2 82
2 76
2 64
3 68
3 31
3 28
3 45
3 33
3 11
3 85
3 40
3 70
4 38
4 50
4 99
4 31
4 36
4 31
4 80
4 75
4 44
5 40
6 86
6 92
6 68
6 80
6 68
6 40
6 51
6 24
6 66
6 38
6 80
6 79
6 82
7 84
7 98
7 46
7 98
7 75
7 81
7 52
7 73
7 59
8 57
8 23
8 16
8 82
8 76
8 30
8 18
8 83
8 18
9 22
9 33
9 74
9 94
9 86
9 32
9 96
10 94
10 36
10 90
11 91
11 26
11 55
11 42
11 22
11 37
11 58
11 64
11 34
11 85
11 94
11 52
12 80
12 21
12 18
12 94
12 43
12 54
12 96
12 97
12 26
12 86
12 66
12 57
12 78
12 96
13 77
13 67
13 15
13 96
13 72
13 80
13 16
13 94
13 26
13 20
13 26
13 84
13 38
13 67
14 95
14 47
14 62
14 33
14 78
14 65
14 96
14 17
14 67
14 25
14 52
14 88
14 72
14 41
14 86
15 40
15 17
15 73
15 98
15 88
15 29
15 63
15 23
15 49
16 75
16 97
16 47
16 52
16 74
16 26
16 42
16 27
16 54
16 95
17 98
17 93
17 39
17 18
17 92
17 58
17 18
17 21
17 46
18 62
18 87
18 45
18 70
18 54
19 43
19 20
19 92
19 73
19 64
19 91
19 46
20 55
20 98
20 44
20 55
20 65
20 48
20 46
20 85
21 75
21 47
21 35
21 68
22 33
22 24
22 48
22 78
22 93
22 36
23 25
23 66
23 50
23 93
23 72
24 65
24 39
24 73
24 31
24 98
24 83
24 64
24 47
24 33
24 86
25 83
25 53
25 67
25 49
25 52
26 66
26 60
26 98
26 81
26 87
26 76
26 91
26 35
27 31
27 32
27 93
27 71
27 78
27 87
27 75
27 38
28 39
28 54
28 63
28 64
28 68
29 64
29 69
29 49
29 72
29 90
29 83
29 70
29 31
29 84
30 63
30 99
30 79
30 61
31 42
31 95
31 72
31 58
31 43
31 92
31 68
31 75
31 49
31 94
32 79
32 57
32 79
32 75
32 83
32 82
32 88
32 55
32 61
32 73
33 40
33 39
33 48
33 34
34 68
34 76
34 87
34 35
34 53
34 44
34 96
34 59
34 67
35 82
35 45
35 52
35 60
35 42
35 57
36 47
36 50
36 95
36 61
36 54
37 82
38 75
38 80
38 57
38 97
38 48
38 44
38 98
38 96
38 96
38 46
39 43
39 55
39 54
39 83
39 85
39 52
40 57
40 64
40 92
40 76
40 55
40 62
41 65
41 43
41 76
41 55
41 71
41 69
41 53
41 42
41 63
42 94
42 47
42 93
42 63
43 66
43 90
43 66
43 88
43 44
43 68
44 68
45 50
45 50
45 83
46 97
46 53
46 51
46 71
46 67
47 82
47 90
47 66
47 93
47 81
47 89
47 80
47 77
47 95
47 77
48 55
48 69
48 82
48 53
48 85
49 59
49 72
49 71
49 62
49 97
49 61
50 55
50 58
50 56
50 64
50 61
50 99
51 69
51 72
51 86
51 98
51 91
52 72
52 88
52 71
52 96
53 85
53 81
53 97
53 62
54 67
54 80
54 63
54 80
54 72
54 94
54 82
54 73
55 70
55 84
55 95
55 83
56 85
56 90
57 71
57 75
57 67
57 82
57 69
57 68
57 66
58 63
58 76
58 60
58 89
59 88
59 79
60 99
60 63
60 66
60 80
60 82
60 62
60 92
61 71
62 73
62 99
63 73
63 67
63 92
63 93
63 91
64 82
64 81
65 74
66 68
66 92
66 68
66 87
66 74
67 75
67 76
67 85
67 75
68 95
68 88
68 74
68 78
68 71
69 79
69 97
69 83
70 85
70 80
71 94
71 89
71 96
71 78
71 80
71 89
72 80
72 84
73 82
73 87
73 84
74 88
74 78
74 77
75 92
75 78
76 98
77 82
77 92
77 97
77 85
78 97
78 80
78 96
79 81
80 99
80 87
81 95
81 87
81 97
81 94
82 86
82 96
83 97
85 86
85 89
85 88
86 91
86 99
86 99
87 97
88 92
88 89
89 96
91 96
92 95
93 97
98 99
