0 77
0 43
0 84
0 24
0 70
0 36
0 41
1 20
1 71
1 30
1 5
1 44
1 74
1 79
1 22
1 12
1 72
1 27
1 86
2 31
2 64
2 79
2 4
2 97
2 63
2 20
3 56
3 70
3 73
3 17
3 20
3 71
3 87
3 90
3 92
3 77
3 54
3 80
3 80
4 70
4 15
4 45
4 49
4 20
4 23
4 65
4 88
4 96
4 39
4 14
4 98
4 88
5 74
5 84
5 91
5 55
5 25
5 29
5 32
5 83
5 43
5 88
5 75
5 40
5 47
5 93
5 43
6 50
6 32
6 22
6 34
6 81
6 77
6 62
6 41
6 18
6 87
6 84
6 12
6 24
6 65
6 75
7 11
7 80
7 96
7 58
7 47
7 65
7 21
7 49
7 21
7 30
7 32
8 40
8 37
8 41
8 75
8 20
8 70
8 83
8 98
8 33
9 53
9 76
9 35
9 39
9 55
9 45
9 68
9 71
9 77
9 76
10 88
10 57
10 43
10 92
11 45
11 76
11 91
11 82
11 13
11 67
11 75
11 26
11 37
12 22
12 62
12 83
12 59
12 13
12 93
12 34
12 21
12 94
12 35
12 61
12 59
13 38
13 61
13 20
13 90
13 34
13 32
13 69
13 84
14 39
14 50
14 30
14 21
15 26
15 69
15 56
15 22
15 67
15 96
15 32
15 66
15 27
15 53
15 51
15 90
16 19
16 65
16 34
16 42
16 22
16 53
16 17
16 96
17 22
17 86
17 58
17 44
17 76
17 80
17 48
18 37
18 59
18 58
18 74
18 55
18 43
18 33
18 99
18 65
18 35
19 67
19 56
19 21
19 64
19 33
19 63
19 25
19 63
19 69
19 43
19 97
19 89
19 56
19 33
20 83
20 87
20 63
20 63
20 63
20 75
20 22
21 82
21 98
21 86
21 70
22 94
22 37
22 29
22 54
22 82
22 67
23 93
23 65
23 71
23 52
23 66
23 30
23 89
23 94
23 92
23 84
24 61
24 68
24 30
24 78
25 61
25 38
25 30
25 62
25 37
25 57
25 49
26 42
26 40
26 81
26 29
26 34
26 90
26 55
26 27
26 53
26 52
27 55
27 77
27 94
27 34
27 52
27 66
27 81
28 38
28 84
28 41
29 36
29 53
29 30
29 76
30 89
30 80
30 51
30 33
30 56
30 47
31 89
31 45
31 70
31 52
31 35
31 98
31 59
31 52
31 69
32 65
32 55
32 99
32 46
32 71
32 77
32 78
33 92
33 97
33 72
33 61
33 93
33 61
34 90
34 55
34 39
34 88
35 69
35 56
35 80
35 48
35 95
35 98
36 71
36 87
36 64
36 74
36 38
36 52
36 50
36 99
37 90
37 75
37 95
37 44
37 43
38 67
38 97
38 73
38 99
38 71
38 77
38 73
39 85
39 68
39 52
39 84
39 51
39 91
39 82
40 81
40 41
40 49
40 91
41 48
41 89
41 80
41 76
42 72
42 97
42 83
43 71
43 47
43 83
43 57
43 47
43 75
44 51
44 95
44 85
44 49
44 80
45 52
45 85
45 60
45 67
45 70
45 56
45 69
46 49
46 84
46 97
47 61
47 79
47 77
47 79
48 97
48 63
48 66
48 66
48 64
49 56
49 74
49 91
50 95
50 56
50 89
50 62
50 54
51 98
51 62
51 91
51 63
51 87
52 79
52 84
52 85
52 74
52 70
53 61
53 97
53 67
53 86
53 68
53 54
54 85
54 63
54 83
54 59
54 94
54 83
54 62
55 56
55 63
55 74
55 73
55 57
55 84
56 88
56 97
56 95
56 58
56 95
56 95
56 64
57 60
57 58
58 65
58 90
58 85
58 87
58 80
59 97
59 80
59 97
59 67
59 84
60 91
60 88
60 68
60 71
61 71
61 91
61 62
62 63
62 72
62 66
62 83
63 76
63 87
64 90
64 69
64 73
64 96
65 81
65 67
65 80
65 87
66 99
67 78
67 68
68 86
68 89
68 80
68 69
68 89
69 91
69 94
69 91
69 95
70 72
70 89
70 91
70 79
70 89
71 96
71 85
71 99
72 97
72 86
72 96
73 93
73 91
73 76
74 86
74 94
74 98
75 79
75 92
76 92
77 83
79 84
80 93
80 81
80 84
80 91
81 98
84 98
84 89
85 95
85 86
85 96
86 89
86 98
89 94
89 92
89 96
91 94
92 99
93 99
95 98
95 99
97 98
