0 52
0 77
0 40
0 79
0 40
0 76
0 60
0 93
0 86
1 96
1 17
1 68
1 13
1 92
1 42
1 8
1 28
1 60
2 37
2 80
2 59
2 81
2 70
2 80
2 69
2 11
2 6
2 97
2 70
3 31
3 98
3 32
3 84
3 82
4 24
4 8
4 32
4 64
4 82
4 47
4 59
4 61
4 64
4 58
4 43
4 6
4 99
5 82
5 10
5 51
5 57
5 59
5 36
5 37
5 43
5 43
5 62
6 73
6 26
6 39
6 70
6 89
6 25
6 45
6 7
6 61
7 58
7 84
7 77
7 63
7 65
7 62
7 22
8 72
8 61
8 28
8 65
8 98
8 74
8 92
8 45
8 24
8 61
9 48
9 62
9 97
9 54
10 36
10 17
10 78
10 47
10 62
10 38
10 92
11 52
11 34
11 62
11 39
11 34
11 90
12 23
12 76
12 93
12 53
12 68
12 84
12 63
12 18
12 44
12 37
13 31
13 76
13 64
13 70
13 93
13 37
13 43
13 17
13 88
14 87
14 48
14 16
14 87
14 15
14 98
14 82
14 47
14 98
15 59
15 21
15 38
15 90
15 69
15 17
15 44
15 68
15 69
15 65
15 87
15 70
15 77
16 61
16 46
16 56
16 94
16 99
16 40
16 68
16 81
16 80
16 83
16 79
17 59
17 22
17 47
17 64
17 63
17 22
17 49
17 25
17 97
17 58
17 98
17 54
17 91
18 64
18 34
18 46
18 38
18 97
18 57
18 66
19 46
19 85
19 34
19 84
19 45
19 65
19 41
19 60
19 67
20 61
20 54
20 24
20 77
21 85
21 54
21 83
21 70
21 74
21 86
21 40
22 63
22 40
22 51
22 55
22 94
22 88
22 76
22 97
22 30
22 68
22 74
22 72
22 62
23 35
23 26
23 32
23 46
24 99
24 87
24 78
24 40
24 64
24 85
24 40
24 83
24 85
25 88
25 75
25 30
25 66
25 30
25 48
25 77
25 48
25 75
26 50
26 64
26 99
26 61
26 67
26 54
27 34
27 44
27 88
27 47
27 89
27 41
27 67
27 43
27 37
28 93
28 29
28 48
28 65
28 44
28 48
28 97
28 40
28 39
28 67
29 33
29 45
29 53
29 31
29 78
29 32
29 66
29 64
29 88
30 64
30 64
30 76
30 50
30 93
30 91
30 92
31 93
31 79
31 77
31 36
31 60
32 35
32 65
32 69
32 67
32 90
32 80
33 92
33 58
33 62
33 46
33 70
34 86
34 83
34 73
34 63
34 99
34 50
34 89
34 54
35 99
35 39
35 85
35 55
35 50
35 48
35 65
35 56
35 83
36 68
36 43
36 49
36 63
36 39
36 79
36 71
37 90
37 69
37 79
37 69
37 59
37 51
38 79
38 82
39 69
39 79
39 88
39 56
39 66
39 91
39 82
39 47
39 74
40 90
40 93
40 72
40 70
40 91
40 98
41 83
41 45
41 79
41 54
41 44
41 49
42 76
42 73
42 91
43 64
43 92
43 73
43 97
43 47
43 55
43 48
44 82
44 80
44 63
44 46
44 74
44 46
44 75
44 99
45 59
45 68
45 48
45 70
45 71
45 89
45 74
46 53
46 71
46 50
46 66
47 73
47 64
48 80
48 75
48 95
48 54
48 80
48 51
49 63
49 76
49 66
49 91
49 91
49 89
49 57
50 76
50 72
50 73
50 65
50 52
50 76
51 72
51 89
51 61
51 67
51 59
52 54
52 93
52 53
52 63
53 86
53 86
53 58
53 81
53 66
53 91
53 74
53 98
53 74
55 76
55 99
56 80
56 94
56 98
56 73
56 73
56 69
57 81
57 62
57 86
57 83
57 84
57 80
57 94
57 78
58 74
58 63
58 80
58 99
58 91
59 78
59 75
59 99
59 69
59 73
59 69
59 76
60 93
60 75
60 75
60 70
60 96
60 91
61 91
61 75
61 62
61 89
61 66
62 96
63 90
63 68
63 93
63 80
63 89
63 69
64 84
64 81
64 67
64 75
64 85
65 82
66 93
67 82
68 74
68 97
68 69
68 82
68 92
68 95
69 98
69 94
70 96
71 88
71 83
72 96
72 87
72 90
73 95
73 89
74 77
74 76
74 93
76 83
77 86
78 87
78 93
79 91
79 93
80 97
80 99
81 90
81 98
81 89
83 86
84 95
86 91
87 93
87 92
88 94
89 91
93 96
93 98
96 97
97 99
