0 72
0 96
0 90
0 91
0 51
0 67
0 32
0 32
0 17
0 38
0 20
0 39
0 21
1 31
1 44
1 45
1 27
1 2
1 73
1 70
2 68
2 70
2 18
2 84
2 65
2 86
2 95
2 71
3 32
3 43
3 73
3 12
3 68
3 90
3 48
3 77
3 67
3 97
3 45
3 11
3 6
3 31
4 51
4 15
4 37
4 52
4 76
4 21
4 31
4 26
4 6
4 67
4 76
4 79
5 61
5 67
5 32
6 74
6 35
6 55
7 39
7 48
7 9
7 89
7 16
7 11
7 20
7 96
7 45
7 65
8 15
8 56
8 52
8 58
8 96
8 45
8 40
8 28
8 86
8 25
9 87
9 96
9 40
9 14
9 45
9 15
9 26
9 35
9 40
9 12
9 67
9 45
10 18
10 81
10 81
10 13
10 31
10 58
10 22
10 32
10 35
10 70
10 82
11 98
11 93
11 50
11 15
12 58
12 72
12 38
12 27
12 84
12 20
12 94
13 71
13 59
13 58
13 88
13 60
13 89
13 45
13 33
13 90
14 91
14 75
14 17
14 60
14 33
14 19
14 18
14 17
14 59
14 52
15 32
15 76
15 96
15 98
15 70
16 90
16 56
17 48
17 92
17 45
17 25
17 88
17 81
17 81
17 30
18 77
18 85
18 61
18 50
18 24
18 82
19 83
19 86
19 53
19 34
19 72
20 90
20 67
20 59
21 39
21 24
21 72
21 94
21 72
22 32
22 36
22 45
22 62
22 49
22 36
22 92
23 73
23 27
23 44
23 77
23 51
23 96
24 96
24 67
24 63
24 96
24 97
24 75
24 75
25 95
25 50
25 71
25 73
25 87
25 75
25 35
25 41
25 93
26 57
26 48
26 96
26 79
26 53
26 72
26 86
26 93
26 68
26 92
26 72
27 54
27 93
27 31
27 29
27 48
27 60
27 46
27 30
27 40
27 60
27 69
27 61
28 52
28 33
28 79
28 74
28 79
29 76
29 39
29 90
29 69
29 71
29 87
29 86
29 78
29 86
29 51
29 95
30 85
30 72
30 77
30 42
30 34
30 47
30 85
30 38
30 53
31 85
31 53
31 94
31 39
31 55
31 94
31 39
32 85
32 97
32 65
32 81
33 53
33 64
33 80
33 67
33 81
33 38
33 82
33 44
34 60
34 66
34 88
34 81
34 37
34 39
34 48
34 77
35 41
35 90
35 89
35 51
35 68
35 56
36 63
36 68
36 72
36 59
36 79
36 98
36 80
37 77
37 48
37 73
37 57
37 84
37 51
37 60
37 83
37 78
38 47
38 65
38 96
38 64
38 76
38 50
39 68
39 96
39 79
39 63
39 40
40 79
40 72
40 58
40 63
40 95
40 52
41 63
41 83
41 46
41 95
41 94
41 95
41 51
41 66
41 95
42 75
42 61
42 56
42 48
42 65
42 46
43 77
43 60
43 69
43 87
43 67
43 74
43 44
43 90
44 84
44 79
44 81
44 66
44 80
44 63
44 80
45 69
45 85
45 52
45 76
46 57
46 67
46 78
47 73
47 79
47 78
47 93
47 54
48 62
48 53
48 50
48 67
48 95
48 69
48 75
48 75
49 65
49 73
49 98
49 92
49 84
49 53
50 86
50 72
50 64
50 78
51 95
51 56
51 80
51 67
51 98
51 84
51 80
52 85
52 68
52 66
52 71
53 77
54 75
54 72
55 82
55 64
55 96
55 75
55 70
55 91
56 64
56 96
56 78
56 96
56 94
57 94
57 69
57 67
57 66
57 83
58 75
58 74
58 85
59 79
59 81
59 99
59 77
59 74
60 95
60 94
60 90
61 76
61 71
61 68
62 85
62 73
63 86
63 88
63 65
63 85
63 73
64 68
64 77
64 95
64 90
64 91
64 80
64 93
65 83
65 99
65 87
65 68
65 92
66 89
66 76
66 71
66 93
66 80
66 93
67 93
67 74
68 93
68 84
68 94
68 90
68 78
68 89
69 90
69 79
69 75
69 70
70 74
70 81
70 98
70 82
71 77
71 98
71 96
71 83
71 97
72 82
72 92
73 91
73 88
74 84
75 96
75 95
75 87
75 86
76 78
76 79
77 91
77 94
78 79
78 83
78 81
79 80
79 95
79 86
80 88
82 84
82 84
82 85
83 86
84 97
85 93
85 94
85 88
86 88
86 88
87 99
87 97
87 98
89 98
89 92
90 93
91 98
92 97
95 98
95 96
