0 62
0 35
0 57
0 15
0 38
0 74
0 55
0 59
0 33
0 3
0 79
1 14
1 8
1 40
1 2
1 42
1 41
1 2
1 25
2 26
2 34
2 68
2 29
2 6
2 74
2 63
2 32
2 65
2 89
2 72
2 6
3 69
3 19
3 82
3 87
3 63
3 56
3 9
3 5
3 61
4 29
4 15
4 61
4 71
4 78
5 53
5 78
5 11
5 10
5 52
5 26
5 94
5 92
5 74
5 69
5 55
6 28
6 30
6 29
6 22
6 34
6 67
6 68
7 51
7 85
7 31
7 71
7 72
7 52
7 77
7 17
8 67
8 87
8 28
8 67
8 62
8 56
8 69
8 57
8 32
8 80
9 49
9 84
9 93
9 98
9 88
9 53
9 99
9 82
9 26
9 52
9 48
9 29
10 73
10 80
10 64
10 76
10 19
10 96
10 88
10 47
10 62
10 88
11 52
11 72
11 13
11 67
11 67
11 57
11 70
11 19
11 52
11 33
12 65
12 49
12 53
12 32
12 20
12 70
12 31
12 86
12 67
12 79
12 76
12 31
13 99
13 55
13 62
13 19
14 36
14 18
14 37
14 60
14 48
14 69
14 71
15 57
15 58
15 22
15 72
15 45
15 70
15 49
15 79
15 94
16 89
16 45
16 46
16 24
16 94
16 80
16 39
16 39
17 75
17 93
17 36
17 19
17 80
17 50
17 30
18 75
18 75
18 99
18 35
18 25
18 99
18 59
18 51
18 70
18 71
19 77
19 74
19 78
19 40
19 43
19 60
19 69
19 20
20 52
20 29
20 55
20 95
20 58
20 65
20 73
21 40
21 45
21 26
21 82
22 32
22 55
22 65
22 91
22 80
22 65
22 25
23 75
23 55
23 90
23 85
23 86
23 89
23 75
23 35
23 70
23 60
23 79
24 66
24 38
24 53
24 67
24 77
24 70
25 36
25 27
25 28
25 66
25 60
26 93
26 89
26 95
26 48
26 64
26 85
26 62
26 48
26 93
27 66
27 68
27 99
27 88
27 55
28 40
28 97
28 71
28 75
29 89
29 59
29 94
29 46
29 79
29 86
29 63
29 91
29 98
29 85
30 64
30 49
30 51
30 71
31 52
31 68
31 88
31 54
31 58
31 96
31 95
31 80
31 87
32 52
32 86
32 84
32 41
32 39
32 74
32 37
33 70
33 62
33 82
33 73
33 42
33 44
33 87
33 42
33 52
33 54
34 76
34 60
34 37
34 74
34 73
35 56
35 43
35 41
35 63
35 63
35 85
35 51
35 56
35 47
35 40
36 41
36 47
36 66
36 45
36 39
36 87
36 40
36 52
37 52
37 39
37 52
37 53
38 62
38 87
38 96
38 61
38 84
38 87
38 44
38 58
39 97
39 41
39 66
39 80
39 83
39 50
40 87
40 49
40 53
40 72
40 48
40 78
40 83
41 96
41 91
41 70
41 92
41 65
41 64
41 71
42 82
42 83
43 48
43 95
44 65
44 65
44 94
44 89
44 79
44 81
44 69
44 61
44 71
45 63
45 66
45 83
45 58
45 47
45 99
45 89
46 98
46 81
46 51
46 72
46 68
46 53
46 56
46 95
47 88
47 91
47 85
47 64
47 57
48 52
48 93
48 84
48 90
48 51
49 57
49 97
49 59
49 56
49 96
49 77
50 52
50 86
51 53
51 70
51 80
51 76
51 89
52 96
52 65
52 69
52 95
52 67
52 85
53 97
53 73
54 94
54 76
54 71
54 61
55 97
55 59
55 76
55 70
55 91
56 97
56 68
56 59
56 95
56 83
56 71
56 64
57 67
57 71
57 66
57 67
57 73
57 83
57 96
57 62
57 82
57 96
58 94
58 61
59 74
60 78
60 64
60 82
60 82
61 69
61 64
61 63
61 96
61 76
62 65
62 87
62 87
62 91
62 79
62 88
63 66
63 87
63 94
64 99
64 65
64 98
64 97
64 88
64 75
65 73
65 78
65 91
66 67
66 69
67 79
67 80
67 92
67 98
67 98
68 90
68 78
68 94
68 87
68 72
68 81
68 77
68 74
68 93
69 83
69 74
69 75
69 89
69 70
70 85
71 77
71 95
72 94
72 93
72 88
72 92
72 93
73 90
73 77
73 99
74 97
74 80
76 89
77 95
77 84
77 89
78 90
79 88
79 86
80 82
80 88
80 86
80 88
81 87
82 97
82 92
84 99
86 88
88 92
89 99
89 98
91 99
