0 22
0 93
0 32
0 85
0 90
0 38
0 7
1 93
1 57
1 54
1 89
2 61
2 8
2 93
2 33
2 49
2 19
3 35
3 74
3 24
3 78
3 71
3 80
4 59
4 50
4 60
4 28
4 65
4 18
5 12
5 68
5 64
5 33
5 10
5 84
5 25
5 76
5 27
5 31
5 37
5 94
5 58
6 63
6 55
6 85
6 56
6 64
6 16
6 67
6 68
6 11
6 27
6 64
6 47
6 96
7 88
7 21
7 82
7 32
7 56
7 72
7 96
7 82
7 41
7 73
7 11
7 70
7 31
7 72
7 98
8 86
8 72
8 89
8 43
8 18
8 40
8 10
8 60
8 87
8 79
9 50
9 18
9 89
9 66
9 49
10 18
10 45
10 37
10 45
10 72
10 23
10 86
10 99
10 86
10 92
11 86
11 34
11 38
11 77
11 46
11 29
11 44
11 80
11 61
11 60
11 89
12 25
12 35
12 68
13 77
13 49
13 68
13 66
13 28
13 32
13 93
13 36
13 81
13 25
13 67
14 71
14 40
14 44
14 27
14 67
14 75
14 32
14 15
14 18
14 64
14 94
15 21
15 47
15 60
15 94
15 19
16 52
16 71
16 26
16 95
16 40
16 32
16 34
17 19
17 77
17 40
17 18
17 21
17 39
17 34
17 50
18 71
18 37
18 73
18 89
18 49
18 49
18 98
18 89
18 94
18 79
19 23
19 94
19 59
19 59
19 81
19 32
19 73
19 68
19 31
19 90
20 80
20 42
20 32
20 63
20 23
20 73
20 38
21 30
21 48
21 48
21 73
21 34
21 56
21 51
21 63
21 65
22 66
22 83
22 78
22 59
22 43
22 39
22 24
23 38
23 47
23 38
23 37
23 45
23 60
23 60
23 42
23 37
23 81
24 87
24 36
24 93
24 63
24 96
24 26
24 32
24 40
24 33
25 68
25 47
25 76
25 32
25 83
25 81
25 85
25 65
25 73
26 98
26 80
26 80
26 64
26 42
26 53
27 49
27 45
27 75
27 57
27 89
27 92
28 80
28 35
28 79
28 95
28 29
28 36
28 52
28 45
28 96
28 59
28 85
28 85
29 84
29 95
29 65
29 70
29 71
30 64
30 69
30 65
30 88
30 96
31 90
31 42
31 60
32 84
32 97
32 37
32 67
32 85
32 57
32 75
32 55
33 46
33 80
33 75
33 38
33 51
33 72
33 60
34 84
34 87
34 54
34 60
35 65
35 99
35 86
35 52
35 70
35 88
35 86
35 66
36 62
36 37
36 52
36 86
36 91
36 86
36 82
36 47
36 53
36 52
36 56
37 78
37 45
37 63
37 64
37 44
37 39
37 56
37 55
37 82
38 86
38 82
38 88
38 51
38 85
38 92
38 93
39 87
39 78
39 46
40 97
40 78
40 87
40 94
40 62
40 68
40 96
40 95
40 74
41 99
41 51
41 63
41 63
41 51
41 51
42 46
42 63
42 79
42 80
42 66
42 83
43 76
43 87
43 85
43 58
44 57
44 60
44 79
44 65
44 73
44 74
45 83
45 91
45 66
45 84
46 89
46 85
46 92
46 61
47 96
47 90
47 50
47 63
47 68
47 60
47 56
47 69
47 57
47 64
47 71
48 74
48 62
48 88
48 93
48 93
49 59
49 65
49 60
50 72
50 75
50 54
50 75
50 78
51 59
51 98
51 84
51 65
51 94
51 97
51 97
51 57
52 66
53 70
53 86
53 94
53 90
53 98
54 79
54 77
54 87
54 74
55 77
55 92
55 96
55 61
55 93
56 97
56 83
56 99
57 97
57 94
57 67
57 72
57 96
57 91
58 99
58 64
58 89
58 64
58 71
59 69
59 63
59 91
59 91
60 94
60 88
60 61
61 98
61 74
61 77
61 86
62 91
62 66
62 76
62 96
63 85
63 86
63 66
63 84
64 94
64 84
64 80
65 90
65 67
65 98
65 70
66 97
66 77
66 75
66 77
67 71
68 90
68 80
69 89
69 97
70 92
71 90
71 97
71 76
71 86
72 84
72 80
73 95
73 97
73 99
74 95
74 80
74 90
74 86
74 93
74 99
75 76
75 92
75 87
76 86
76 85
76 91
77 95
77 82
78 81
78 83
79 84
79 84
79 93
79 81
80 82
81 85
82 94
83 98
85 87
85 95
86 97
86 92
89 90
90 96
91 98
91 95
91 95
92 98
92 93
93 96
94 97
94 97
97 99
