0 42
0 8
0 52
0 69
0 97
0 96
0 73
0 64
0 27
0 67
1 47
1 72
1 98
1 99
1 67
1 5
1 14
1 85
2 74
2 9
2 13
2 96
2 80
2 98
2 39
2 73
2 48
2 22
2 82
2 69
3 27
3 42
3 66
3 7
3 19
3 8
3 21
3 56
3 92
3 64
3 7
3 41
3 11
3 59
4 34
4 69
4 54
4 5
4 38
4 49
4 57
4 97
4 85
4 75
5 49
5 32
5 78
5 82
5 74
5 68
5 66
6 35
6 50
6 49
6 45
6 9
6 71
6 33
6 38
6 36
6 37
7 38
7 38
7 23
7 79
7 14
7 30
7 29
7 64
7 97
7 53
8 88
8 86
8 22
8 74
8 45
8 43
8 64
8 54
8 24
8 14
9 57
9 97
9 43
9 28
9 80
9 19
9 85
9 57
9 44
9 13
10 20
10 84
10 67
10 81
10 60
10 32
11 21
11 83
11 14
11 56
11 23
11 90
12 21
12 40
12 44
12 37
12 81
12 93
12 42
12 37
12 37
12 84
13 35
13 92
13 99
13 27
13 80
13 72
13 46
13 84
14 98
14 61
14 18
14 66
14 26
14 45
15 28
15 27
15 38
15 67
15 96
15 24
15 96
15 35
15 43
16 79
16 52
16 18
16 78
16 92
16 97
16 33
16 21
17 84
17 62
17 75
17 83
17 52
17 57
17 41
17 37
17 59
17 64
17 79
17 30
17 47
17 47
18 44
18 36
18 73
18 25
18 88
18 90
18 28
19 47
19 56
19 58
19 67
19 55
19 74
19 44
19 75
20 40
20 81
20 65
20 39
20 62
20 85
20 54
21 43
21 52
21 66
21 24
21 27
21 33
21 57
21 29
22 45
22 31
22 88
22 48
22 25
22 97
23 99
23 25
23 78
23 58
23 59
23 97
23 48
23 74
23 30
23 37
23 89
24 37
24 38
24 78
24 26
24 56
25 64
25 97
25 98
25 95
25 28
25 50
25 35
25 90
26 64
26 36
26 67
26 93
26 31
26 72
26 61
26 65
26 84
26 31
27 28
27 28
27 30
27 78
27 54
27 57
27 76
27 90
27 93
27 75
27 55
28 46
28 45
28 50
28 53
28 35
28 94
28 95
28 48
29 80
29 86
29 41
29 44
29 54
29 85
29 72
30 98
30 69
30 94
30 70
30 93
30 37
30 35
30 38
31 56
31 37
31 33
31 91
31 99
31 38
31 83
31 72
31 95
32 78
32 60
32 85
32 94
32 77
32 96
33 65
33 42
33 47
33 53
33 68
34 87
34 74
34 82
34 75
35 43
35 67
35 84
35 68
35 60
36 96
36 44
36 93
36 98
36 44
36 75
37 56
37 74
37 72
38 46
38 72
38 67
38 90
39 81
39 46
39 45
39 60
40 89
40 81
40 95
40 50
40 98
40 77
41 75
41 54
41 65
41 97
41 43
41 82
41 45
41 53
41 59
42 92
42 55
42 77
42 52
42 44
42 55
42 71
42 88
43 67
43 63
43 98
43 74
43 61
43 83
43 88
43 71
43 83
44 58
44 83
44 74
44 73
44 81
44 64
45 84
45 91
45 73
45 70
45 57
46 74
47 96
47 98
47 58
47 67
48 90
48 80
48 88
49 88
49 99
49 93
49 66
49 97
49 68
50 84
50 64
50 58
50 58
50 83
50 84
50 99
50 72
50 94
51 66
51 77
51 80
51 84
51 80
52 80
52 55
53 85
53 54
53 78
53 84
53 96
54 61
54 93
54 93
54 82
54 98
55 60
55 83
55 57
55 93
55 76
55 95
55 95
56 62
56 82
56 78
56 74
56 80
56 76
57 59
57 63
57 76
58 99
58 82
58 68
58 98
59 63
59 63
59 69
59 68
59 72
59 96
60 97
60 71
60 92
60 76
60 73
60 83
60 82
60 61
60 62
61 90
61 69
61 92
62 95
62 66
62 63
62 74
62 98
63 97
63 87
63 99
63 72
64 83
64 98
64 81
64 71
65 66
65 74
65 89
65 87
66 96
66 73
66 94
66 97
67 97
67 91
67 90
67 89
67 99
69 85
69 97
70 73
70 86
70 72
70 95
71 90
71 96
71 77
71 92
72 81
72 85
74 96
75 91
76 84
77 99
77 97
78 89
78 93
79 98
79 84
80 84
80 99
80 90
80 90
81 86
84 87
84 95
84 98
86 98
86 93
87 96
92 98
93 96
95 98
