0 36
0 92
0 83
0 39
0 42
0 39
0 98
1 19
1 81
1 95
1 95
1 14
1 83
1 68
1 98
1 67
1 42
1 96
2 98
2 68
2 75
2 44
3 14
3 70
3 6
3 86
3 41
3 29
3 21
3 53
4 18
4 94
4 82
4 46
4 39
4 60
4 16
4 52
4 69
4 76
5 24
5 99
5 85
5 75
5 90
5 7
5 10
5 66
5 41
6 68
6 92
6 89
6 58
6 43
6 94
6 42
6 57
6 7
6 31
7 88
7 60
7 90
7 57
7 66
7 18
8 51
8 82
8 21
8 35
8 20
8 53
8 94
8 89
8 36
8 67
8 74
8 21
8 41
8 96
9 44
9 82
9 52
9 33
9 96
9 68
9 96
9 75
9 52
10 26
10 81
10 61
10 25
10 27
10 65
10 86
10 55
11 57
11 63
11 26
11 44
11 93
11 30
11 68
11 46
11 87
11 25
12 51
12 80
12 59
12 19
12 88
12 48
12 81
12 57
12 16
12 38
13 35
13 52
13 26
13 78
13 18
13 62
13 22
13 29
13 76
13 93
13 39
13 51
13 20
14 60
14 98
14 43
14 20
14 52
14 42
15 25
15 68
15 29
15 70
15 49
16 43
16 67
16 51
16 18
16 91
16 24
16 80
16 45
16 98
17 26
17 34
17 84
17 20
17 93
17 88
17 30
17 53
18 66
18 72
18 74
18 57
18 76
18 70
18 25
19 81
19 25
19 31
19 81
19 50
20 89
20 65
20 48
20 94
20 26
20 38
20 22
20 27
20 85
20 95
20 85
20 26
20 89
20 86
20 24
20 74
20 55
20 96
21 44
21 37
21 98
21 51
21 33
21 76
22 63
22 23
22 88
22 94
22 73
22 31
22 73
23 30
23 75
23 41
23 90
23 50
23 95
23 40
23 48
23 26
23 88
24 39
24 90
24 77
24 69
24 98
24 82
25 36
25 80
25 60
25 35
25 72
25 72
25 81
26 53
26 62
26 48
26 27
26 38
26 53
27 39
27 82
27 89
27 30
28 68
28 73
28 32
28 65
28 43
28 81
28 36
28 68
28 73
29 89
29 62
29 51
29 73
30 78
30 83
30 68
30 51
30 80
30 99
30 78
30 49
30 31
30 54
31 73
31 93
31 91
31 75
31 40
31 56
31 68
31 82
31 39
32 61
32 36
32 35
32 46
32 51
32 76
32 58
32 42
33 48
33 86
33 98
33 93
33 79
33 82
33 64
34 72
34 39
34 66
34 72
34 78
34 97
34 69
34 56
34 72
34 77
35 92
35 58
35 97
35 57
35 98
35 37
35 73
36 65
36 68
36 61
36 75
36 92
36 83
36 92
37 45
37 73
37 78
37 86
37 38
38 72
38 55
38 68
38 51
38 90
38 85
38 75
38 85
39 44
39 75
39 90
39 51
39 96
39 65
39 97
40 71
40 92
40 98
40 86
40 73
40 65
40 77
40 96
41 44
41 44
41 85
41 74
42 99
42 65
42 80
42 77
42 84
43 98
43 62
43 51
43 51
43 89
43 78
44 58
44 74
44 89
45 72
45 88
45 48
45 78
45 78
46 95
46 70
46 61
46 57
46 74
46 72
47 89
47 56
47 69
48 62
48 80
48 64
48 63
48 54
48 83
48 78
48 64
49 52
49 82
49 91
49 59
49 53
49 85
49 54
49 75
49 56
50 88
50 93
50 77
50 64
50 75
50 71
50 57
51 90
51 74
51 74
51 77
52 96
52 53
53 93
53 86
53 75
53 55
53 65
54 71
54 66
54 87
55 70
55 89
55 84
55 70
55 68
55 90
56 83
56 79
56 89
56 81
56 91
56 88
56 64
56 90
57 92
57 86
58 69
58 90
58 82
58 63
58 66
58 88
59 69
60 89
60 82
61 65
61 98
61 92
63 80
63 77
63 74
63 82
64 67
64 69
64 82
64 86
64 82
64 73
65 94
65 66
65 92
65 96
66 72
67 69
67 87
67 87
67 94
68 71
68 90
68 83
69 73
69 78
70 96
71 94
72 80
72 81
73 74
73 84
73 84
74 97
74 94
75 76
75 95
76 80
76 85
76 81
76 80
77 89
77 83
77 94
77 95
77 87
77 92
78 94
78 82
78 88
78 83
78 89
79 92
79 86
81 95
81 87
81 89
82 99
83 98
83 88
83 96
84 86
84 91
87 92
88 92
88 91
89 90
90 95
91 96
92 98
93 94
93 97
