0 70
0 19
0 96
0 94
0 27
0 49
0 35
0 91
0 26
0 27
0 56
0 4
1 93
1 54
1 90
1 54
1 25
1 25
1 14
2 21
2 30
2 72
2 16
2 87
2 98
2 91
2 77
2 95
2 24
2 32
2 85
2 91
2 59
3 4
3 98
3 61
3 67
3 32
3 94
3 48
3 89
3 22
3 8
3 62
3 20
3 96
3 91
3 10
3 18
4 86
4 87
4 87
4 67
4 85
4 76
4 18
4 10
4 64
4 66
4 9
5 63
5 37
5 85
5 91
5 80
5 19
5 44
6 93
6 21
6 18
6 43
6 21
6 85
6 53
6 27
6 41
6 44
6 64
6 69
7 71
7 91
7 82
7 20
7 16
7 87
7 8
7 21
7 76
7 43
7 34
8 93
8 90
8 93
9 82
9 29
9 94
9 28
9 49
9 47
9 92
10 85
10 55
10 62
10 40
10 54
10 77
10 46
11 27
11 78
11 45
11 75
11 97
11 89
11 81
11 69
12 91
12 51
12 17
12 14
12 26
12 60
12 84
12 42
12 38
12 62
13 62
13 92
13 44
13 46
13 96
13 69
13 20
13 20
13 15
13 78
13 40
13 79
13 57
13 59
14 48
14 29
14 77
14 39
14 63
14 35
14 43
14 56
15 46
15 61
15 34
15 46
15 51
15 54
15 31
15 42
15 96
15 83
15 75
15 97
15 44
16 55
16 64
16 51
16 83
16 27
16 20
16 82
16 62
16 23
17 84
17 22
17 79
17 68
17 48
17 88
18 64
18 55
18 95
18 84
18 59
19 23
19 72
19 74
19 89
19 82
19 91
19 52
19 79
19 20
19 75
19 30
19 50
19 27
19 73
19 54
20 90
20 55
20 50
20 84
20 86
20 44
20 59
20 43
20 98
20 50
21 61
21 95
22 66
22 35
22 44
23 96
23 24
23 86
23 66
23 62
23 79
23 58
23 41
24 47
24 95
24 34
24 83
24 89
24 97
24 95
24 45
24 36
25 72
25 27
25 70
26 69
26 41
26 72
27 41
27 42
27 83
27 41
27 56
27 66
27 80
27 79
27 90
27 81
28 40
28 45
28 92
28 62
28 39
28 97
29 92
29 77
29 47
29 72
30 32
30 61
30 34
30 89
30 53
30 65
31 63
31 67
31 72
31 44
32 68
32 66
32 80
32 39
32 51
32 93
32 91
33 46
33 80
33 91
33 57
33 75
33 97
33 54
33 56
33 40
33 75
33 45
34 80
34 46
34 49
34 69
35 60
35 78
35 59
35 92
35 41
35 80
36 59
36 71
37 54
37 80
37 51
37 94
37 84
37 75
37 71
38 95
38 44
38 57
38 62
38 74
38 76
38 77
39 47
39 50
39 47
39 98
39 71
40 61
40 43
40 43
40 52
41 51
41 67
41 58
41 54
41 49
41 61
42 59
42 67
42 90
42 56
42 51
42 67
43 87
43 60
43 58
43 97
44 45
44 94
44 50
44 61
44 51
45 50
45 57
46 82
46 88
46 82
46 49
46 64
46 51
46 74
46 71
46 60
47 52
47 58
47 86
47 68
47 72
47 86
48 69
48 63
48 74
48 53
48 55
48 92
48 51
48 84
48 96
49 95
49 73
49 89
49 71
49 58
50 93
50 52
50 94
50 88
50 55
50 57
50 56
50 89
50 58
50 67
51 53
51 52
51 67
52 87
52 55
53 94
53 82
53 74
53 96
53 58
53 84
54 73
55 57
55 60
55 75
56 90
56 70
56 90
56 93
57 61
57 64
57 72
57 59
58 74
58 98
58 59
58 65
59 95
59 65
59 94
60 91
60 89
60 62
60 95
61 88
61 91
61 95
62 67
62 86
62 94
62 93
63 73
63 76
63 64
63 73
63 70
63 93
63 92
63 75
64 92
64 68
64 89
64 85
64 72
64 98
64 84
64 88
64 87
65 66
65 75
65 78
65 72
65 78
66 82
66 85
66 70
66 67
66 83
66 73
66 81
67 75
67 97
67 77
67 74
67 68
67 89
68 89
68 97
69 76
70 75
70 94
70 84
71 77
71 85
71 81
71 74
71 83
71 91
72 73
72 75
73 76
73 91
73 88
73 75
73 83
73 80
73 87
74 90
74 89
74 83
74 97
74 77
75 88
75 92
78 81
81 88
82 86
82 94
83 96
83 88
83 93
84 88
85 86
85 96
86 97
87 98
87 94
88 92
89 90
90 95
91 98
96 97
