0 47
0 96
0 20
0 32
0 50
0 42
0 36
0 32
0 4
0 70
0 38
1 22
1 67
1 27
1 25
1 18
1 92
1 7
1 13
1 20
1 89
1 44
1 53
1 6
2 63
2 43
2 72
2 44
2 97
2 24
2 77
2 92
2 60
2 43
2 98
3 95
3 50
3 37
3 67
3 44
3 8
3 52
3 18
3 16
4 84
4 64
4 18
4 75
4 91
4 75
4 84
4 36
4 97
4 64
4 9
4 70
5 38
5 44
5 83
5 57
5 89
5 42
5 91
6 17
6 8
6 41
6 58
6 23
6 75
6 19
6 91
6 25
6 60
7 80
7 99
7 88
7 63
7 78
8 17
8 21
8 21
8 77
8 79
8 19
8 10
8 77
8 37
8 44
8 50
8 76
8 90
8 26
8 75
8 44
8 85
9 47
9 97
9 50
9 12
9 10
9 98
9 85
9 52
9 53
9 11
9 83
10 78
10 22
10 44
10 58
10 35
10 98
10 78
10 20
10 71
10 14
11 59
11 92
11 56
11 97
11 60
11 89
11 46
11 38
11 63
12 74
12 79
12 95
12 63
12 27
12 46
12 91
12 63
13 73
13 21
13 56
13 35
13 68
13 91
13 53
13 28
13 64
14 77
14 45
14 55
14 18
14 72
14 51
14 72
14 17
15 87
15 37
15 73
15 27
15 58
15 61
15 74
15 88
15 67
15 93
15 85
16 24
16 67
16 84
16 89
16 46
16 44
16 95
17 85
17 60
17 58
17 26
17 95
17 75
17 61
17 97
17 77
17 83
18 71
18 58
18 66
18 48
18 21
18 46
18 25
19 88
19 43
19 89
19 51
19 25
19 64
19 76
20 48
20 46
20 80
20 56
20 66
20 58
21 55
21 86
21 81
21 24
21 30
21 39
21 42
21 72
21 41
21 88
21 37
21 32
21 45
22 33
22 60
22 46
22 82
22 39
22 63
22 99
22 58
22 94
22 68
23 59
23 51
23 24
23 69
23 68
23 26
23 90
23 70
23 96
23 96
23 85
23 27
24 53
25 38
25 76
25 55
25 26
25 65
26 99
26 94
26 33
26 67
27 45
27 80
27 71
28 51
28 91
28 64
28 45
28 66
29 66
29 72
29 59
29 58
29 56
29 94
29 97
30 89
30 68
30 66
30 97
30 86
31 38
31 92
31 60
31 91
31 46
31 88
31 33
32 49
32 55
32 99
32 54
32 92
33 89
33 46
33 35
33 91
33 62
33 87
33 65
34 57
34 72
34 47
34 38
34 91
34 90
34 74
34 59
34 39
34 64
35 43
36 58
36 98
36 44
36 57
36 56
37 59
37 56
37 83
37 99
38 69
38 44
38 76
38 79
38 55
39 70
39 88
39 66
40 96
40 43
40 80
40 58
40 81
40 48
41 58
41 87
41 57
41 70
41 78
41 85
41 62
42 84
42 89
42 55
42 84
42 83
43 87
43 79
43 76
43 73
43 67
44 46
44 59
44 76
44 61
44 87
44 70
44 96
45 78
45 83
45 55
45 59
45 73
45 66
45 49
45 82
45 69
45 68
45 72
46 79
46 63
46 75
46 56
46 70
47 97
47 56
47 57
47 49
47 82
47 59
47 74
47 54
47 83
48 58
48 91
49 84
49 73
49 62
49 70
49 88
50 65
50 52
50 55
51 55
51 74
51 99
51 89
51 81
51 85
51 53
52 91
52 73
52 64
52 95
53 91
53 94
54 72
54 75
54 64
54 97
54 88
54 85
55 58
55 80
55 83
55 58
55 65
56 69
56 60
56 93
57 98
57 65
57 81
57 61
57 83
58 73
58 86
58 85
58 78
58 73
58 96
59 84
59 67
59 60
59 75
60 99
60 70
61 92
61 65
61 84
61 98
62 74
62 79
62 70
62 91
62 77
63 88
63 95
63 99
63 86
63 90
63 99
63 75
63 69
64 88
64 85
64 74
64 83
64 99
65 71
65 73
65 77
65 76
66 76
66 95
66 98
66 95
67 69
67 86
68 78
68 80
69 94
69 84
69 94
69 72
69 89
70 89
71 95
71 73
72 81
73 74
73 87
73 90
73 74
73 96
74 84
74 81
74 79
74 79
75 82
75 86
77 92
77 79
77 86
78 82
78 85
78 85
79 82
79 81
79 94
80 87
81 92
82 84
82 93
82 83
82 87
82 92
83 86
83 93
85 91
85 98
86 98
86 92
86 91
88 99
93 96
95 98
97 98
