0 41
0 44
0 97
0 19
0 20
0 67
0 29
0 66
0 39
0 65
1 69
1 38
1 73
1 98
1 87
1 31
2 47
2 17
2 90
2 29
2 71
2 26
2 36
2 90
2 13
3 21
3 66
3 21
3 23
3 7
3 74
3 85
4 42
4 51
4 18
4 83
4 54
4 59
4 34
4 69
4 38
5 48
5 46
5 21
5 14
5 74
5 13
5 35
5 23
5 37
5 86
6 45
6 89
6 58
6 52
6 54
6 13
6 60
6 80
6 96
6 15
7 14
7 28
7 25
7 39
7 75
7 73
7 35
7 72
7 45
7 43
7 67
7 51
7 10
7 80
7 76
8 43
8 82
8 12
8 21
8 38
8 62
8 28
8 10
8 18
8 68
8 22
9 46
9 12
10 28
10 51
10 58
10 68
10 34
10 86
10 27
10 49
10 71
10 88
11 53
11 87
11 31
11 61
11 52
11 21
11 22
11 40
11 99
12 25
12 68
12 64
12 57
12 88
12 43
13 98
13 23
13 78
13 24
13 29
13 47
13 43
14 99
14 75
14 83
14 96
14 62
14 55
14 16
14 63
14 95
14 94
14 51
14 91
14 17
14 63
14 40
14 63
14 70
14 21
15 49
15 95
15 54
15 20
15 66
15 70
15 70
16 38
16 68
16 38
16 90
16 35
16 43
16 76
16 46
16 21
16 37
17 68
17 93
17 46
17 44
17 51
17 41
18 86
18 44
18 77
18 39
18 56
18 34
18 88
18 26
18 69
18 63
19 29
19 44
19 75
19 99
19 39
19 85
19 76
19 51
19 41
19 69
19 63
20 83
20 74
20 40
20 86
20 43
21 39
21 91
21 30
21 69
21 32
21 81
21 59
21 35
21 76
21 69
22 55
22 91
22 85
22 45
22 99
22 50
22 68
22 88
22 65
23 64
23 66
23 64
23 24
23 56
23 41
23 57
23 86
23 41
23 66
23 63
23 40
23 64
24 71
24 62
24 59
24 95
24 73
24 33
24 82
24 71
25 34
25 53
25 39
25 89
25 33
26 69
26 96
26 39
26 47
26 80
26 42
27 84
27 92
27 99
27 77
27 98
27 92
28 65
28 83
28 80
28 94
28 71
29 63
29 55
29 80
29 68
29 37
30 93
30 54
30 37
30 80
30 32
30 80
30 78
30 40
30 73
30 80
30 63
31 32
31 71
31 41
31 75
31 83
31 98
31 43
32 91
32 46
32 52
32 77
33 67
33 96
33 47
33 36
33 89
34 81
34 68
34 81
34 52
34 56
34 94
34 57
34 61
34 93
35 65
35 60
35 98
35 64
35 42
35 96
35 46
35 72
36 37
36 73
36 78
36 42
36 81
36 69
36 59
36 59
36 73
36 39
36 38
36 41
37 61
37 79
37 81
37 46
37 83
38 54
38 60
38 43
38 74
38 88
39 49
39 84
39 99
39 83
39 97
39 79
39 96
40 82
40 92
40 86
40 66
40 67
41 92
41 90
42 67
42 74
42 88
43 88
43 49
43 56
43 47
43 51
43 61
44 98
44 66
44 71
44 59
44 76
44 52
44 97
45 62
45 59
45 81
45 56
45 55
45 80
45 83
45 60
46 92
46 53
47 76
47 78
47 66
47 73
47 97
47 85
47 73
48 63
48 89
48 75
48 91
48 94
48 87
49 82
49 97
49 64
49 54
49 76
50 86
50 95
51 58
51 81
51 78
51 83
51 87
52 98
52 53
52 63
52 76
53 85
53 67
53 64
53 62
54 75
54 82
54 72
54 60
54 95
55 64
55 80
55 67
55 92
55 87
57 89
57 81
58 74
58 68
58 69
58 73
58 90
58 79
59 65
59 76
59 79
59 69
60 79
60 86
60 99
60 71
60 76
60 89
60 99
61 83
61 86
61 63
61 93
61 88
62 85
62 79
62 72
62 64
62 71
62 77
62 73
63 71
63 84
63 70
64 86
64 85
64 80
64 66
65 83
65 90
65 83
65 88
66 83
66 84
66 71
66 80
67 73
67 73
68 95
68 79
68 83
68 94
69 96
70 85
70 91
70 95
71 98
71 74
72 87
72 83
72 73
73 96
73 93
73 94
74 94
74 94
74 89
75 85
75 97
76 92
76 99
76 91
77 98
77 89
78 82
78 86
78 88
79 89
79 96
80 84
80 87
81 89
81 83
81 93
82 88
83 87
83 98
84 85
84 85
84 99
87 98
88 89
91 97
93 94
94 97
95 98
