0 93
0 21
0 43
0 28
0 52
0 78
0 48
0 55
0 97
1 38
1 61
1 75
1 48
1 9
1 50
1 9
1 5
1 23
1 42
1 23
2 6
2 56
2 51
2 74
2 69
2 8
2 65
2 33
3 26
3 73
3 39
3 42
3 17
3 48
3 14
3 27
3 5
3 71
3 64
3 57
3 83
3 77
4 85
4 10
4 29
4 14
4 70
4 33
4 36
4 70
4 43
4 68
4 17
4 76
4 89
4 88
4 26
4 14
4 30
5 79
5 38
5 54
5 27
5 54
5 78
5 21
5 70
5 54
5 90
5 47
6 58
6 34
6 49
6 45
6 21
6 74
6 27
7 92
7 63
7 27
7 27
7 98
7 62
7 92
7 10
7 32
7 9
8 50
8 74
8 64
8 30
8 37
8 21
9 35
9 46
9 10
9 33
9 89
9 25
9 78
9 46
9 32
9 32
9 13
10 78
10 84
10 92
10 80
10 53
10 18
11 89
11 19
11 76
11 53
11 63
11 46
11 93
11 17
11 32
11 91
11 26
11 70
11 19
11 88
11 35
11 96
11 28
12 87
12 68
12 25
12 57
12 34
12 84
12 59
12 57
12 98
13 66
13 42
13 14
13 28
14 75
14 90
14 37
14 21
14 92
14 57
14 29
14 39
14 67
14 31
14 93
14 59
14 75
15 37
15 88
15 82
15 37
15 31
15 34
15 74
16 64
16 99
16 45
16 35
16 52
16 79
16 86
16 90
16 49
16 80
17 80
17 54
17 59
17 40
17 90
17 45
17 79
17 51
17 19
17 88
17 79
17 37
18 46
18 40
18 61
18 46
18 79
18 42
18 50
19 21
19 46
19 45
19 31
19 99
19 33
19 40
20 60
20 88
20 54
20 42
20 88
21 42
21 33
21 50
22 88
22 31
22 64
22 54
22 80
22 51
22 87
23 47
23 62
23 78
23 84
23 62
23 58
24 76
24 76
24 71
24 61
24 85
24 80
25 65
25 75
25 54
25 83
25 88
25 48
26 56
26 57
26 66
26 88
26 66
26 88
26 88
27 74
27 51
27 62
27 39
27 33
27 39
27 90
27 55
27 73
28 29
28 80
28 65
28 43
28 48
28 59
28 46
28 78
29 83
29 53
29 82
29 64
29 89
29 74
29 71
29 67
30 85
30 55
30 35
30 36
30 35
30 31
30 34
31 99
31 87
31 71
31 68
31 39
32 66
32 87
32 43
32 58
32 85
32 46
33 96
33 36
33 66
33 52
33 88
33 63
33 43
33 65
33 60
33 95
33 71
34 83
34 83
34 52
34 35
34 90
35 95
35 95
35 53
35 57
35 85
35 45
36 91
36 43
36 69
36 39
36 37
37 63
37 90
37 85
37 40
37 81
38 39
38 88
38 90
38 42
38 68
38 67
39 62
39 91
39 90
39 60
39 47
40 76
40 64
40 96
40 47
40 59
40 68
40 98
41 48
41 90
41 55
41 76
42 61
42 79
42 89
42 92
42 54
42 93
43 55
43 81
43 76
43 86
43 48
44 63
44 56
44 84
44 71
44 86
45 62
45 58
45 73
45 47
45 66
45 65
46 64
46 52
46 74
47 85
47 62
47 64
47 50
47 69
47 78
48 71
48 70
48 77
48 70
48 98
49 75
49 95
49 83
49 68
49 65
50 61
50 81
50 81
50 74
50 66
51 93
51 74
51 77
51 81
51 75
51 84
52 55
52 95
52 84
52 98
52 59
53 71
53 91
53 95
53 76
54 71
54 88
55 81
55 84
55 56
56 81
56 58
56 66
57 97
57 91
57 90
57 89
57 66
57 59
57 64
57 76
57 58
57 62
58 70
58 72
58 71
58 62
59 71
59 61
59 88
59 66
59 83
59 79
59 64
60 76
60 76
60 69
60 76
61 81
62 81
62 91
62 90
62 94
62 63
62 78
62 63
62 98
62 63
63 85
64 79
64 74
64 68
65 88
65 70
67 93
68 98
68 74
68 82
68 80
69 86
69 93
70 90
70 77
70 78
70 77
71 85
71 81
71 92
72 77
72 92
72 90
72 83
74 96
74 83
74 98
75 89
75 94
76 89
76 77
76 85
77 84
77 81
77 98
77 87
78 81
79 94
79 89
80 88
80 92
81 99
81 98
81 89
81 82
82 88
82 91
82 85
82 98
83 91
83 92
84 97
84 94
85 97
85 90
85 88
85 99
87 97
88 93
90 98
93 95
94 95
95 96
