0 19
0 85
0 83
0 66
0 14
0 33
0 14
0 93
1 73
1 68
1 79
1 9
1 83
1 99
1 63
2 50
2 77
2 94
2 26
2 47
2 19
2 82
2 68
2 20
2 12
2 60
2 3
2 31
3 78
3 17
3 90
3 26
3 95
3 17
3 63
3 44
3 24
3 68
3 4
4 13
4 70
4 13
4 38
4 67
4 72
5 81
5 17
5 56
5 70
5 82
5 97
5 42
5 77
5 23
5 78
6 53
6 52
6 50
6 42
6 24
6 19
6 82
6 23
7 74
7 20
7 39
7 95
7 79
7 29
7 10
7 19
8 51
8 62
8 98
8 60
8 12
8 27
8 60
8 61
8 50
8 67
9 41
9 18
9 73
9 43
10 66
10 13
10 73
10 43
10 96
10 65
10 36
10 99
10 47
10 19
11 50
11 46
11 60
11 61
11 79
11 99
11 34
11 64
11 20
11 65
11 92
11 67
11 65
11 96
12 79
12 89
12 72
12 55
12 75
12 42
12 52
12 55
12 27
12 41
12 37
12 87
12 96
12 21
12 78
13 63
13 96
13 14
13 71
13 61
13 78
13 59
13 75
13 45
14 56
14 25
14 79
14 74
14 97
14 76
14 46
14 93
14 80
14 24
14 96
15 68
15 46
15 45
15 53
15 34
15 96
15 82
15 55
15 32
15 32
16 77
16 95
16 99
16 98
17 34
17 77
17 22
17 22
17 79
17 18
17 80
17 40
17 86
17 53
17 96
18 72
18 99
18 79
18 52
18 97
18 79
19 73
19 46
19 62
19 78
19 47
19 97
19 48
19 80
19 25
19 85
19 47
19 33
19 75
19 79
19 27
19 45
20 99
20 31
20 69
20 66
20 58
20 42
20 34
21 84
21 23
21 89
21 48
21 97
21 50
22 77
22 81
22 34
22 70
22 87
22 28
22 91
22 32
22 98
22 27
22 27
23 82
23 39
23 67
23 83
23 72
23 65
23 93
23 93
23 83
24 80
24 60
24 69
24 44
24 70
24 67
24 51
24 80
24 91
25 84
25 39
25 35
25 66
26 29
26 64
26 61
26 95
26 79
26 91
26 48
27 66
27 53
27 41
27 42
27 72
28 50
28 49
28 39
28 77
29 42
29 79
29 69
29 30
29 85
29 84
29 39
30 91
30 62
30 52
30 88
30 50
30 46
30 81
31 42
31 99
31 99
31 54
31 80
32 50
32 73
32 50
32 53
32 52
32 39
32 88
32 87
33 94
33 58
33 91
33 59
33 51
33 61
33 84
34 64
34 64
34 97
34 59
35 37
35 48
35 88
35 82
35 56
36 75
36 74
36 81
36 86
37 54
37 81
37 58
37 99
37 41
37 77
37 75
37 53
38 40
38 53
38 85
38 59
38 55
39 88
39 65
39 62
39 40
39 45
39 80
39 63
40 68
40 85
40 84
40 66
40 63
40 58
41 63
41 62
41 83
41 65
41 86
41 64
41 91
42 82
42 45
43 50
43 73
43 78
43 59
44 94
44 62
44 50
44 79
44 56
45 97
45 54
45 52
45 97
46 92
46 99
46 68
46 48
46 63
46 59
46 70
46 57
46 51
46 66
47 60
47 97
47 85
47 58
47 71
47 82
47 54
47 76
48 78
48 55
48 76
48 53
48 61
48 67
48 59
49 89
49 63
49 89
50 99
50 81
50 71
50 54
50 62
50 88
50 69
51 57
51 89
51 86
51 56
51 66
51 70
52 96
52 90
53 58
53 56
53 61
53 83
53 91
53 86
54 86
54 68
54 61
54 88
54 62
54 65
54 67
55 82
55 72
55 81
56 69
57 81
57 82
57 74
57 86
57 80
58 96
58 70
58 63
58 79
58 79
58 89
58 75
59 71
59 62
59 65
60 93
61 84
61 97
61 92
61 97
62 75
62 80
62 69
63 80
63 68
63 68
64 86
64 68
64 73
64 72
64 87
65 85
65 97
65 68
65 69
65 91
66 81
66 93
66 90
66 73
66 85
66 96
67 77
67 82
67 68
68 99
68 94
69 79
69 99
69 81
69 73
70 87
71 82
71 89
71 91
72 97
73 92
73 88
75 80
75 96
76 87
76 84
77 92
79 84
79 80
80 92
81 90
81 95
81 92
82 86
82 92
82 97
82 87
82 88
83 87
84 94
84 87
84 89
86 89
87 88
87 91
87 90
89 95
89 96
93 97
93 99
94 97
94 97
96 99
96 97
96 99
97 98
