0 75
0 2
0 17
0 32
0 90
0 48
0 50
0 39
0 15
0 56
0 14
0 70
0 76
0 3
0 8
0 61
1 65
1 84
1 14
1 75
1 2
1 3
2 82
2 95
2 26
2 46
2 66
3 32
3 25
3 75
3 78
3 33
3 80
3 27
3 9
3 38
4 66
4 88
4 33
4 97
4 61
4 80
5 79
5 46
5 73
5 93
5 74
5 78
5 28
5 26
6 89
6 81
6 25
6 53
6 66
6 75
6 89
6 41
6 95
6 79
7 44
7 52
7 39
7 27
7 83
8 73
8 27
8 86
8 39
8 55
8 66
9 61
9 83
9 49
9 62
9 45
9 72
9 71
9 47
9 86
9 64
9 59
9 32
9 84
9 23
10 22
10 85
10 68
10 49
11 84
11 59
11 68
11 57
12 17
12 87
12 56
12 42
12 57
12 93
12 25
12 60
12 89
12 72
12 56
13 60
13 14
13 26
13 19
13 93
13 14
13 67
13 53
13 32
13 84
13 82
13 83
14 80
14 15
14 74
14 55
14 19
14 67
14 25
14 15
15 78
15 98
15 31
15 52
15 27
15 34
15 60
15 19
15 90
15 50
15 74
16 72
16 71
16 27
16 24
16 94
16 83
16 81
16 66
17 38
17 88
17 34
17 41
17 21
17 89
17 68
17 64
17 36
17 38
17 63
17 99
17 82
18 44
18 87
18 89
18 33
18 44
18 48
18 60
18 64
18 50
18 92
18 29
18 74
18 62
19 52
19 57
19 34
19 45
19 57
19 83
19 75
19 47
20 22
20 64
20 80
20 28
20 71
20 46
20 95
20 70
20 83
20 60
20 68
20 63
20 35
20 87
21 41
21 62
21 47
21 93
21 32
21 43
21 53
21 48
21 55
22 43
22 96
22 69
22 77
23 95
23 45
23 86
24 48
24 52
24 76
24 40
24 67
24 55
24 31
25 53
25 63
25 29
25 97
25 60
25 85
25 97
25 34
25 80
25 84
25 61
25 51
25 71
25 31
25 42
26 78
26 50
26 71
26 44
26 45
27 39
27 90
27 39
27 84
27 72
28 83
28 77
28 90
28 93
28 58
28 94
28 38
28 92
28 43
28 82
28 59
29 61
29 85
29 71
29 88
29 44
30 61
30 82
30 90
30 52
30 46
30 91
30 74
30 75
31 45
31 47
31 60
31 81
31 46
31 97
31 36
32 64
32 67
32 70
32 60
32 60
32 91
32 56
32 67
32 34
32 35
32 56
33 35
33 86
33 53
34 44
34 45
34 39
34 94
34 61
34 80
35 74
35 77
35 61
36 50
36 81
36 86
36 96
36 60
36 81
37 91
37 68
37 71
37 76
37 98
37 84
38 54
38 85
38 50
38 42
38 73
38 92
38 47
39 60
39 46
39 96
39 58
39 58
39 47
39 54
39 59
39 52
40 43
40 49
40 92
40 97
40 94
40 90
41 71
41 75
41 68
41 44
42 76
42 68
42 47
42 79
42 57
42 70
42 93
43 91
43 94
43 78
44 85
44 75
44 98
44 80
44 61
44 71
44 49
45 97
45 75
45 46
46 62
46 63
46 47
47 55
47 92
48 64
48 89
48 81
48 86
48 73
48 83
49 96
49 94
49 69
49 76
49 76
50 65
50 68
51 59
51 96
51 59
51 57
51 98
51 77
51 82
51 72
51 85
52 55
52 98
52 65
52 53
52 73
53 79
53 87
53 91
53 92
53 72
53 90
53 78
54 76
54 98
54 72
55 85
55 96
55 72
55 90
55 95
56 92
56 72
56 58
56 86
56 77
57 88
57 61
57 59
57 59
57 76
57 86
57 60
57 97
58 90
58 87
58 78
58 63
58 60
58 83
58 75
59 87
59 94
59 92
60 83
61 63
61 99
61 67
61 83
61 76
61 99
62 81
62 93
62 90
62 63
62 88
63 70
63 78
63 89
63 70
64 73
64 99
64 95
64 80
64 65
64 86
65 87
65 76
65 84
66 89
66 97
66 89
67 89
67 85
68 92
68 81
69 84
69 86
69 96
70 74
70 88
70 75
70 83
70 99
70 76
71 77
71 94
71 99
71 73
72 87
73 88
74 98
74 98
75 98
75 77
75 91
76 99
76 95
76 85
76 78
76 80
77 97
77 86
77 92
77 81
78 80
78 94
78 84
80 84
81 97
83 99
83 85
83 97
84 87
84 92
85 92
86 90
88 98
89 97
89 93
91 96
93 98
93 98
