0 43
0 68
0 35
0 37
0 38
0 38
0 99
0 30
1 89
1 95
1 20
1 80
1 5
1 25
1 45
1 9
1 64
1 11
1 57
1 94
1 82
1 19
1 41
1 61
1 7
2 35
2 5
2 24
2 50
2 84
2 67
2 68
2 75
3 24
3 33
3 8
3 20
3 40
3 42
3 67
3 10
3 78
3 11
3 88
4 86
4 70
4 57
4 54
4 47
4 33
5 34
5 61
5 77
5 67
5 8
5 29
5 50
5 30
6 94
6 95
6 92
6 70
6 84
6 98
6 91
6 91
6 16
6 25
6 45
6 22
6 37
6 40
7 20
7 88
7 38
7 9
7 49
7 83
7 94
7 94
7 94
8 72
8 46
8 95
8 72
8 87
8 43
8 37
8 65
8 18
8 56
8 32
8 29
8 19
8 95
9 32
9 27
9 54
9 42
9 63
9 17
9 98
9 21
9 67
9 61
9 74
9 50
9 38
10 11
10 26
10 73
10 86
10 41
10 46
10 39
10 17
10 47
11 18
11 93
11 35
11 14
11 16
11 96
11 84
11 46
12 42
12 77
12 80
12 80
12 49
12 20
12 53
12 51
12 75
13 37
13 71
13 21
13 37
13 27
13 30
14 57
14 26
14 99
14 47
14 99
14 17
14 25
14 92
15 66
15 50
15 60
15 74
15 54
15 44
16 93
16 68
16 79
16 50
16 44
16 97
16 94
17 72
17 68
17 21
17 83
17 78
17 35
18 60
18 74
18 32
18 52
18 28
18 55
18 25
18 90
19 76
19 88
19 79
19 50
19 58
19 21
19 25
19 53
19 55
19 29
19 28
19 32
19 25
20 66
20 89
20 24
20 93
20 43
20 36
20 46
20 75
21 92
21 23
21 54
21 98
21 36
21 46
21 43
22 40
22 79
22 83
22 29
22 89
22 85
22 68
22 33
22 88
22 73
23 99
23 32
23 77
23 48
23 82
23 25
23 82
23 39
24 43
24 81
24 88
25 27
25 56
25 35
25 44
25 91
25 95
25 65
25 90
25 42
25 52
25 81
26 27
26 57
26 66
27 45
27 42
27 80
27 46
27 81
27 30
27 73
27 31
27 62
27 55
27 56
27 72
27 77
28 50
28 76
28 68
28 38
28 81
29 71
29 86
29 38
29 47
29 41
30 71
30 67
30 89
30 99
30 83
30 96
31 89
31 99
31 97
31 91
31 53
31 96
32 54
32 51
32 33
32 84
32 60
32 96
33 45
33 72
33 87
33 57
34 41
34 58
34 77
34 94
34 79
34 50
34 63
35 90
35 70
35 54
35 79
35 78
36 78
36 82
36 86
37 71
37 86
37 79
37 96
37 93
37 62
37 89
37 86
37 52
37 88
38 79
38 81
38 86
38 70
38 58
38 40
38 82
38 76
38 57
38 41
38 76
38 70
39 74
39 63
39 96
39 58
39 48
39 51
40 83
40 57
40 51
40 58
40 55
41 59
41 88
42 54
42 92
43 95
43 88
43 82
43 79
43 70
43 94
43 97
44 90
44 50
44 62
44 66
44 59
44 91
45 72
45 53
45 56
45 95
45 82
45 88
46 80
46 53
46 55
46 56
46 49
46 73
46 51
46 52
46 70
46 94
47 52
47 50
47 67
47 52
48 75
48 78
48 51
48 75
48 65
48 84
49 87
49 55
49 82
49 98
50 82
50 52
50 57
51 97
51 65
51 90
52 57
52 93
52 74
52 57
52 69
53 92
53 71
53 71
53 88
53 64
54 83
54 96
54 64
54 93
55 95
55 94
55 68
55 80
55 93
55 84
55 81
56 75
56 83
56 78
56 68
56 69
56 90
56 71
57 80
57 69
57 94
57 93
57 93
57 62
57 74
57 78
58 97
58 63
58 63
58 75
59 69
59 66
59 90
59 98
59 91
59 77
60 67
60 97
60 94
61 84
62 99
62 99
63 82
63 90
63 97
63 99
63 68
64 96
64 89
64 90
64 91
65 85
66 87
67 76
67 82
68 94
69 80
69 99
69 88
70 85
70 71
71 99
71 97
71 86
72 89
73 93
73 84
73 75
74 88
75 99
75 91
75 80
75 90
75 76
75 89
75 85
76 86
76 91
76 94
76 81
76 77
76 80
76 89
77 95
79 99
79 86
80 94
80 95
80 97
81 91
82 95
84 99
85 93
85 93
85 98
86 95
86 99
86 97
87 93
88 90
89 94
90 97
92 97
93 97
95 98
97 99
