0 23
0 83
0 90
0 51
0 7
0 9
0 92
0 16
0 47
0 77
1 24
1 34
1 84
1 65
1 2
1 12
1 35
1 82
1 73
1 3
1 11
1 10
1 82
1 86
2 98
2 52
2 18
2 87
2 19
2 59
2 94
3 95
3 25
3 36
3 73
4 48
4 19
4 10
4 27
4 51
4 60
4 74
4 45
4 26
4 91
4 36
4 51
4 84
5 19
5 41
5 68
5 18
5 53
6 54
6 45
6 33
6 98
6 15
6 79
6 31
6 65
6 93
6 29
7 9
7 24
7 26
7 77
7 37
7 47
8 86
8 12
8 92
8 20
8 58
8 45
8 42
8 60
8 97
8 96
9 41
9 46
9 47
9 67
9 52
9 31
9 15
9 40
10 47
10 90
10 47
10 72
10 79
11 51
11 33
11 13
11 65
11 32
11 99
11 86
11 26
12 60
12 34
12 52
12 98
12 60
12 84
12 80
12 64
12 82
12 39
12 56
12 18
13 95
13 54
13 54
13 86
14 79
14 72
14 93
14 26
14 81
15 79
15 83
15 59
15 43
15 82
15 97
16 45
16 33
16 93
16 41
16 22
16 42
16 21
16 41
17 81
17 70
17 98
17 91
17 51
17 66
18 32
18 98
18 55
18 54
18 32
18 90
18 25
18 21
18 40
18 62
18 50
19 71
19 49
19 40
19 83
19 93
19 37
19 61
19 64
19 84
20 42
20 98
20 97
20 95
20 41
20 34
20 33
20 86
21 88
21 53
21 78
21 81
21 82
21 60
21 74
22 32
22 95
22 23
22 55
22 35
22 84
22 34
22 40
22 66
22 28
22 60
23 83
23 61
23 83
23 34
23 50
23 27
23 44
23 58
23 36
24 28
24 59
24 84
24 59
24 44
24 31
24 82
25 38
25 58
25 73
25 35
25 53
25 87
25 61
25 71
25 62
26 77
26 74
26 70
26 38
26 74
26 80
26 51
26 81
26 32
26 92
26 28
27 46
27 49
27 52
27 46
27 32
28 69
28 29
28 33
28 42
28 66
28 68
28 94
29 40
29 34
29 70
29 93
29 43
29 93
29 65
29 60
30 85
30 64
30 42
30 73
30 51
30 81
30 78
30 40
30 97
31 72
31 38
31 58
31 57
31 69
32 53
32 65
32 54
32 70
32 62
33 44
33 71
33 60
34 61
34 73
34 73
34 70
35 46
35 92
35 90
35 95
35 63
35 75
35 53
36 70
36 84
37 80
37 72
37 84
37 84
37 60
37 88
37 97
37 46
37 71
37 40
38 66
38 47
38 79
38 81
38 82
38 92
39 78
39 48
39 83
39 68
39 41
39 46
39 51
39 73
39 51
39 91
39 62
40 47
40 97
40 82
40 71
41 95
41 85
41 87
41 72
41 87
41 61
41 92
41 46
41 79
42 57
42 99
42 69
42 62
42 90
43 66
43 48
43 94
44 54
44 59
44 90
45 98
45 72
45 55
45 86
45 57
46 74
46 75
46 88
46 66
46 63
46 74
46 94
46 67
46 62
46 97
46 56
47 52
47 59
47 57
47 88
47 62
48 71
48 61
48 71
48 97
48 88
48 82
49 71
49 50
49 69
49 75
49 63
49 77
50 56
50 77
50 77
51 57
51 64
51 81
51 91
51 62
52 90
52 62
52 56
53 98
53 97
53 98
53 58
54 93
54 78
54 97
54 63
54 64
54 92
54 60
54 99
54 58
54 57
54 67
55 91
55 61
55 72
55 59
55 99
55 75
56 85
56 89
57 94
57 80
57 61
58 93
58 98
59 71
59 98
59 69
60 85
60 66
60 64
61 94
61 90
61 90
61 71
61 71
62 93
62 64
62 95
63 85
63 67
63 67
63 98
64 97
64 99
64 84
64 88
65 98
65 66
66 98
66 99
66 84
66 75
66 82
67 77
67 87
68 71
69 84
69 73
69 89
69 96
69 94
70 83
70 79
71 79
71 92
71 75
71 96
71 79
72 85
72 77
72 78
73 87
73 85
73 98
73 76
73 81
73 81
74 89
74 79
74 83
75 87
76 78
76 99
76 85
76 79
77 93
77 93
78 94
78 91
78 94
78 99
79 92
79 90
79 96
79 94
80 98
80 83
80 92
80 84
80 81
81 85
82 88
83 89
83 94
86 94
86 88
86 89
87 88
89 94
89 95
89 96
89 99
90 94
90 92
90 91
91 99
91 95
91 93
92 94
93 94
94 98
95 98
96 98
