0 90
0 1
0 20
0 19
0 77
0 65
0 89
0 60
0 30
0 49
0 74
1 41
1 50
1 14
1 8
1 83
1 97
1 65
1 36
1 5
1 43
1 84
1 85
2 53
2 84
2 39
2 24
2 85
2 86
2 66
2 26
2 75
2 83
3 37
3 29
3 39
3 57
3 96
3 72
3 14
3 10
3 13
3 90
4 26
4 94
4 17
4 99
4 60
4 44
4 19
4 75
5 35
5 59
5 55
5 88
5 16
5 9
5 13
5 50
5 29
5 50
6 30
6 67
6 63
6 62
6 64
7 57
7 8
7 79
7 32
7 96
7 36
7 52
8 37
8 29
8 80
8 43
8 91
8 56
8 38
8 22
8 72
8 47
8 10
8 13
8 77
8 70
8 82
9 79
9 75
9 13
9 43
9 91
9 16
9 75
9 27
9 13
9 26
9 44
10 68
10 63
10 82
10 22
10 70
10 13
10 67
10 56
10 73
11 25
11 36
11 46
11 96
11 44
11 94
11 24
11 22
11 54
12 15
12 29
12 94
12 74
12 16
12 95
12 51
12 78
12 44
12 82
12 92
12 49
12 32
13 87
13 51
13 49
13 52
13 26
13 89
13 34
13 51
13 48
14 82
14 60
14 65
14 69
15 54
15 28
15 66
15 81
15 93
15 81
15 33
16 57
16 31
16 72
16 29
16 64
16 50
16 81
16 47
16 43
17 76
17 36
17 66
17 52
17 63
17 81
17 18
17 41
18 82
18 26
18 29
18 95
18 24
18 24
19 22
19 80
19 47
19 81
19 92
19 62
19 71
19 58
20 27
20 29
20 84
20 53
20 23
20 45
20 91
21 64
21 98
21 37
21 59
21 47
21 76
21 86
21 63
21 44
22 54
22 31
22 26
22 56
22 38
22 53
22 26
23 80
23 90
23 82
23 45
23 26
23 99
23 49
23 33
23 34
23 76
23 37
24 91
24 64
24 41
24 39
24 42
24 66
24 98
24 44
25 32
25 48
25 75
25 30
25 98
25 26
25 54
25 84
26 92
26 34
26 63
26 54
26 59
26 95
26 74
27 39
27 55
27 29
27 48
27 60
27 41
27 90
28 58
28 88
28 43
28 86
28 38
28 92
29 48
29 45
29 88
29 53
29 60
29 53
29 59
29 45
29 55
29 68
29 59
30 71
30 39
30 62
30 79
31 49
31 94
31 92
31 76
31 55
31 78
31 71
31 71
31 74
31 81
32 56
32 46
32 64
32 69
32 76
32 92
32 71
32 92
33 89
33 94
33 96
33 67
33 88
33 83
34 48
34 41
34 96
34 55
34 48
34 77
34 36
34 97
34 84
34 80
35 95
35 92
35 66
36 62
36 76
36 90
36 74
36 39
36 81
36 84
37 91
37 58
37 43
37 88
37 84
37 70
38 48
38 54
38 46
38 64
38 90
38 66
38 82
39 94
39 75
39 82
39 83
39 54
39 44
40 48
40 98
40 85
40 42
40 91
40 81
40 44
41 56
41 94
41 77
41 50
41 79
41 61
42 85
42 67
42 83
42 74
42 57
43 97
43 47
43 80
43 87
44 54
44 65
44 90
44 68
44 66
45 95
45 50
46 55
46 55
46 85
46 81
46 99
46 81
46 86
46 84
46 78
47 49
47 73
48 58
48 73
48 60
48 57
49 68
49 74
49 66
49 61
49 78
50 70
50 63
50 80
50 83
50 70
50 53
50 86
51 65
51 75
51 68
51 59
51 73
51 91
51 87
51 91
52 54
52 87
52 93
52 92
52 86
52 78
53 96
53 60
53 75
53 56
53 80
54 70
54 59
54 79
54 84
54 79
54 68
54 93
55 90
55 98
55 99
55 85
55 86
55 88
55 86
56 62
56 98
57 87
57 76
57 75
57 85
57 74
57 59
57 79
58 97
58 68
58 65
58 79
59 80
59 75
59 67
59 70
59 83
59 88
59 75
60 96
60 75
61 66
61 70
61 93
62 95
62 98
62 85
62 63
63 75
63 99
63 72
63 65
63 68
64 85
65 88
65 74
65 72
66 87
67 79
67 97
67 83
67 98
68 87
69 98
69 81
70 97
70 94
71 78
71 73
71 80
72 78
72 78
73 93
73 90
73 86
74 81
74 84
74 76
74 87
75 76
76 93
76 96
77 80
79 83
79 86
80 84
80 90
82 93
83 99
83 98
84 90
85 96
85 89
86 89
87 91
88 97
89 91
90 94
91 93
92 96
92 95
