0 68
0 7
0 86
0 21
0 72
0 9
0 66
0 31
0 54
1 76
1 13
1 46
1 14
1 12
1 16
1 68
2 27
2 67
2 7
2 54
2 73
2 21
2 13
2 95
2 3
2 47
3 40
3 81
3 30
3 72
3 43
3 34
3 28
3 7
3 39
3 42
3 30
4 52
4 16
4 45
4 63
4 85
4 63
4 20
4 15
4 59
4 73
4 28
4 47
5 62
5 49
5 20
5 40
5 95
5 38
5 28
5 13
6 43
6 36
6 82
6 49
6 41
6 14
6 26
6 85
6 64
6 20
6 61
6 18
6 76
6 55
7 45
7 39
7 22
7 55
7 94
7 26
7 56
7 12
7 73
7 96
8 79
8 64
8 87
8 59
8 51
9 57
9 69
9 75
9 41
9 39
9 86
9 39
9 62
9 63
9 40
10 79
10 66
10 59
10 80
10 44
11 75
11 59
11 65
11 65
11 25
12 44
12 27
12 57
12 80
12 50
12 78
12 46
12 35
12 37
13 38
13 31
13 30
13 89
13 70
13 40
13 23
13 15
13 67
13 76
13 26
14 59
14 81
14 45
14 31
14 91
14 25
14 78
14 26
14 31
15 92
15 45
15 24
15 89
15 30
15 94
15 64
15 17
15 67
15 93
15 26
15 70
16 94
16 89
16 36
16 83
17 68
17 85
17 37
17 87
17 69
18 27
18 23
18 29
18 91
18 28
18 63
18 46
18 58
18 35
18 59
19 57
19 88
19 72
19 24
19 54
19 21
19 85
20 43
20 64
20 44
20 96
20 81
20 60
20 45
20 29
20 76
20 67
21 32
21 22
21 51
21 54
21 38
21 22
22 48
22 27
22 23
22 70
22 50
22 45
22 98
22 34
22 60
23 61
23 68
23 41
23 33
23 73
23 53
23 73
23 32
23 77
23 92
24 80
24 36
24 32
24 99
25 38
25 72
25 29
25 78
25 79
25 66
25 93
26 57
26 59
27 33
27 91
27 57
27 33
27 61
27 70
27 84
28 99
28 95
28 58
28 54
28 99
28 98
28 30
28 39
28 50
29 48
29 62
29 44
29 57
29 40
29 82
29 91
29 55
29 42
29 65
30 31
30 90
30 98
30 73
30 45
30 69
30 81
30 37
30 64
30 32
31 71
31 75
31 61
31 73
31 50
31 84
32 96
32 64
32 86
32 69
32 64
32 63
32 71
32 48
32 72
32 67
33 47
33 41
33 77
33 58
33 40
34 83
34 84
34 77
34 70
34 94
34 69
34 59
34 45
35 72
35 78
35 65
35 60
35 70
36 77
36 58
36 84
36 93
37 72
37 60
37 82
37 51
37 54
37 70
37 69
37 38
37 90
38 99
38 58
38 54
38 94
38 54
38 81
38 51
39 74
39 95
39 61
39 72
39 67
40 75
40 84
40 75
40 67
40 64
40 49
40 41
41 95
41 84
41 99
41 42
42 94
42 55
42 98
42 54
42 81
42 92
42 49
43 93
43 81
43 73
43 77
43 69
43 52
43 64
44 48
44 99
44 48
44 48
44 47
44 92
45 60
45 62
46 47
46 65
46 79
46 80
47 76
47 52
47 83
47 67
47 67
47 89
47 58
47 81
48 97
48 60
48 86
48 59
48 63
48 54
49 56
49 77
49 79
49 70
49 70
50 76
51 71
51 90
51 95
51 54
51 86
51 67
51 79
51 59
51 75
52 77
52 85
52 95
53 67
53 88
53 85
53 95
53 64
53 67
53 58
54 56
54 58
54 68
54 81
54 67
54 60
54 60
54 62
55 97
55 92
55 66
56 99
56 82
56 69
56 91
56 69
56 92
56 78
57 61
57 61
57 93
57 66
57 89
58 86
58 64
59 66
59 71
59 97
59 87
60 74
60 63
60 87
60 66
60 77
61 97
61 89
61 86
61 93
62 69
62 72
62 79
62 75
62 93
62 81
63 87
63 80
63 70
63 90
63 99
63 93
64 97
64 91
64 72
65 80
65 79
65 86
66 82
66 81
67 72
67 79
67 68
67 98
69 93
69 99
70 96
70 73
70 85
71 92
72 78
72 97
72 84
73 92
73 99
75 96
75 78
76 97
76 93
77 89
77 98
78 89
78 91
78 86
78 96
79 94
79 96
79 95
79 85
81 82
81 82
82 97
82 89
82 92
82 96
82 92
83 84
83 92
83 94
84 91
85 92
85 95
89 93
90 96
90 96
91 97
91 97
92 97
95 98
96 97
