0 10
0 85
0 20
0 65
0 88
0 82
0 62
0 61
0 58
0 77
0 16
0 33
0 32
0 84
0 94
0 49
0 79
0 81
0 50
0 77
0 27
0 25
1 77
1 63
1 95
1 59
1 51
1 35
1 56
1 48
1 84
2 52
2 57
2 57
2 93
2 5
2 66
2 57
3 61
3 8
3 5
3 45
3 33
3 55
3 22
3 54
3 42
3 34
3 58
3 15
4 95
4 42
4 87
4 33
4 37
4 81
4 86
5 92
5 12
5 40
5 72
5 92
5 17
5 19
5 16
5 65
5 43
5 89
6 19
6 57
6 18
6 94
6 18
6 9
6 33
6 48
6 37
6 71
6 39
6 19
6 92
6 99
6 89
7 66
7 79
7 88
7 63
7 75
7 63
7 47
7 86
7 14
7 56
7 76
7 41
7 49
8 71
8 83
8 72
8 86
8 46
8 93
8 72
8 34
8 32
8 11
8 54
9 58
9 31
9 58
9 40
9 14
9 92
9 45
9 83
10 23
10 18
10 35
10 21
10 36
10 60
11 31
11 76
11 75
11 46
11 28
11 58
12 41
12 34
12 85
12 15
12 46
12 35
12 74
12 31
13 14
13 72
13 41
13 86
13 32
13 69
13 78
13 62
13 87
13 79
13 18
14 99
14 83
14 35
14 49
14 25
14 30
15 55
15 45
15 61
15 18
16 53
16 80
16 91
16 63
16 86
16 62
17 30
17 70
17 75
17 32
17 18
17 42
18 23
18 65
18 42
18 76
18 29
18 29
19 71
19 63
19 41
19 74
19 28
19 86
19 35
20 58
20 80
20 84
20 53
20 46
20 23
20 43
20 33
20 62
20 36
21 83
21 28
21 98
21 30
21 35
21 98
22 48
22 25
22 55
22 46
22 35
22 98
22 25
22 58
22 46
22 63
23 24
23 75
23 59
23 50
23 32
23 93
23 72
23 42
23 67
24 96
24 28
24 53
24 42
24 97
24 99
25 61
25 56
25 69
25 61
26 73
26 87
26 55
26 67
26 61
26 92
26 99
26 45
26 74
26 80
27 63
27 86
27 72
27 56
27 37
27 96
27 45
28 40
28 35
28 40
28 57
28 93
28 51
29 77
29 52
29 57
29 57
29 47
29 71
29 89
29 87
30 40
30 95
30 55
30 34
30 45
30 84
30 77
31 51
31 52
31 40
31 60
31 86
31 58
32 60
32 75
32 55
32 78
32 39
32 78
32 49
33 39
33 67
33 57
33 68
33 74
34 69
34 92
34 94
34 49
34 44
34 96
34 98
34 80
34 76
34 68
35 48
35 42
35 74
35 37
35 80
35 56
35 63
35 64
36 73
36 54
36 98
36 60
36 91
36 40
36 56
36 61
36 65
36 72
36 78
37 92
37 68
37 65
37 83
37 55
37 54
37 98
38 73
38 55
38 53
38 59
38 79
38 94
38 93
38 63
38 93
39 99
39 90
40 80
40 51
40 91
41 62
41 91
41 55
41 80
41 86
41 50
42 96
42 85
42 75
42 87
42 59
42 96
42 74
43 48
43 81
44 64
44 81
44 67
44 77
44 57
45 53
45 97
45 80
45 71
47 96
47 69
47 75
47 55
47 98
47 49
48 99
48 99
48 87
48 96
48 93
48 57
48 56
48 77
48 71
49 91
49 97
49 75
49 80
50 64
50 57
51 80
51 92
51 77
51 73
52 98
52 82
53 85
53 83
53 70
53 79
54 79
54 74
55 66
55 92
55 83
55 84
55 90
56 83
56 88
56 70
56 70
56 78
56 58
57 99
57 98
57 80
57 73
57 99
57 60
57 74
58 62
58 81
58 99
58 76
58 68
58 65
59 99
59 76
59 87
59 84
59 62
60 65
60 91
60 67
60 81
60 64
60 71
60 75
61 75
61 91
61 79
61 89
62 72
62 76
62 94
62 85
63 88
64 70
64 92
66 70
66 80
66 98
67 86
67 68
67 94
67 84
69 77
69 80
69 90
70 83
70 91
70 85
70 72
70 82
70 83
71 78
71 95
71 74
72 87
72 84
73 91
73 78
73 84
74 98
74 87
74 83
75 80
75 82
75 89
75 89
75 94
76 92
76 86
77 99
77 83
78 96
78 85
78 88
79 95
80 95
80 92
80 84
80 89
80 93
81 96
81 84
82 86
83 97
83 89
84 95
84 90
85 96
86 87
86 97
87 90
87 89
88 91
88 97
90 95
90 92
92 98
94 97
96 99
