0 68
0 48
0 49
0 38
0 37
0 20
0 18
0 24
0 85
0 67
0 47
1 69
1 53
1 43
1 49
1 36
1 66
1 15
1 11
1 76
1 3
2 53
2 37
2 24
2 89
2 21
2 51
2 76
2 9
2 75
2 15
2 65
2 25
2 83
2 18
2 47
2 35
2 77
3 24
3 69
3 57
3 41
3 13
3 94
3 72
3 11
3 36
4 43
4 52
4 26
4 40
4 79
4 9
4 9
4 80
4 84
4 40
5 89
5 7
5 45
5 31
5 82
5 8
5 27
5 57
6 56
6 48
6 73
6 64
6 21
6 83
6 65
6 53
6 60
6 94
6 68
7 30
7 12
7 86
7 73
7 9
7 96
7 72
7 72
8 81
8 70
8 69
8 98
8 90
8 34
8 77
8 92
8 51
8 64
9 69
9 84
9 15
9 73
9 54
9 86
9 86
9 15
9 26
10 39
10 49
10 14
10 42
10 92
10 34
10 46
10 52
10 39
10 23
10 93
11 30
11 17
11 17
11 24
11 56
11 67
11 86
11 45
11 24
11 80
11 55
11 44
11 49
12 93
12 39
12 29
12 99
12 46
12 61
12 46
12 38
13 45
13 31
13 32
13 14
13 76
13 97
13 35
13 55
14 23
14 35
14 90
14 72
14 45
14 75
14 20
14 20
14 51
15 88
15 32
15 73
15 50
15 58
15 69
15 30
15 22
15 32
15 37
16 31
16 92
16 21
16 48
16 80
16 65
17 80
17 89
17 68
17 81
17 28
17 18
18 86
18 84
18 34
18 83
18 65
18 95
18 23
19 22
19 79
19 66
19 64
19 90
19 41
20 68
20 35
20 41
20 93
20 69
20 29
20 45
21 26
21 37
21 30
21 48
21 93
22 30
22 83
22 43
22 71
22 41
22 38
22 87
22 39
23 39
23 45
23 27
23 84
23 87
24 26
24 88
24 53
24 91
24 71
24 61
24 41
25 47
25 30
25 65
25 65
25 49
25 31
25 90
26 62
26 28
26 34
26 69
26 46
26 57
26 35
26 62
26 83
26 58
27 32
27 38
27 87
27 63
27 33
28 42
28 76
28 36
28 64
28 99
28 35
28 78
29 42
29 97
29 45
29 96
29 61
30 99
30 85
30 63
30 43
30 60
30 65
30 70
31 93
31 81
31 67
31 61
31 72
31 79
31 42
31 54
32 48
32 89
32 99
32 89
32 86
32 91
32 85
32 79
33 49
33 95
33 93
33 84
33 99
34 35
34 79
34 40
34 65
34 99
34 39
34 92
34 45
34 39
34 96
34 76
34 43
34 75
34 42
34 60
35 73
35 95
35 36
35 91
35 85
36 65
36 39
36 63
36 62
36 89
36 94
36 63
37 83
37 92
37 40
37 91
37 68
37 68
38 84
38 89
38 95
38 64
38 41
38 50
38 97
38 48
38 98
38 49
38 78
38 68
38 77
39 61
39 92
39 68
40 58
40 45
40 42
40 80
40 58
40 50
41 60
41 77
42 92
42 71
42 81
42 58
42 91
42 48
43 62
43 47
43 74
43 89
43 75
44 85
44 78
44 80
44 75
45 61
45 82
45 98
46 61
46 53
46 52
46 99
46 55
46 92
46 70
47 94
47 82
47 94
47 61
48 51
48 88
48 69
48 89
49 60
49 76
49 57
50 75
50 80
50 53
50 57
50 57
50 66
50 80
51 93
51 80
51 87
52 98
52 54
52 90
52 59
52 80
52 55
53 56
53 56
53 93
53 56
53 86
53 99
53 77
53 77
54 74
54 63
54 66
54 84
54 80
54 98
55 65
55 88
55 85
55 78
55 64
55 62
55 71
56 67
56 66
56 60
56 86
57 60
57 78
58 93
58 81
58 65
59 84
59 86
60 95
60 91
60 82
60 80
60 77
61 82
61 73
61 95
62 73
62 88
62 65
62 67
62 89
63 91
63 95
63 77
63 78
64 65
65 80
65 72
65 79
66 72
66 85
66 78
67 84
67 76
68 73
69 82
69 71
69 78
70 78
70 77
70 80
70 87
71 89
71 92
73 82
73 87
73 75
73 88
74 99
74 75
74 79
75 89
75 89
76 94
76 77
76 95
77 86
78 79
79 92
80 88
80 85
80 99
80 96
80 94
81 99
82 87
82 92
82 85
82 88
83 99
84 97
84 87
84 99
85 94
85 99
85 97
85 87
86 87
87 99
87 93
88 97
89 91
89 92
90 97
92 95
94 95
