0 42
0 57
0 60
0 5
0 10
0 58
0 30
0 50
0 27
0 29
0 49
1 95
1 93
1 85
1 80
1 30
1 42
2 27
2 38
2 37
2 29
2 40
2 6
2 27
2 44
3 79
3 5
3 49
4 77
4 21
4 83
4 87
4 44
4 51
5 15
5 53
5 23
5 93
5 11
5 29
5 67
5 51
5 76
5 93
5 36
5 89
5 92
6 42
6 85
6 14
6 69
6 61
6 59
6 69
6 19
6 71
6 8
6 54
6 84
6 40
7 82
7 31
7 69
7 72
7 82
7 8
7 48
7 23
7 8
7 21
7 28
7 33
8 56
8 77
8 38
8 94
8 73
8 72
8 63
8 84
8 51
8 42
8 24
9 93
9 18
9 27
9 56
9 34
9 56
9 38
9 28
9 55
9 74
9 92
9 99
9 65
10 54
10 66
10 87
10 52
10 54
10 70
10 93
10 21
10 89
11 46
11 46
11 21
11 29
11 98
11 12
11 43
11 88
11 94
11 53
12 40
12 51
12 16
12 95
12 36
12 92
12 14
12 32
12 79
12 90
13 56
13 22
13 37
13 35
13 67
14 81
14 20
14 30
14 19
14 87
14 94
14 50
14 54
14 69
14 17
15 67
15 71
15 88
15 61
15 99
15 87
15 92
16 50
16 24
16 78
16 89
16 67
16 21
16 29
16 44
17 53
17 95
17 67
17 43
17 81
17 98
17 83
17 95
17 63
17 70
17 78
18 80
18 74
18 30
18 76
18 30
18 88
18 27
18 67
18 61
18 76
19 24
19 89
19 99
19 40
19 80
19 58
19 86
19 27
20 96
20 40
20 68
20 39
21 84
21 77
21 84
21 92
21 59
21 45
21 89
21 31
21 61
21 31
22 81
22 73
22 48
22 99
22 52
22 68
22 84
22 39
23 76
23 79
23 56
23 25
23 47
24 94
24 71
24 98
24 33
25 45
25 68
25 80
25 73
25 70
25 32
25 91
25 28
25 58
26 75
26 38
26 48
26 72
26 60
26 39
27 34
27 86
27 89
27 28
27 36
27 85
27 75
28 78
28 78
28 35
28 88
28 45
28 94
29 30
29 75
29 94
29 75
29 40
29 72
29 94
30 59
30 93
30 51
31 51
31 55
31 47
31 64
31 92
31 55
31 82
32 51
32 39
32 85
32 71
32 82
32 33
32 35
32 37
33 49
33 41
33 44
33 63
33 76
33 68
33 84
33 96
33 48
33 36
33 58
33 99
33 35
33 95
33 74
34 72
34 81
34 43
34 70
34 37
35 76
35 36
35 82
35 87
35 89
35 60
35 54
35 90
36 63
36 69
36 55
36 38
36 59
37 47
37 46
37 96
38 87
38 88
38 71
38 52
38 88
39 76
39 97
39 77
39 78
40 45
40 58
40 99
40 43
40 54
41 61
41 89
41 84
41 91
41 76
41 83
41 80
42 70
42 94
42 93
42 56
42 84
42 45
43 62
43 46
43 56
43 61
44 83
44 69
44 52
44 48
44 91
44 83
44 85
45 95
45 59
45 90
45 94
45 80
46 63
46 95
46 60
46 64
46 71
46 49
46 83
46 75
46 54
47 81
47 62
47 63
47 50
47 89
47 79
47 81
48 71
48 78
48 79
48 57
48 70
48 74
48 55
49 92
49 56
49 77
49 68
50 59
50 74
50 53
50 59
50 81
50 51
50 62
50 70
50 94
50 78
51 57
51 88
51 84
51 97
51 77
51 76
51 52
51 80
51 68
52 86
52 73
52 93
52 59
53 74
53 82
53 87
53 92
53 62
54 82
54 86
54 71
54 79
56 96
56 67
57 71
57 67
57 65
57 65
57 88
58 65
58 59
58 66
59 70
59 82
59 81
59 68
59 71
59 67
60 93
60 78
60 79
61 86
62 97
63 68
63 70
63 74
63 98
64 86
64 72
64 86
64 81
65 76
65 82
65 74
65 87
65 77
65 78
66 75
66 82
66 88
67 74
68 97
68 79
68 70
69 75
69 85
69 81
71 74
71 98
71 87
71 94
71 81
71 75
72 73
72 95
72 86
72 80
73 81
74 88
74 85
74 89
74 84
75 77
75 81
75 93
75 90
76 81
76 89
76 84
78 81
78 88
78 97
79 85
79 89
79 98
79 96
80 97
80 82
80 94
81 99
81 86
81 86
82 86
84 92
84 88
84 90
85 98
85 93
86 91
86 99
88 95
88 97
89 98
91 93
92 93
96 97
