0 36
0 8
0 33
0 18
0 48
0 95
0 14
0 62
0 63
0 91
0 73
0 58
0 14
1 42
1 46
1 64
1 17
1 91
1 34
1 56
1 45
1 47
2 72
2 64
2 63
2 3
2 24
2 84
2 45
2 66
2 40
2 76
2 86
2 43
3 98
3 30
3 16
3 45
3 35
3 62
3 68
3 51
3 51
3 85
3 91
4 86
4 93
4 92
4 5
4 83
4 96
4 35
4 68
4 19
4 27
5 84
5 36
5 98
5 48
5 43
5 96
5 7
5 84
5 26
5 18
6 27
6 97
6 74
6 28
6 69
6 91
6 33
6 10
7 56
7 60
7 57
7 48
7 65
7 8
7 82
7 25
8 10
8 19
8 85
8 22
8 87
9 39
9 97
9 82
9 69
9 77
9 21
9 75
10 83
10 24
10 48
10 18
10 72
10 87
10 28
10 13
10 34
10 70
10 51
11 90
11 14
11 62
11 79
11 33
12 50
12 68
12 47
12 88
12 44
12 26
12 76
12 78
12 63
12 81
12 98
12 36
12 97
12 24
13 44
13 94
13 50
13 84
13 82
13 38
14 47
14 47
14 34
14 67
14 75
14 62
14 58
14 30
14 23
14 55
15 39
15 74
15 21
15 82
15 20
16 91
16 60
16 76
16 97
16 18
16 92
16 20
16 87
17 70
17 86
17 20
17 51
17 95
17 52
17 22
17 35
17 88
17 47
17 45
17 70
18 66
18 29
18 35
18 38
18 33
18 58
18 60
18 55
18 79
19 88
19 21
19 97
19 22
20 78
20 57
21 99
21 37
21 25
21 88
21 74
21 59
21 31
21 58
21 33
22 83
22 56
22 74
22 95
22 41
23 60
23 72
23 82
23 93
23 27
23 49
24 57
24 79
24 54
24 57
24 54
24 70
24 40
24 96
25 36
25 50
25 46
25 31
25 53
25 31
25 87
26 76
26 70
26 98
26 43
26 66
26 29
26 83
26 50
26 94
27 81
27 86
27 44
27 90
27 37
27 66
27 56
27 77
27 52
28 31
28 89
28 99
28 61
28 55
28 95
28 76
28 89
28 64
28 49
29 69
29 30
29 81
29 44
30 53
30 68
30 75
30 71
30 81
30 83
30 48
30 50
30 56
31 53
31 57
31 68
31 72
31 51
31 57
31 68
31 75
31 63
31 56
31 80
32 85
32 55
32 72
32 83
32 95
32 65
32 34
32 59
33 91
33 67
33 38
33 46
34 65
34 72
34 89
34 42
34 54
34 76
34 40
34 39
35 78
35 91
35 36
35 92
35 98
35 71
36 86
36 81
36 63
36 83
36 85
37 56
37 61
37 48
37 81
38 88
38 48
38 69
38 87
38 94
38 89
38 44
38 45
38 67
39 93
39 94
39 49
39 96
39 84
39 62
39 95
39 83
40 71
40 76
40 54
40 50
40 69
41 48
41 54
41 51
41 70
41 62
42 86
42 75
42 72
42 90
42 51
42 62
43 68
43 47
43 95
43 45
43 58
44 59
44 96
44 47
44 67
44 92
45 95
45 96
45 80
45 69
45 75
45 75
46 90
46 80
46 71
46 49
46 75
46 47
46 61
47 54
47 51
47 79
47 75
47 59
47 86
47 54
47 96
48 56
48 90
48 89
48 87
48 58
49 66
50 62
50 78
50 52
50 61
51 90
51 71
51 73
51 93
51 93
51 83
51 89
51 75
52 57
52 78
52 74
52 78
52 69
52 54
52 88
52 63
53 90
53 54
53 88
53 66
53 91
53 96
54 86
54 72
55 58
56 83
56 87
56 91
56 75
57 94
58 99
58 63
58 64
58 71
58 80
58 79
59 79
59 99
59 94
60 70
60 98
61 81
61 94
62 91
62 99
62 80
62 70
63 98
63 83
64 98
64 68
64 71
65 79
65 97
65 72
65 69
65 89
66 81
66 71
66 90
66 91
66 78
67 90
67 77
67 97
67 91
68 83
68 97
68 82
68 73
68 95
69 70
69 78
69 91
69 99
69 87
70 71
70 71
71 82
71 79
71 74
71 95
73 76
73 78
73 78
74 97
74 77
74 78
74 92
74 79
75 85
75 83
75 91
76 84
76 80
76 82
77 81
77 82
78 83
78 80
78 86
79 96
79 90
79 80
80 82
80 89
83 87
83 97
85 87
85 90
85 99
85 99
86 98
86 96
86 99
89 91
90 98
91 96
91 92
92 96
93 96
94 98
95 97
97 99
98 99
