0 8
0 17
0 43
0 61
1 89
1 95
1 32
1 85
1 3
1 12
1 59
1 54
2 72
2 19
2 24
2 44
2 37
2 32
2 13
2 80
2 68
2 42
2 15
3 8
3 80
3 45
3 69
3 12
3 34
3 18
3 45
3 50
3 30
4 63
4 74
4 73
4 10
4 49
4 90
4 16
4 90
4 39
5 29
5 57
5 24
5 30
5 33
5 72
5 97
5 12
6 28
6 58
6 85
6 59
6 91
6 59
6 92
6 32
6 32
6 73
6 7
6 44
6 29
6 38
7 45
7 54
7 60
7 95
7 29
7 85
7 42
7 71
7 45
7 61
7 46
8 16
8 68
8 27
8 66
8 75
8 69
8 19
8 14
9 13
9 73
9 54
9 73
9 82
9 13
9 83
10 97
10 85
10 30
10 73
10 71
10 27
10 25
10 34
10 31
11 26
11 45
11 16
11 63
11 47
11 49
12 91
12 17
12 79
12 39
13 35
13 49
13 95
13 27
13 77
13 23
13 53
13 67
13 60
13 68
13 19
13 54
13 27
13 43
14 30
14 21
14 23
15 99
15 28
15 61
15 61
15 52
15 65
16 98
16 28
16 97
16 46
16 46
16 27
16 37
16 35
17 71
17 99
17 91
17 88
17 85
17 78
17 63
17 81
17 60
17 67
17 67
18 64
18 47
18 65
18 52
18 77
18 77
18 45
18 72
19 34
19 97
19 47
19 89
19 75
19 98
19 43
19 21
19 45
19 77
19 72
19 65
20 28
20 72
20 70
20 33
20 23
20 87
20 29
20 79
20 21
20 85
20 50
21 87
21 23
21 28
21 58
21 33
21 72
21 92
21 53
21 57
21 92
21 29
21 88
22 55
22 31
22 86
22 69
22 43
22 95
22 35
22 43
22 90
22 45
22 61
22 87
23 44
23 39
23 56
23 24
23 57
23 33
23 75
23 58
23 31
23 86
24 37
24 42
24 65
24 95
25 55
25 64
25 92
25 92
25 42
25 98
26 88
26 36
26 34
27 89
27 98
27 29
27 84
27 47
27 85
27 35
27 92
27 47
28 69
28 58
28 64
28 79
28 68
28 40
28 64
28 57
28 30
29 90
29 93
29 86
29 99
29 64
29 86
29 77
29 75
29 43
29 71
30 66
30 95
30 44
30 98
30 40
30 48
31 33
31 51
31 52
31 39
31 96
31 57
31 99
31 97
31 57
31 68
32 33
32 88
32 89
32 77
33 38
33 40
33 90
33 79
33 73
34 81
34 72
34 82
34 68
34 46
34 91
34 89
35 77
35 88
35 73
35 71
35 49
35 67
35 48
36 37
36 78
36 80
36 83
36 63
37 43
37 51
37 54
37 41
37 57
37 91
37 83
38 87
38 60
38 97
38 39
38 49
38 93
38 66
39 84
39 55
40 64
40 95
40 69
40 59
40 95
40 55
40 50
41 71
41 91
41 48
41 66
41 43
42 76
42 46
43 98
43 63
43 59
43 64
43 52
43 90
43 86
43 56
44 90
44 56
44 58
44 49
44 66
44 45
44 90
44 75
45 69
45 79
45 62
45 51
46 88
46 87
46 96
46 81
46 99
46 78
47 91
47 68
47 61
47 75
48 78
48 84
49 51
49 58
49 64
49 58
49 85
49 64
50 55
50 57
50 75
50 84
50 77
50 81
50 85
51 62
51 80
51 75
51 72
51 61
51 74
51 79
52 61
52 98
52 55
52 61
52 89
53 72
53 62
54 90
54 69
54 67
54 81
54 72
54 95
54 78
55 79
55 82
55 75
55 89
55 76
55 58
56 69
56 88
56 58
56 58
56 95
56 73
56 69
57 69
57 61
57 92
57 62
57 80
57 74
58 75
58 89
58 74
59 82
59 93
59 85
59 98
59 91
60 85
60 63
60 90
60 62
61 93
61 99
61 69
61 72
62 95
62 77
62 85
62 65
63 92
63 76
63 66
63 82
63 79
63 78
63 76
64 87
64 90
64 65
64 77
65 97
65 74
65 94
65 90
65 87
65 70
65 89
65 72
66 68
67 98
68 74
68 77
68 83
69 81
69 79
69 88
69 93
70 72
70 89
71 79
71 83
71 90
71 89
71 95
71 90
72 93
72 84
72 74
74 85
74 96
74 89
75 88
77 93
77 86
78 98
78 92
78 94
79 88
80 85
81 98
81 91
82 83
83 97
84 96
84 87
85 90
85 93
88 97
90 95
90 99
91 99
93 96
94 99
