0 23
0 49
0 66
0 57
0 7
0 21
1 78
1 6
1 52
1 63
1 5
1 95
1 17
2 93
2 87
2 88
2 90
2 34
2 34
2 75
2 17
2 58
2 83
2 67
2 8
2 50
3 47
3 45
3 7
3 74
3 40
3 82
3 39
3 44
3 46
3 77
4 86
4 53
4 34
4 86
4 64
4 10
4 57
4 25
4 24
4 97
4 74
5 72
5 74
5 63
5 38
5 44
5 62
5 60
5 8
5 8
5 26
5 97
5 80
5 83
5 64
5 90
6 58
6 36
6 16
6 50
6 58
6 18
6 8
6 57
7 98
7 46
7 19
7 11
7 78
7 34
8 65
8 33
8 54
8 97
8 28
8 19
8 19
8 53
8 38
9 58
9 61
9 87
9 65
9 42
9 17
9 32
9 19
9 41
9 78
9 40
9 69
10 75
10 34
10 12
10 92
10 32
10 49
10 20
11 41
11 87
11 27
11 88
12 37
12 40
12 26
12 78
12 39
12 47
12 28
12 35
12 59
12 17
12 86
12 84
12 37
12 97
13 22
13 64
13 91
13 77
13 85
13 44
14 38
14 77
14 58
14 46
14 62
14 65
15 41
15 32
15 30
15 50
15 55
15 30
15 85
15 35
15 62
16 98
16 22
16 98
16 84
16 56
16 32
16 78
16 23
16 34
16 88
17 98
17 87
17 30
17 56
17 64
18 62
18 80
18 89
18 55
18 89
18 97
18 50
18 53
19 96
19 73
19 21
19 34
19 99
19 67
19 52
19 73
19 92
20 86
20 27
20 22
20 96
20 44
20 60
20 23
20 53
20 65
21 74
21 31
21 75
21 46
21 30
21 35
21 36
21 83
22 42
22 95
22 53
22 30
22 50
22 48
22 81
22 29
23 55
23 91
23 26
23 86
23 98
23 36
23 47
23 46
23 42
24 58
24 93
24 69
24 84
24 65
24 93
25 88
25 42
25 29
25 26
25 31
25 61
25 81
25 92
25 68
26 83
26 59
26 45
26 76
26 37
26 42
27 73
27 41
27 59
27 44
27 55
27 88
27 94
27 46
28 59
28 43
28 76
28 79
28 86
28 61
28 63
28 54
28 47
28 68
29 43
29 76
29 84
29 91
29 38
29 89
29 39
29 57
30 81
30 45
30 72
30 82
30 72
30 38
30 89
30 76
31 71
31 43
31 62
31 39
31 86
31 62
31 40
31 98
31 34
32 70
32 99
32 35
32 64
32 91
32 83
32 40
33 89
33 38
33 96
33 77
33 87
33 91
33 99
33 67
33 77
33 77
33 74
34 39
34 62
34 39
34 56
34 94
34 60
34 72
35 40
35 59
35 59
35 81
35 61
35 67
35 50
36 57
36 89
36 53
36 65
36 91
36 84
36 92
36 65
37 40
38 63
38 56
38 88
38 59
38 60
38 96
38 75
38 96
38 54
38 43
39 59
39 88
39 44
39 58
39 67
39 68
39 43
39 77
39 58
39 42
39 84
39 79
39 40
39 62
39 46
40 82
40 45
40 82
40 55
40 76
40 80
40 60
40 87
40 43
40 58
41 57
41 74
41 90
42 52
42 52
42 59
42 75
42 62
42 44
42 58
42 94
42 60
43 67
43 73
43 64
43 47
44 85
44 72
44 60
44 45
44 48
44 72
45 74
45 97
45 64
46 96
46 75
47 69
47 64
47 60
47 62
47 48
47 62
47 78
47 91
47 97
47 49
48 58
48 60
48 77
48 58
49 65
49 76
49 91
49 64
49 51
50 73
50 92
50 74
50 80
51 83
51 60
51 84
51 61
52 59
52 56
52 78
52 71
52 61
53 62
53 76
53 81
53 82
53 89
53 62
54 84
54 62
54 84
54 68
54 95
54 62
54 78
55 96
55 81
55 74
55 81
55 58
55 77
55 62
56 81
56 89
57 59
57 78
57 65
57 67
58 86
58 92
59 93
60 87
60 96
60 97
61 65
61 91
61 93
61 73
62 71
62 96
62 68
63 80
63 90
64 72
64 76
64 80
64 69
64 65
66 70
66 84
66 99
66 67
66 93
66 67
67 77
67 92
67 71
67 93
68 98
69 80
69 99
70 93
70 80
70 79
70 73
70 92
71 74
73 82
73 79
73 95
73 76
74 96
75 96
75 88
75 79
78 80
78 95
79 88
79 82
79 81
82 83
82 94
84 94
86 95
86 91
86 99
88 96
90 96
90 97
91 93
91 96
93 98
93 99
97 99
