0 38
0 80
0 39
0 54
0 16
0 2
0 65
0 64
0 19
0 57
0 26
0 25
1 42
1 8
1 70
1 11
1 35
1 50
1 44
1 15
1 97
1 64
2 72
2 89
2 6
2 46
2 30
2 46
2 31
3 85
3 16
3 57
3 14
3 94
3 71
3 64
3 22
3 56
3 30
3 97
4 16
4 59
4 65
4 25
4 8
4 16
4 13
4 88
5 10
5 10
5 83
5 47
5 64
5 84
5 44
5 52
5 35
6 18
6 63
6 12
6 30
6 22
6 96
6 13
7 21
7 40
7 19
7 76
7 9
7 77
7 72
7 77
8 70
8 78
8 93
8 93
8 42
8 34
8 25
8 55
8 71
9 46
9 86
9 32
9 94
9 66
9 97
9 87
9 57
9 91
9 56
9 45
9 95
9 66
9 95
9 17
10 14
10 77
10 54
10 37
10 34
10 35
10 28
10 33
10 59
10 17
10 88
10 79
10 92
10 47
10 65
11 95
11 79
11 22
11 98
11 37
11 32
11 67
11 61
11 45
12 44
12 61
12 62
12 83
12 82
12 37
12 73
12 94
12 32
12 86
12 56
12 92
12 85
13 29
13 22
13 50
13 26
13 24
13 44
13 48
13 29
13 83
14 19
14 21
14 97
14 74
14 16
14 88
14 20
15 25
15 81
15 67
15 71
15 56
15 60
15 18
15 99
16 60
16 18
16 79
16 66
16 70
16 32
16 84
17 85
17 79
17 76
17 85
17 77
17 39
17 66
17 34
17 28
17 54
17 56
17 50
17 26
18 73
18 86
18 67
18 93
18 95
18 66
18 38
18 93
18 95
18 61
19 53
19 43
19 69
19 23
19 65
19 83
19 26
19 92
20 92
20 33
20 38
21 92
21 35
21 49
21 78
21 59
21 70
21 85
21 77
22 27
22 60
22 67
22 23
22 36
23 86
23 90
23 75
23 90
23 87
23 33
23 60
23 88
23 77
23 27
23 38
24 83
24 75
24 52
24 53
24 92
24 38
24 90
25 41
25 42
25 40
25 50
25 36
25 56
26 60
26 81
26 47
26 41
26 53
27 61
27 49
27 38
27 51
27 43
28 93
28 43
28 75
28 68
28 88
28 37
28 86
29 83
29 50
29 69
29 62
29 79
30 84
30 39
30 55
30 68
30 76
30 78
30 32
30 53
31 61
31 54
31 71
31 95
32 84
32 90
32 49
32 72
32 56
32 58
33 77
33 36
33 88
33 56
33 87
33 38
33 82
34 90
34 99
34 71
34 77
34 70
34 60
34 57
35 52
35 51
35 64
36 64
37 51
37 39
38 49
38 98
38 81
38 92
39 70
39 88
39 80
39 48
39 87
39 51
40 77
40 60
40 42
40 60
40 83
40 49
40 62
41 62
41 76
41 95
41 57
41 62
42 95
42 59
42 86
42 73
43 66
43 91
43 75
43 74
43 78
43 77
43 65
44 94
44 66
44 65
44 92
44 66
44 95
44 56
44 50
44 63
44 63
45 71
45 58
45 99
45 99
46 94
46 54
46 95
47 52
47 63
47 77
47 53
47 65
47 48
47 91
47 68
47 95
47 75
48 77
48 78
48 92
48 99
48 69
49 79
49 94
49 67
49 77
51 53
51 88
51 56
51 95
51 67
51 64
52 86
52 56
52 63
52 70
53 91
54 64
54 82
54 81
54 68
54 80
54 67
54 78
54 89
54 80
54 57
55 99
55 97
55 85
55 75
55 99
55 82
56 94
56 77
56 80
57 64
57 68
57 92
57 81
57 82
58 71
58 79
58 59
58 77
58 68
59 68
59 72
59 70
60 76
60 91
60 98
60 78
60 94
60 89
61 97
61 64
62 84
62 77
62 63
62 68
62 78
62 93
62 80
63 77
63 84
63 83
64 95
64 71
64 89
64 87
64 77
64 69
64 97
65 84
65 74
65 67
66 98
66 76
66 81
66 78
66 98
66 76
67 94
67 79
67 68
68 83
68 85
68 95
69 89
69 84
69 94
69 71
69 98
69 88
70 73
70 88
70 81
70 90
70 81
71 97
72 99
72 82
73 81
74 85
74 99
74 79
75 97
75 80
75 85
75 95
76 94
76 81
76 89
76 83
78 93
78 89
78 90
79 92
79 93
79 82
79 87
81 98
81 94
83 99
83 96
83 94
84 89
84 95
85 92
85 92
85 89
85 94
87 95
88 93
88 99
90 94
90 95
91 92
91 92
93 96
95 98
