0 57
0 37
0 96
0 94
0 87
0 17
0 93
1 31
1 91
1 10
1 71
1 15
1 18
1 94
1 93
2 90
2 6
2 77
2 13
2 81
2 49
2 86
2 72
2 62
3 10
3 83
3 48
3 79
3 44
3 55
3 9
3 15
3 51
3 12
3 22
4 35
4 58
4 82
4 6
4 63
4 47
5 94
5 67
5 16
5 51
5 74
6 91
6 7
6 94
6 75
6 59
6 36
6 39
6 12
6 94
7 34
7 33
7 73
7 89
7 94
7 56
7 89
7 86
7 45
7 19
8 73
8 65
8 80
8 65
8 59
8 74
8 59
8 84
8 87
8 96
8 83
8 45
9 68
9 35
9 97
9 36
9 78
9 22
9 69
9 88
9 18
9 20
9 50
10 51
10 52
10 14
10 13
10 96
10 46
10 11
10 54
10 68
10 42
11 81
11 15
11 12
11 58
11 61
11 75
11 80
11 44
11 94
11 13
12 95
12 26
12 93
12 63
12 67
12 30
12 75
12 56
12 71
12 30
13 63
13 70
13 41
13 69
13 44
13 99
14 15
14 79
14 23
14 72
14 72
14 32
14 60
14 79
14 47
14 95
14 95
15 67
15 64
15 57
15 48
15 90
15 46
16 96
16 98
16 61
16 61
16 72
17 64
17 39
17 27
17 68
17 30
17 70
17 64
18 76
18 91
18 20
18 75
18 74
18 58
18 73
19 97
19 72
19 90
19 24
19 75
20 65
20 57
20 31
20 21
21 67
21 46
21 93
21 51
21 92
21 98
21 63
21 26
21 46
22 36
22 90
22 96
22 57
22 23
22 50
22 76
22 98
23 91
23 98
23 41
23 79
23 96
23 61
24 72
24 82
24 96
24 63
24 73
24 60
24 56
24 40
24 64
24 49
24 25
24 42
25 42
25 48
25 80
25 89
25 57
25 97
26 75
26 99
26 51
26 47
26 33
26 72
26 76
27 78
27 31
27 63
27 29
27 80
27 35
27 88
27 56
27 39
27 59
27 65
27 82
27 41
27 51
27 41
28 53
28 75
28 58
28 76
28 83
28 64
28 71
28 39
29 99
29 79
29 56
29 33
29 78
29 34
29 32
29 84
29 65
30 43
30 64
30 54
30 90
30 34
30 99
30 90
31 91
31 77
31 56
31 58
31 93
31 90
31 91
32 48
32 93
33 74
33 37
33 80
33 61
34 43
34 56
34 42
34 40
34 62
35 62
35 87
35 62
35 71
35 38
35 43
35 93
35 90
35 65
36 80
36 47
36 42
36 98
36 42
36 38
36 63
36 42
37 43
37 56
37 83
37 73
37 46
37 45
38 42
38 46
38 93
38 82
38 73
38 55
38 72
38 91
38 70
39 99
39 72
40 81
40 81
40 65
40 62
41 51
41 42
41 56
41 48
41 54
41 86
41 98
41 87
42 71
42 46
42 81
42 78
43 84
43 47
43 85
43 61
44 99
44 67
44 92
44 98
44 49
44 72
44 86
44 83
44 51
44 63
45 85
45 51
45 68
45 65
46 61
46 78
46 74
46 76
46 98
47 67
47 96
47 90
47 77
47 54
47 52
47 95
47 99
48 93
48 72
48 97
49 80
49 54
50 77
50 71
50 55
50 61
51 92
51 97
51 75
51 99
51 71
51 91
51 75
51 76
52 83
52 92
52 78
52 65
52 85
53 88
53 65
53 66
53 77
53 80
53 55
54 94
54 80
55 72
55 93
55 93
56 98
56 96
56 71
56 83
56 79
56 76
56 73
56 59
57 62
57 70
57 87
57 65
57 78
58 64
58 78
58 77
58 64
58 88
59 68
59 98
59 91
60 69
60 65
60 61
60 80
60 85
60 69
61 66
61 85
61 85
61 91
61 72
61 90
61 84
62 89
62 87
62 72
63 98
63 72
63 64
63 92
63 70
64 95
64 91
64 92
64 79
64 95
65 72
65 98
66 80
66 70
66 81
66 68
66 76
66 70
67 92
68 78
68 89
69 86
69 76
69 89
69 83
70 86
70 73
70 86
70 74
70 85
71 95
72 74
72 87
72 96
73 82
74 88
74 89
74 97
75 95
75 87
75 77
75 95
75 77
76 94
76 80
77 93
77 95
78 94
78 96
78 95
78 84
78 86
79 84
79 98
79 86
80 85
80 99
81 84
81 90
81 86
81 98
82 93
83 99
83 96
83 85
84 88
84 96
84 85
85 98
86 98
88 94
88 93
91 95
91 93
93 98
