0 99
0 59
0 33
0 75
0 41
0 9
0 58
0 83
0 28
0 98
0 22
0 88
0 58
0 39
1 83
1 45
1 99
1 22
1 48
2 76
2 65
2 60
2 99
2 77
2 47
2 35
2 7
2 21
2 60
2 63
3 36
3 60
3 15
4 63
4 41
4 55
4 24
4 55
4 55
4 78
4 21
4 86
4 31
4 14
5 77
5 49
5 36
5 38
5 92
5 76
5 8
5 44
5 12
6 74
6 52
6 39
6 35
6 58
6 77
6 81
6 7
6 44
6 20
6 71
7 55
7 84
7 95
7 46
7 93
7 87
7 45
7 74
7 56
8 95
8 63
8 65
8 32
8 67
8 86
8 59
8 16
8 18
8 58
9 98
9 92
9 50
9 89
9 86
9 70
9 77
9 19
10 19
10 24
10 63
10 58
10 30
10 86
10 78
10 54
10 47
10 21
10 13
10 88
10 70
10 78
10 62
11 53
11 51
11 25
11 76
11 48
11 68
11 75
12 62
12 74
12 66
12 39
12 30
12 76
12 30
12 14
12 17
13 41
13 42
13 44
13 89
13 94
13 30
14 87
14 76
14 23
14 50
14 94
14 62
14 18
14 74
14 70
15 52
15 36
15 22
15 96
15 80
15 81
15 58
16 71
16 97
16 54
16 81
16 89
16 60
16 59
16 31
16 91
16 84
16 78
16 88
17 97
17 24
17 89
17 69
17 91
17 40
17 66
17 53
17 51
17 76
17 65
17 98
18 26
18 44
18 31
18 62
18 33
18 73
18 39
18 61
18 19
18 86
18 58
18 97
18 90
19 89
19 70
19 22
20 76
20 61
20 22
20 98
20 81
20 51
20 49
20 94
20 23
20 27
20 48
21 88
21 78
21 90
21 97
21 83
21 88
22 93
22 61
22 59
22 87
22 49
22 25
22 60
22 39
23 81
23 37
24 53
24 77
24 38
24 79
24 43
24 71
24 65
25 34
25 52
25 64
25 89
25 76
25 77
25 60
26 27
26 65
26 68
26 61
26 93
26 63
26 94
26 83
26 73
26 40
27 32
27 71
27 90
27 78
27 81
27 80
27 58
27 83
27 74
27 83
28 84
28 34
28 48
28 66
28 30
28 53
28 59
28 72
28 40
29 54
29 79
29 81
29 72
29 77
29 39
29 53
30 33
30 59
30 91
30 62
30 62
30 99
30 78
31 92
31 93
31 35
31 52
31 78
31 95
31 39
31 75
32 94
32 83
32 52
32 40
32 99
32 41
32 48
32 38
33 58
33 68
33 50
33 63
33 98
33 67
34 78
34 90
34 55
34 53
34 93
34 62
34 84
34 39
35 74
35 43
35 45
35 76
35 93
35 76
36 96
36 38
36 50
36 58
36 82
36 97
37 49
37 98
37 58
37 59
37 75
37 72
37 56
37 98
37 79
38 66
38 41
38 79
38 93
38 76
39 85
39 82
39 48
39 62
40 62
40 48
40 76
41 55
41 77
42 66
42 96
42 43
43 82
43 81
43 88
43 53
44 98
44 80
44 60
44 68
45 48
45 64
46 95
46 70
46 55
46 62
46 65
46 92
46 85
46 90
46 52
47 84
47 59
47 72
47 56
47 72
48 65
49 99
49 51
49 73
49 68
49 90
49 56
49 77
49 77
50 81
50 61
50 51
50 83
51 89
51 60
52 77
52 54
52 98
52 97
52 81
52 69
52 79
52 82
53 86
53 90
53 68
53 80
54 87
54 68
54 90
54 59
55 98
55 98
55 69
56 74
56 98
56 59
57 60
57 89
57 74
58 72
58 92
58 87
58 85
58 87
59 90
59 96
59 67
59 62
59 89
59 60
60 65
60 68
60 96
60 88
60 87
61 89
61 91
61 79
61 83
61 76
62 92
62 73
62 96
62 86
63 75
63 94
63 88
63 91
64 95
64 84
64 85
64 70
65 73
65 70
66 83
66 75
66 72
67 86
67 82
67 82
68 73
68 69
68 75
68 80
68 86
68 93
69 97
69 81
69 80
69 91
70 76
70 85
70 87
70 94
70 89
71 91
71 80
72 76
73 85
73 98
73 88
73 87
73 81
74 88
74 99
75 76
75 76
75 87
76 86
76 87
77 89
77 88
77 86
78 91
78 85
78 84
78 83
79 94
79 85
80 92
80 99
81 84
81 90
83 95
83 89
83 86
84 90
85 98
86 96
86 98
87 89
87 97
87 95
90 92
90 95
90 98
91 95
91 99
94 96
