0 94
0 11
0 76
0 91
0 86
0 81
0 16
0 19
0 60
1 30
1 49
1 2
1 89
1 20
1 73
1 32
1 88
2 92
2 9
2 29
2 7
2 60
3 44
3 20
3 62
3 61
3 52
3 30
3 92
3 46
3 23
3 34
3 20
3 40
3 80
4 63
4 94
4 5
4 59
4 49
4 40
4 23
4 32
4 24
4 23
4 23
4 49
4 21
4 53
4 24
5 45
5 6
5 16
5 89
5 85
5 30
6 65
6 82
6 84
6 50
6 91
6 13
6 85
6 18
6 39
6 57
6 13
6 63
6 28
7 23
7 38
7 12
7 94
7 72
7 78
7 94
7 61
8 72
8 99
8 22
8 24
8 26
8 99
8 52
8 58
8 89
8 29
9 82
9 46
9 47
9 17
9 75
9 77
9 24
10 76
10 95
10 19
10 94
10 60
10 42
10 43
10 85
10 32
10 72
11 16
11 63
11 86
11 37
11 80
11 25
11 95
11 93
11 67
11 70
11 74
11 98
12 38
12 99
12 31
12 59
12 75
12 98
12 37
12 17
12 30
12 41
12 87
13 86
13 36
13 82
13 37
13 92
13 55
13 32
13 31
13 82
14 78
14 89
14 33
14 16
14 71
14 86
14 95
14 93
14 41
14 25
14 24
15 67
15 37
15 80
15 90
15 55
16 56
16 90
16 23
16 76
16 27
17 27
17 73
17 26
17 44
17 54
17 37
17 83
17 61
17 48
17 23
18 85
18 92
18 64
18 79
18 77
18 48
19 81
19 36
19 49
19 50
19 74
19 30
19 21
19 76
19 89
19 85
20 42
20 99
20 92
20 90
20 73
21 65
21 49
21 59
21 57
21 64
22 75
22 57
22 23
22 87
23 61
23 92
23 52
23 31
23 38
23 84
23 47
24 88
24 36
24 97
24 90
24 48
24 65
25 98
25 99
25 97
25 93
26 28
26 37
26 90
26 38
26 38
26 84
27 66
27 94
27 70
27 85
27 30
27 94
27 37
27 39
27 89
27 76
28 67
28 71
28 57
28 40
28 73
29 92
29 67
29 32
29 46
29 51
29 36
29 83
29 33
30 47
30 68
30 34
30 86
30 61
30 53
30 86
30 63
30 51
30 59
30 75
30 51
31 58
31 51
31 58
31 35
31 69
32 79
32 67
32 69
32 86
32 66
32 52
33 99
33 57
33 54
33 94
33 72
33 39
33 61
33 88
34 78
34 47
34 73
34 91
34 71
34 83
34 59
34 88
35 53
35 88
35 52
35 68
35 65
35 45
36 39
36 76
36 94
36 80
36 88
36 48
36 44
36 88
36 87
37 90
37 92
38 78
38 78
38 78
38 43
38 74
38 72
38 81
38 97
38 61
39 83
39 59
39 54
39 75
40 91
40 63
40 77
40 79
40 51
40 72
40 71
40 78
40 99
41 54
41 94
41 61
41 78
42 56
42 77
42 88
42 71
42 62
43 82
43 97
43 93
43 98
43 89
44 95
44 88
44 80
44 55
44 58
44 86
45 51
45 69
45 52
45 63
45 96
45 79
45 49
45 92
45 58
46 63
46 94
46 81
46 79
46 90
46 81
46 47
46 71
47 82
47 50
47 92
47 52
47 54
47 97
47 48
48 83
48 80
48 59
48 98
48 51
48 51
48 95
49 95
49 59
49 98
49 57
49 97
49 81
49 90
49 90
49 72
49 73
50 57
50 67
50 87
50 86
50 71
50 58
50 57
50 58
50 87
50 77
51 62
51 88
52 70
52 85
52 75
52 53
52 94
52 71
52 68
52 75
53 59
53 99
54 72
54 97
54 70
55 74
55 96
55 88
55 94
55 91
55 79
55 81
55 85
55 93
56 92
56 87
56 96
56 82
56 73
57 78
57 73
57 59
58 91
58 87
58 60
59 86
59 65
59 73
59 76
59 73
60 99
60 75
60 81
60 62
61 82
61 73
62 91
62 84
63 99
63 84
63 90
63 94
64 88
64 91
65 82
67 84
67 77
67 82
68 91
68 70
69 85
69 76
69 93
70 89
70 87
70 96
70 94
71 92
71 73
71 86
71 99
72 86
72 97
73 80
73 85
74 91
74 96
74 85
75 98
75 81
75 99
76 84
77 83
77 97
78 79
78 94
78 85
79 87
80 96
81 85
81 93
81 92
81 94
81 94
82 93
82 88
83 86
84 99
85 89
86 88
87 95
87 92
90 97
90 92
92 94
93 98
94 96
94 95
