0 56
0 55
0 85
0 3
0 88
0 96
0 86
0 85
1 14
1 82
1 64
1 35
1 61
1 29
1 25
1 14
1 11
1 74
1 54
1 23
2 66
2 57
2 94
2 87
2 67
2 31
2 21
2 81
2 65
2 77
2 46
3 84
3 39
3 78
3 51
3 26
3 82
3 66
3 35
4 46
4 20
4 41
4 13
4 8
4 39
4 71
4 63
4 56
4 31
4 5
4 92
4 84
4 70
4 53
5 99
5 81
5 94
5 66
5 33
5 71
5 34
5 72
5 75
6 51
6 25
6 50
6 80
6 32
6 81
6 94
7 90
7 92
7 95
7 77
7 64
7 85
7 84
7 55
7 72
7 54
7 16
7 41
7 11
7 10
7 30
8 57
8 87
8 95
8 96
8 87
8 61
8 73
8 98
8 10
9 25
9 86
9 74
9 74
9 97
9 48
9 24
10 62
10 11
10 76
10 61
11 54
11 94
11 87
11 38
11 42
11 27
11 15
11 15
11 38
12 41
12 13
12 24
12 15
12 52
12 69
12 53
13 43
13 65
13 24
13 59
13 45
14 51
14 62
14 77
14 53
14 93
14 20
14 44
14 40
14 36
14 89
14 17
14 66
15 37
15 96
15 70
15 69
15 88
15 58
15 35
15 20
15 19
16 53
16 52
16 94
16 89
16 65
16 61
16 84
16 29
16 49
16 43
17 67
17 43
17 80
17 55
17 48
17 67
17 23
17 46
17 54
18 57
18 67
18 34
18 26
19 46
19 63
19 42
19 59
19 46
19 25
19 83
20 38
20 96
20 35
20 73
20 31
20 40
20 58
20 55
20 26
20 54
20 87
21 78
21 57
21 43
22 40
22 35
22 32
23 27
23 62
23 52
23 35
23 35
23 46
23 24
23 53
23 25
24 96
24 65
24 55
24 59
24 40
24 62
24 64
24 44
24 94
24 43
24 32
24 53
25 35
25 83
25 98
25 43
25 85
25 64
25 52
26 50
26 73
26 39
26 28
26 47
26 41
26 50
26 69
27 52
27 45
27 93
27 80
27 28
27 64
27 60
28 68
28 77
28 78
28 50
28 29
28 68
28 88
28 59
28 70
28 78
28 54
29 63
29 61
29 36
29 47
29 78
29 62
29 41
29 88
29 69
29 44
30 40
30 72
30 76
30 50
30 39
30 38
30 68
30 72
30 90
30 49
30 74
30 57
30 68
31 86
31 40
31 87
31 46
31 75
31 62
31 33
32 67
32 89
32 93
32 95
32 39
33 58
33 74
33 73
33 35
33 77
33 61
33 43
34 35
34 78
34 95
34 44
35 91
35 64
35 63
36 86
36 96
36 84
36 74
36 58
37 72
37 80
37 56
37 41
37 74
38 93
38 98
38 78
38 63
38 71
39 51
39 73
40 42
40 75
40 55
40 91
40 89
40 42
40 90
40 55
41 58
41 51
41 97
41 57
41 77
41 99
42 90
42 92
42 46
42 91
42 84
43 96
43 79
43 79
43 74
43 79
43 51
43 64
44 94
44 60
44 79
44 93
44 58
44 92
44 95
45 50
45 58
45 67
45 60
45 89
45 92
45 74
46 76
46 65
46 85
46 76
46 89
46 72
46 96
47 64
47 60
47 60
48 78
48 75
48 83
48 72
48 52
48 61
49 95
49 95
49 54
49 58
49 93
49 82
49 85
50 59
50 91
50 82
51 78
51 88
51 68
51 57
52 85
52 78
52 62
52 76
52 93
53 71
53 56
53 55
53 85
53 78
54 66
54 70
54 72
55 63
55 97
56 63
56 83
56 66
56 83
56 73
56 77
57 86
57 69
57 94
57 86
58 73
58 69
58 95
59 83
59 99
59 61
59 86
59 97
60 62
60 64
60 71
61 63
61 65
61 84
61 63
61 86
61 76
61 70
62 77
62 92
62 84
63 75
63 94
63 96
63 75
63 76
63 64
63 93
64 66
64 67
65 75
65 67
65 90
65 83
65 89
65 74
65 94
66 95
66 98
66 87
67 73
67 87
67 96
67 95
67 68
67 90
67 94
68 89
68 83
68 71
69 78
69 85
69 83
70 87
70 98
71 92
71 91
72 91
72 77
72 76
72 99
73 97
73 76
74 83
75 98
76 77
76 82
76 90
76 94
77 97
77 92
78 99
78 88
78 92
79 95
81 82
81 97
82 96
83 95
84 86
84 86
84 98
84 86
85 86
86 92
86 91
87 90
89 93
91 96
91 92
92 94
