0 15
0 95
0 50
0 89
0 17
0 82
0 9
0 63
0 63
0 6
0 3
1 70
1 3
1 49
1 87
1 97
1 41
1 14
1 24
1 25
1 61
2 72
2 31
2 64
2 38
2 46
2 44
2 12
2 92
3 54
3 77
3 56
3 77
3 87
3 32
3 99
3 18
3 61
3 18
3 28
3 82
3 12
3 89
3 78
3 65
3 64
3 31
4 38
4 70
4 26
4 83
4 66
4 13
4 97
4 16
4 62
4 16
4 95
5 90
5 9
5 15
5 39
5 28
5 50
5 39
5 62
5 64
5 89
5 78
6 50
6 13
6 97
6 26
6 92
6 31
6 46
6 80
6 22
6 73
6 35
7 85
7 51
8 23
8 9
8 19
8 21
8 35
8 16
8 44
8 64
8 99
9 98
9 98
9 61
9 20
9 53
10 68
10 45
10 39
10 36
10 70
10 18
10 17
10 55
10 16
11 31
11 66
11 90
11 45
11 61
12 22
12 96
12 36
12 84
12 15
12 49
12 67
12 19
12 73
12 94
13 32
13 89
13 48
13 72
13 54
13 85
13 57
13 28
13 59
13 37
13 56
13 46
13 57
14 80
14 81
14 35
14 79
14 84
14 83
14 20
14 71
14 70
14 94
14 91
15 48
15 95
15 22
15 93
16 29
16 47
16 39
16 32
16 70
17 42
17 30
17 65
17 75
17 58
17 38
17 75
18 60
18 97
18 39
18 55
18 20
18 97
18 41
19 89
19 88
19 27
19 54
19 25
19 91
19 62
19 66
19 97
19 86
19 24
20 41
20 59
20 70
20 34
20 52
20 35
21 59
21 24
21 43
21 62
21 61
22 61
22 69
22 74
22 84
22 47
22 89
23 33
23 73
23 63
23 34
23 61
23 27
23 64
23 34
23 96
24 73
24 31
24 42
24 99
24 83
24 59
24 51
25 33
25 41
25 80
25 91
25 60
25 38
25 65
26 38
26 79
26 31
27 95
27 62
27 92
27 82
27 78
28 37
28 55
28 40
28 57
28 47
29 91
29 59
29 84
29 65
29 77
29 83
29 68
29 49
29 53
29 46
29 48
29 44
30 67
30 70
30 96
30 39
30 74
30 99
30 55
31 62
31 94
31 38
31 47
31 50
32 89
32 33
32 57
32 43
33 40
33 84
33 40
33 50
33 57
33 57
33 63
33 41
33 48
33 48
33 86
33 61
33 93
33 89
33 95
33 78
34 61
34 51
34 85
34 63
34 86
34 66
34 71
34 56
34 36
35 42
35 90
35 82
36 70
36 62
36 39
36 50
36 53
36 81
36 50
36 93
37 64
37 87
37 82
37 81
37 95
38 50
38 45
38 88
38 67
38 88
38 65
39 42
40 83
40 78
40 94
40 51
40 45
40 82
41 85
41 47
41 63
41 86
42 91
42 92
42 86
42 46
42 96
42 45
42 56
42 51
43 78
43 86
43 58
43 59
43 62
44 58
44 64
44 59
44 57
44 56
44 75
44 89
44 71
44 45
44 64
45 52
45 97
45 69
45 48
45 69
45 92
46 96
46 85
46 54
46 79
46 93
46 93
46 85
46 87
46 96
46 99
47 58
47 77
47 55
47 87
47 79
47 93
48 96
48 78
48 88
48 88
48 54
48 61
48 72
49 76
49 63
49 54
49 74
49 87
49 87
49 58
49 64
49 84
49 83
50 95
50 90
50 94
50 94
50 78
50 63
50 62
50 66
51 91
51 73
51 96
51 89
52 83
52 62
52 62
52 81
52 92
52 92
52 82
52 60
53 63
53 75
53 65
53 81
53 56
54 57
54 93
54 80
54 78
55 58
55 56
55 82
55 72
55 86
55 77
56 63
56 89
56 80
56 92
56 84
57 82
57 90
57 64
57 94
57 62
58 75
58 85
58 65
58 72
58 74
59 98
59 91
59 74
59 66
59 95
59 75
59 92
60 99
60 98
60 71
60 65
60 62
61 98
61 80
62 80
62 77
62 81
62 78
63 70
63 68
63 67
63 88
64 74
64 92
64 76
64 98
65 94
65 79
66 75
66 95
67 85
67 77
67 84
67 69
68 88
68 90
68 92
69 95
69 80
69 76
70 74
70 76
70 93
70 77
71 92
72 96
72 79
72 93
73 74
74 78
74 95
74 96
74 80
74 91
76 77
82 86
83 97
83 89
84 89
85 90
85 89
86 94
87 94
87 96
88 90
88 92
90 99
92 94
95 99
95 96
97 98
