0 35
0 76
0 5
0 24
0 56
0 57
0 43
0 53
0 41
0 1
0 98
0 57
0 86
0 36
1 55
1 33
1 60
1 2
1 11
1 62
1 39
1 67
1 15
1 27
1 45
2 40
2 8
2 96
2 5
2 61
2 71
2 87
3 57
3 51
3 78
3 66
3 12
3 14
3 10
3 73
3 12
3 32
3 28
3 42
3 51
4 59
4 33
4 5
4 13
4 83
4 59
4 26
4 55
4 26
4 95
5 85
5 42
5 44
5 7
5 22
5 32
5 99
5 20
5 68
6 42
6 52
6 83
6 23
6 43
6 37
6 58
6 21
6 18
6 51
6 36
6 51
7 80
7 8
7 29
7 56
7 63
7 39
7 33
7 40
7 68
7 51
7 11
7 71
7 25
7 78
8 84
8 21
8 19
8 16
8 15
8 65
8 48
9 60
9 28
9 25
9 42
9 80
9 11
9 45
9 63
10 59
10 25
10 45
10 96
10 28
10 43
10 27
10 89
11 97
11 50
11 70
11 28
11 62
11 65
11 25
11 23
11 71
11 75
11 46
11 97
12 58
12 89
12 90
12 88
12 59
12 90
12 74
13 50
13 62
13 88
13 82
13 85
13 43
13 71
13 91
13 83
14 32
14 59
14 50
14 49
14 72
14 63
14 93
14 62
15 83
15 65
15 32
15 71
15 19
15 51
15 74
15 17
15 19
15 64
16 99
16 77
16 25
16 88
16 21
16 61
16 86
16 59
17 43
17 78
17 27
17 52
17 70
17 64
17 18
17 41
18 37
18 58
18 43
18 73
18 19
18 78
19 36
19 22
19 42
19 20
19 91
19 58
19 80
19 59
20 65
20 76
20 96
20 73
20 70
20 49
20 64
20 64
21 26
21 26
21 55
21 81
21 58
21 59
21 62
21 39
21 94
21 53
21 98
22 35
22 59
22 39
22 93
22 57
22 51
22 74
22 59
22 36
22 75
22 54
22 35
23 78
23 66
23 61
23 59
23 81
23 97
23 32
23 39
23 29
23 33
23 60
24 77
24 86
24 76
24 41
24 67
24 76
24 50
25 67
25 45
25 30
25 73
25 42
25 82
25 36
25 70
25 93
26 74
26 46
26 78
26 29
26 73
26 42
26 77
26 61
27 84
27 98
27 31
27 75
27 86
27 67
27 97
28 84
28 74
28 39
29 45
29 67
29 92
29 44
29 62
29 82
29 58
30 38
30 60
30 62
31 82
31 83
31 77
31 99
31 47
31 95
31 52
32 37
32 94
32 49
32 60
32 35
32 50
32 51
33 68
33 37
34 58
34 37
34 83
34 80
34 89
34 99
34 65
34 76
34 80
35 87
35 55
35 59
36 59
36 47
36 38
36 92
36 92
36 60
36 93
36 69
36 38
37 88
37 94
37 88
37 79
37 48
37 72
38 85
38 98
38 85
38 85
39 51
39 56
39 84
39 74
39 73
40 85
40 56
40 63
40 67
40 98
40 78
40 75
41 59
41 56
41 61
41 73
41 69
41 74
41 42
41 42
41 85
42 62
42 83
42 62
42 88
42 76
42 65
43 52
43 52
43 60
43 71
43 59
44 83
44 49
44 61
44 55
44 67
44 49
44 62
44 50
45 47
45 66
45 79
45 74
45 93
45 97
46 87
46 94
46 66
46 72
46 87
47 96
47 73
47 96
47 69
47 86
48 76
48 53
48 98
48 88
48 83
49 50
49 73
49 57
49 67
49 98
49 79
49 53
49 58
50 67
50 81
50 99
51 86
51 75
51 97
51 79
51 86
51 54
51 75
51 88
52 64
52 87
52 69
52 82
53 70
53 85
53 60
53 77
53 87
54 92
54 77
55 68
55 59
55 79
56 77
56 88
57 68
57 68
57 97
57 71
58 60
58 89
58 83
59 81
59 84
60 94
60 82
61 96
61 74
61 78
61 84
61 66
62 67
62 84
63 90
63 76
64 95
64 71
64 67
65 87
65 86
65 69
65 79
66 89
66 95
67 76
67 73
67 93
67 68
67 99
67 74
68 72
68 91
68 99
68 78
68 73
69 82
69 91
70 87
70 74
70 89
71 84
71 77
72 76
72 91
73 88
74 80
74 89
75 90
75 77
75 89
77 97
78 99
79 90
79 85
79 89
80 99
80 99
81 96
82 84
83 88
83 88
83 85
83 89
84 97
86 92
86 87
87 94
88 91
88 94
88 97
89 93
89 95
89 99
90 92
94 95
95 98
98 99
