0 21
0 75
0 29
0 18
0 5
0 29
0 1
0 34
0 23
0 32
0 74
1 89
1 61
1 29
1 49
1 84
2 45
2 46
2 90
2 73
2 48
2 8
2 70
2 46
2 22
2 96
2 21
3 87
3 12
3 96
3 31
3 91
3 69
3 4
3 48
4 34
4 48
4 86
4 96
4 35
4 24
5 80
5 85
5 52
5 31
6 91
6 87
6 91
6 62
6 39
6 39
6 8
6 25
6 66
7 18
7 48
7 36
7 15
7 21
7 96
7 85
7 49
7 97
7 88
7 20
7 46
7 99
7 58
8 75
8 13
8 35
8 47
8 28
8 55
8 47
8 47
8 99
8 27
9 80
9 85
9 34
9 70
9 30
9 96
9 16
9 55
9 45
9 91
9 21
10 23
10 15
10 79
10 34
10 13
10 16
10 40
10 92
11 31
11 43
11 26
11 97
11 21
11 43
11 76
11 60
11 99
11 98
11 91
12 99
12 24
12 97
12 14
12 44
12 56
12 83
12 45
12 89
13 63
13 35
13 83
14 46
14 27
14 71
14 91
14 92
14 67
14 33
14 66
14 96
14 69
14 94
14 26
14 54
14 78
15 62
15 17
15 99
15 31
15 69
15 98
15 89
15 69
15 90
15 54
15 28
15 96
16 78
16 64
16 47
16 23
16 83
16 37
16 22
17 54
17 32
17 82
18 91
18 44
18 34
18 40
18 92
18 23
18 82
19 57
19 47
19 91
19 58
19 21
19 67
20 49
20 91
20 51
20 94
20 36
20 96
20 83
20 48
20 23
20 71
20 32
21 92
21 71
21 72
21 63
21 97
21 96
21 41
21 35
21 31
21 59
21 70
22 31
22 85
22 61
22 47
22 33
22 77
22 90
22 98
22 88
23 57
23 33
23 78
23 77
23 40
23 88
24 46
24 74
24 84
24 35
24 68
25 46
25 97
25 38
25 27
25 40
25 63
25 92
25 26
25 86
25 61
25 73
25 53
26 28
26 34
26 98
26 59
26 63
27 74
27 30
27 88
27 54
27 59
27 90
27 30
28 89
28 55
28 36
29 66
29 70
29 81
29 88
29 51
29 33
29 55
29 46
29 83
29 70
30 66
30 41
30 39
30 46
30 41
30 85
30 62
30 40
30 66
30 31
30 60
30 94
31 75
31 61
31 89
31 49
31 64
31 82
31 50
31 73
31 44
32 64
32 45
32 45
32 94
32 66
32 96
32 48
33 61
33 47
33 36
33 35
34 42
34 64
34 43
34 78
34 60
34 88
34 86
34 87
34 65
34 43
34 50
34 94
35 49
35 69
35 50
35 83
35 77
35 74
36 66
36 64
36 74
36 38
36 83
37 97
37 94
37 76
37 82
37 97
37 62
37 56
37 71
37 49
38 71
38 95
38 81
38 65
38 70
38 98
38 64
39 47
39 48
39 53
39 80
39 69
39 77
39 76
40 58
40 46
41 54
41 88
41 52
41 51
41 58
42 63
42 72
42 46
42 53
42 79
42 88
43 88
43 72
43 45
43 80
43 90
43 44
43 74
43 44
43 44
43 93
43 80
43 70
43 56
44 80
44 52
44 86
44 46
44 89
44 74
44 71
45 71
45 60
45 51
45 68
45 53
46 85
46 80
46 70
46 62
46 77
47 96
47 50
47 76
47 51
47 89
47 88
47 80
47 96
48 66
48 59
48 80
49 88
49 96
49 81
50 61
50 84
50 70
50 70
51 68
51 62
51 83
51 59
52 65
52 94
52 65
52 79
53 55
53 89
53 76
53 97
53 58
53 95
53 77
54 85
54 78
55 63
55 97
55 59
55 98
55 94
56 62
56 99
56 94
57 74
57 79
57 87
58 87
59 76
59 94
60 99
61 86
61 85
62 84
62 67
62 63
62 72
62 85
63 89
63 88
64 87
64 88
64 90
64 74
65 93
65 94
65 80
65 82
65 83
65 84
65 97
66 83
66 97
66 69
67 97
67 96
67 72
67 83
67 69
67 73
68 83
68 98
68 96
69 78
69 90
70 95
70 90
71 96
71 95
71 81
71 82
72 85
72 85
72 89
72 85
73 80
73 95
73 97
73 94
74 77
74 95
74 84
74 80
74 90
75 80
76 96
76 93
77 89
77 96
78 94
78 79
79 84
79 86
79 96
79 83
80 91
81 89
82 94
83 92
83 89
85 94
85 97
88 99
88 92
90 97
90 96
91 95
92 99
95 96
96 97
96 99
97 98
