0 61
0 71
0 94
0 9
0 97
0 69
0 95
0 95
0 42
0 50
0 20
1 93
1 66
1 79
1 50
1 6
1 71
1 11
1 72
1 61
2 47
2 94
2 68
2 26
2 57
2 82
2 14
2 95
2 74
2 60
2 39
2 13
2 48
2 92
2 54
2 84
3 71
3 36
3 20
3 49
3 48
3 95
3 22
4 46
4 76
4 88
4 50
4 23
4 59
4 33
4 25
4 36
4 36
4 22
4 84
5 46
5 23
5 73
5 26
6 95
6 74
6 8
6 85
6 86
6 85
6 83
6 63
6 40
6 39
6 27
7 13
7 61
7 32
7 11
7 30
7 46
7 19
8 45
8 77
8 53
8 64
8 74
8 18
8 28
8 91
8 70
8 69
8 36
8 73
9 34
9 49
9 74
9 31
9 45
9 90
10 40
10 72
10 38
10 19
11 91
11 12
11 22
11 95
11 43
11 79
11 68
11 44
11 41
11 26
11 67
12 54
12 81
12 56
12 70
12 29
12 59
12 46
12 81
13 30
13 33
13 44
13 21
13 86
13 16
14 45
14 63
14 90
14 19
14 43
14 95
14 52
15 96
15 64
15 32
15 76
15 65
15 18
15 72
15 70
15 65
16 83
16 91
16 30
16 67
16 28
16 58
17 36
17 40
17 48
17 91
17 68
17 45
17 58
18 88
18 29
18 67
18 54
18 73
18 45
19 84
19 85
19 23
19 59
19 80
19 51
19 41
19 28
19 85
19 99
19 20
19 45
20 23
20 55
20 43
20 56
20 79
20 84
20 65
20 56
21 81
21 41
21 37
21 36
21 73
21 38
21 80
21 96
21 26
22 57
22 97
22 92
22 87
22 81
22 28
23 44
23 47
23 87
23 40
23 62
23 73
23 39
24 44
24 44
24 81
24 99
24 79
24 86
25 58
25 31
25 65
25 68
25 62
25 49
25 97
25 85
26 30
26 96
26 69
26 80
26 29
26 73
26 70
26 92
27 93
27 36
27 66
27 29
28 29
28 54
28 72
28 89
28 70
28 30
28 43
28 73
28 53
28 36
29 56
29 91
29 56
29 94
29 57
29 46
29 48
30 98
30 43
30 46
30 77
30 72
30 84
30 58
30 47
30 44
30 72
30 98
31 59
31 91
31 83
31 34
31 77
31 66
31 34
31 67
31 64
31 53
31 58
32 93
32 83
32 54
32 87
32 34
32 46
32 36
32 45
32 67
32 58
33 42
33 71
33 71
33 94
33 58
33 85
34 35
34 61
34 74
34 94
34 35
34 39
34 54
34 49
34 86
34 98
34 56
34 39
35 51
35 90
35 51
35 55
35 53
35 58
36 61
36 69
36 81
36 66
37 61
37 45
37 51
37 63
37 39
37 57
37 71
38 78
38 44
38 63
38 62
38 89
38 80
39 47
39 55
39 58
39 78
39 66
39 76
40 46
40 52
40 67
40 82
40 67
40 79
41 45
41 78
41 63
41 89
41 98
41 56
41 68
41 49
41 43
41 68
41 88
42 95
42 76
42 56
42 98
42 69
42 90
43 70
43 66
43 59
44 50
44 98
44 73
44 64
44 53
44 92
44 78
44 65
44 46
44 48
45 74
45 67
45 64
46 75
46 67
46 75
47 60
47 49
47 92
47 58
47 64
47 86
47 81
48 80
48 84
48 82
49 55
49 54
49 88
50 78
50 77
50 79
50 62
50 98
50 72
51 89
51 96
51 60
52 53
52 79
52 83
53 98
54 75
54 87
55 85
55 97
55 74
55 76
56 81
56 85
56 60
56 88
57 76
57 63
57 88
57 66
57 68
57 91
57 67
58 91
58 99
58 93
59 95
59 60
59 70
59 90
59 86
60 61
60 63
60 75
60 67
61 78
61 90
62 69
62 96
62 69
62 68
62 65
62 77
62 67
63 91
63 97
63 78
63 81
63 93
64 77
64 77
65 75
65 87
65 98
65 80
65 84
66 85
67 70
67 86
67 69
68 90
68 90
68 94
69 92
70 95
70 96
70 92
71 73
71 89
71 94
71 81
72 95
72 94
74 94
74 95
75 84
75 98
76 87
76 80
76 87
76 96
76 99
77 92
77 95
77 93
77 91
78 86
78 83
78 90
78 81
79 99
79 85
80 85
81 84
81 86
81 83
82 92
82 91
82 85
83 99
83 98
83 94
84 95
84 99
85 93
85 90
86 88
88 89
88 93
90 99
91 93
92 99
92 93
93 95
94 98
