0 35
0 3
0 52
0 22
0 3
0 44
0 48
0 13
0 87
0 23
0 29
1 45
1 5
1 25
1 2
1 24
1 35
1 60
1 49
1 6
1 3
2 79
2 62
2 53
2 14
2 26
2 32
3 56
3 28
3 80
3 12
3 65
3 60
3 83
3 34
3 84
3 28
3 12
3 44
3 98
4 73
4 58
4 46
4 69
4 81
4 31
4 70
4 42
4 55
4 50
4 32
4 8
5 98
5 28
5 29
5 9
5 39
6 51
6 26
6 85
6 11
6 80
6 57
6 60
6 45
6 50
6 42
6 93
6 38
7 95
7 77
7 43
7 52
7 10
7 75
7 39
7 93
7 84
7 19
7 20
7 19
7 70
8 98
8 47
8 11
8 98
8 79
8 86
8 24
8 33
8 14
8 28
8 98
8 64
8 25
9 77
9 81
9 25
9 33
9 99
9 93
9 41
9 54
9 45
9 87
10 39
10 32
10 27
10 52
10 28
10 89
10 41
10 97
10 68
10 37
10 86
10 92
11 87
11 37
11 69
11 25
11 18
11 95
11 65
12 62
12 52
12 36
12 88
12 71
12 91
12 79
12 65
12 77
12 24
13 19
13 66
13 54
13 29
13 86
13 30
13 39
14 99
14 97
14 44
14 93
14 38
14 96
14 55
14 20
14 44
14 78
14 89
14 22
14 15
14 53
15 39
15 63
15 40
15 72
15 68
15 33
15 85
15 19
16 19
16 92
16 92
16 49
16 69
16 99
16 70
16 99
16 92
17 51
17 97
17 73
17 33
17 18
17 98
17 60
17 19
18 71
18 56
18 95
18 58
18 80
18 63
18 74
18 50
18 84
19 43
19 54
19 20
19 93
19 48
19 52
20 63
20 87
20 30
20 22
20 90
20 84
21 44
21 37
21 41
21 93
21 82
21 39
22 30
22 88
22 94
22 40
22 58
22 48
22 33
22 38
23 55
23 68
23 66
23 27
23 30
23 26
23 93
23 41
23 74
23 58
24 27
24 43
25 63
25 56
25 80
25 85
25 47
25 27
25 37
25 88
25 83
25 76
25 81
25 62
26 89
26 94
26 86
26 41
27 66
27 46
27 90
27 72
27 30
27 40
27 82
28 88
28 53
28 36
29 36
29 44
29 46
30 76
30 67
30 62
30 62
30 45
30 49
30 73
31 63
32 70
32 75
32 55
33 47
33 75
33 76
33 67
33 49
34 64
34 55
34 38
34 57
34 96
34 40
34 60
34 88
34 48
34 53
34 83
35 88
35 88
35 58
35 82
35 78
35 93
36 92
36 83
36 79
36 64
36 70
36 60
36 88
36 66
37 99
37 84
37 74
37 92
37 42
37 49
37 65
38 95
38 95
38 85
38 81
39 54
39 69
39 59
39 49
39 42
39 51
40 71
40 87
40 84
40 87
41 44
41 72
41 73
41 62
41 43
41 44
41 96
42 77
42 88
42 64
43 61
44 61
44 72
44 99
44 72
44 99
44 83
44 66
45 98
45 64
45 65
45 47
45 64
45 49
46 72
46 53
46 80
46 75
46 51
46 61
46 80
46 94
46 79
46 53
46 75
46 81
46 58
47 50
47 69
47 94
47 66
47 56
48 92
48 75
48 65
48 83
48 82
48 89
48 58
48 52
48 83
49 58
49 63
49 69
49 78
49 97
49 60
50 96
50 65
50 84
50 60
51 59
51 88
51 92
51 98
51 87
51 68
52 54
52 63
52 83
52 85
52 56
53 79
53 61
53 69
53 99
53 67
53 84
53 58
53 67
54 72
54 89
54 73
55 60
55 79
55 83
56 77
56 96
56 80
56 82
56 57
56 78
56 58
56 80
56 68
57 59
57 91
57 91
58 77
58 89
58 85
59 93
59 87
60 85
60 67
60 68
60 90
60 89
60 99
60 72
61 67
61 67
61 85
62 98
62 94
62 91
63 80
63 97
64 69
64 86
64 86
64 65
65 73
65 93
65 84
65 71
65 98
65 69
66 86
66 91
67 70
67 70
67 97
67 93
67 76
68 74
68 84
68 97
68 78
68 79
68 75
69 90
70 72
70 83
71 74
71 86
71 99
71 89
72 77
72 91
73 84
73 87
73 75
73 90
73 98
74 92
74 96
74 75
74 95
75 97
75 79
75 95
76 99
76 78
77 92
78 95
81 93
82 98
83 91
84 98
85 95
86 90
86 90
86 89
87 94
90 97
91 99
91 93
92 95
93 97
93 94
95 97
