0 93
0 16
0 39
0 7
0 26
0 7
0 17
0 56
1 60
1 33
1 57
1 40
1 94
1 11
1 4
1 67
2 53
2 93
2 13
2 15
2 97
2 31
2 57
3 8
3 82
3 14
3 62
3 59
3 73
3 11
3 20
3 33
3 86
3 52
3 24
3 69
3 85
3 69
4 78
4 54
4 80
4 56
4 58
4 92
4 96
5 83
5 23
5 25
5 22
5 35
5 71
5 44
5 82
5 60
5 37
5 18
5 56
5 65
5 91
5 57
6 64
6 60
6 23
6 11
6 62
6 90
6 30
7 20
7 61
7 48
7 89
7 23
7 29
7 76
7 66
7 57
7 59
7 18
7 78
8 36
8 91
8 52
8 45
8 80
8 71
8 29
8 54
8 36
8 97
8 91
8 74
8 82
9 40
9 66
9 37
9 66
9 88
9 61
9 63
9 74
9 49
10 40
10 99
10 55
10 64
10 27
10 92
11 61
11 19
11 88
11 30
11 75
11 89
12 60
12 53
12 46
12 27
12 30
13 29
13 74
13 85
13 63
13 65
13 40
13 44
14 69
14 29
14 67
14 18
14 82
15 60
15 57
15 22
15 19
15 62
15 27
15 55
15 42
16 47
16 30
16 23
16 50
16 22
16 31
16 29
16 77
16 19
16 42
17 46
17 41
17 89
17 87
17 63
18 59
18 60
18 91
18 72
18 44
18 49
18 68
18 57
19 34
19 84
19 68
19 51
19 57
19 88
20 75
20 92
20 40
20 52
20 33
20 37
20 41
20 61
20 97
20 51
20 55
21 84
21 47
21 48
21 83
21 55
21 36
21 90
21 66
22 78
22 25
22 51
23 44
23 85
23 40
23 66
23 40
23 95
23 82
23 67
23 94
23 74
23 24
24 31
24 81
24 83
24 27
24 77
24 69
25 79
25 79
25 33
25 48
25 55
25 49
25 47
25 78
26 32
26 89
26 91
26 28
26 35
27 63
27 68
27 76
27 72
27 95
27 85
27 39
27 68
27 97
28 82
28 57
28 83
28 77
28 33
28 32
28 88
29 94
29 42
29 45
29 61
29 96
29 77
29 68
29 89
29 78
29 98
30 34
30 81
30 71
30 54
30 36
30 93
30 40
30 45
30 34
30 40
30 47
30 91
30 90
30 87
31 74
31 41
31 32
31 41
31 44
31 75
31 49
31 91
31 48
31 37
31 33
31 82
31 87
32 53
32 34
32 33
32 88
32 94
32 73
32 63
33 39
33 85
33 77
33 72
33 42
33 97
34 55
34 69
34 71
34 56
34 63
35 96
35 76
35 47
35 46
35 74
35 85
35 41
36 80
36 69
36 85
36 82
36 98
36 51
36 45
36 83
37 74
37 82
37 90
37 66
37 96
37 85
38 78
38 86
38 92
38 49
38 58
39 79
39 69
39 78
39 57
39 47
39 57
39 56
40 65
40 52
40 84
40 63
40 76
40 90
40 44
41 86
41 94
41 81
42 90
42 50
42 80
43 56
43 62
44 74
44 47
44 63
44 98
44 93
45 85
45 80
45 95
45 78
45 87
45 76
46 88
46 78
46 59
46 48
46 65
46 98
46 74
47 68
47 78
47 48
47 64
47 87
47 67
47 86
47 89
47 94
48 55
48 69
48 74
48 65
49 55
49 68
49 56
49 92
49 66
49 68
49 91
49 86
50 61
50 76
50 58
50 64
50 79
50 95
50 62
50 77
50 56
50 86
51 80
51 61
51 88
51 87
51 64
51 96
51 83
52 61
52 56
53 81
53 77
54 57
54 91
54 91
54 90
54 95
54 76
54 87
55 91
55 88
55 95
55 96
56 86
56 91
56 95
57 66
57 71
57 59
58 96
58 93
59 73
59 94
59 83
59 70
60 73
60 96
60 71
60 65
61 75
61 99
62 63
62 92
62 93
63 80
63 82
63 80
63 92
64 93
64 88
64 82
64 73
64 87
64 77
64 76
65 89
65 86
65 84
66 91
66 69
66 78
67 89
67 94
67 78
67 85
68 94
68 74
68 97
68 72
68 72
68 98
68 92
69 90
69 98
69 85
70 98
70 90
71 88
71 85
71 82
71 78
72 81
73 93
73 85
73 88
73 75
73 90
74 78
75 81
75 84
76 88
77 87
78 96
78 81
79 95
79 93
79 86
80 95
81 96
81 94
83 96
84 91
84 87
86 99
86 96
86 99
88 97
88 95
88 97
89 99
89 95
95 99
96 97
97 99
