0 17
0 10
0 75
0 18
0 49
0 13
0 10
0 19
0 94
0 22
0 9
1 50
1 38
1 89
1 74
1 28
1 95
2 25
2 34
2 48
2 33
2 54
2 47
2 26
2 32
2 75
2 54
2 29
3 5
3 74
3 62
3 8
3 75
3 30
3 83
3 89
3 16
4 57
4 67
4 63
4 86
4 5
4 13
5 81
5 49
5 53
5 74
5 41
5 27
5 55
5 80
6 29
6 92
6 85
6 15
6 50
6 30
6 21
6 72
6 82
6 31
7 86
7 29
7 49
7 19
7 10
8 19
8 97
8 42
8 38
8 67
8 99
8 59
8 41
9 46
9 91
9 11
9 46
9 92
9 22
9 87
9 72
9 65
9 76
9 22
9 47
9 21
9 14
9 17
10 44
10 55
10 50
10 23
10 42
10 85
10 38
10 42
10 30
10 96
11 19
11 24
11 25
11 17
11 43
11 41
11 58
11 46
11 58
11 42
11 60
11 26
12 54
12 76
12 37
12 97
12 13
12 29
12 69
12 26
13 85
13 81
13 50
13 41
13 90
13 16
14 15
14 94
14 19
14 68
14 22
14 18
14 91
14 95
14 29
14 65
14 33
14 62
15 74
15 92
15 31
15 43
15 30
15 42
15 32
16 60
16 96
16 72
16 50
16 23
16 82
16 32
16 95
17 60
17 68
17 83
17 96
18 33
18 53
18 42
18 63
18 43
18 41
18 36
19 40
19 84
19 54
19 62
19 36
19 32
19 63
19 57
20 26
20 32
20 91
20 43
20 88
20 38
20 66
20 32
20 41
20 97
21 69
21 94
21 65
21 80
21 55
21 95
21 27
22 37
22 88
22 82
22 83
22 27
22 43
23 67
23 93
23 87
23 47
23 77
24 72
24 32
24 36
24 86
24 78
24 27
24 40
25 72
25 95
25 62
25 74
25 80
25 95
25 64
25 57
25 54
25 42
25 40
26 55
26 29
26 80
26 72
26 44
26 75
27 90
27 82
27 92
27 98
27 86
27 51
27 57
27 96
28 55
28 40
28 53
28 67
28 75
28 87
28 86
28 48
28 48
29 65
29 59
29 48
29 49
29 88
29 52
29 65
29 41
30 61
30 99
30 49
30 65
30 80
30 31
30 35
30 76
31 77
31 85
31 89
31 54
31 57
31 68
32 66
32 87
32 51
32 75
33 89
33 64
33 84
33 42
33 65
33 67
33 93
34 35
34 86
34 75
34 89
34 37
34 97
34 63
35 98
35 56
35 49
35 99
36 97
36 50
36 99
36 54
36 53
36 85
37 71
37 49
37 86
37 55
37 70
37 91
38 92
38 92
38 63
38 79
38 60
38 86
39 97
39 81
39 56
39 69
39 55
40 82
40 64
40 62
40 53
40 57
40 48
40 89
40 59
40 64
41 92
41 47
41 88
41 77
42 78
42 52
42 45
42 69
42 51
42 68
43 61
43 71
43 65
43 83
44 97
44 75
44 88
45 67
45 71
45 64
45 65
45 78
46 99
46 56
46 93
46 73
47 62
47 57
47 48
47 71
47 81
47 58
47 93
48 67
48 60
48 78
48 74
49 66
49 61
49 74
49 81
49 57
49 93
50 85
50 98
50 68
50 53
50 62
50 55
51 95
51 80
51 72
51 58
51 80
52 86
52 53
52 57
52 92
52 70
53 61
53 93
54 78
54 66
54 84
54 75
54 64
55 62
55 86
56 80
56 74
56 74
56 69
56 71
56 72
56 96
56 99
57 71
57 74
57 64
58 61
58 62
58 93
58 66
58 88
58 94
58 83
59 96
59 63
59 92
59 94
59 68
59 92
60 79
60 67
60 69
60 85
60 85
61 85
61 73
61 94
61 94
61 90
61 78
62 71
62 66
62 77
62 92
62 72
62 80
63 83
63 91
63 72
63 83
63 67
64 97
64 68
64 65
64 69
64 97
64 83
65 75
65 66
65 69
65 68
65 93
66 80
66 97
66 75
66 75
67 87
67 81
67 98
68 91
68 81
68 95
68 71
68 83
68 71
69 99
69 85
69 86
69 72
69 95
69 92
70 74
70 78
70 90
71 81
71 93
72 88
73 91
73 99
74 75
74 94
75 96
76 88
76 86
77 80
77 84
77 93
77 80
78 80
78 93
79 93
79 84
80 84
80 91
80 92
82 95
83 91
83 85
85 93
86 99
86 90
87 92
87 90
87 94
88 90
88 97
89 90
91 93
93 96
94 95
94 98
