0 23
0 70
0 27
0 2
0 70
0 64
0 63
1 63
1 29
1 78
1 3
1 68
1 55
1 93
1 66
1 34
1 98
1 29
1 36
1 58
1 42
2 97
2 14
2 12
2 31
2 34
2 64
2 21
2 21
2 14
3 49
3 42
3 36
3 95
3 92
3 61
3 49
3 20
3 8
3 50
3 67
4 26
4 59
4 88
4 40
4 24
4 12
4 12
4 69
4 58
4 90
4 43
4 8
4 27
4 37
4 53
5 60
5 82
5 96
5 77
5 41
5 70
5 16
6 18
6 78
6 69
6 62
6 10
6 79
6 95
6 26
7 83
7 22
7 64
7 59
7 22
7 86
7 87
7 98
7 46
7 40
8 97
8 57
8 85
8 10
8 91
8 18
8 64
8 95
8 96
8 74
9 52
9 64
9 53
9 25
10 79
10 82
10 63
10 14
10 86
10 33
10 68
11 76
11 75
11 65
11 69
11 84
11 83
11 99
11 50
12 89
12 19
12 32
12 83
12 69
12 32
12 85
12 29
12 94
12 15
12 91
13 51
13 96
13 55
13 90
13 82
13 72
13 97
13 97
13 44
13 57
14 17
14 77
14 19
14 58
14 32
14 35
14 33
15 88
16 66
16 97
16 67
16 86
16 86
16 77
16 97
16 52
17 49
17 20
17 87
17 41
17 25
17 28
17 37
18 90
18 38
18 64
18 65
18 26
18 54
18 94
19 89
19 21
19 86
19 56
19 95
19 38
19 28
19 71
19 58
20 57
20 64
20 34
20 77
20 31
20 42
20 77
20 41
20 32
20 77
21 95
21 95
21 81
21 95
21 53
21 99
21 37
22 78
22 31
22 73
22 63
22 35
22 73
22 85
22 34
22 61
23 75
23 86
23 26
24 74
24 93
24 63
24 68
24 31
24 36
24 41
24 60
24 34
24 53
25 98
25 58
25 70
25 80
25 66
25 84
25 35
26 31
26 47
26 49
26 61
26 64
26 65
26 38
26 78
27 63
27 59
27 90
27 90
27 89
27 42
28 64
28 29
28 98
28 96
28 30
28 50
28 70
28 60
28 43
28 99
29 80
29 90
29 76
29 94
29 97
29 85
30 51
30 86
30 32
30 66
30 97
30 67
30 76
30 86
31 52
31 87
31 90
31 56
31 94
31 79
31 93
32 80
32 90
32 41
32 35
32 34
32 89
32 72
33 61
33 82
33 63
33 87
33 84
33 49
33 80
33 41
33 98
34 66
34 43
34 81
34 89
34 51
34 90
34 90
35 83
35 84
35 58
35 52
35 48
35 72
35 49
35 89
36 72
36 62
36 79
36 85
37 68
37 56
37 97
37 66
37 64
37 52
37 53
37 59
37 72
38 46
38 98
38 80
38 86
38 41
38 75
38 93
38 51
38 99
38 83
39 61
39 87
39 58
39 83
39 40
39 61
39 78
39 76
40 86
40 73
40 79
40 73
40 64
40 46
40 76
40 63
41 46
41 82
41 52
41 70
41 66
42 96
42 62
42 88
42 61
42 63
42 92
42 78
43 65
43 94
43 60
43 65
44 70
44 80
44 87
44 63
44 55
44 74
44 59
44 56
44 80
45 69
45 56
45 66
45 48
45 71
45 68
45 53
46 68
46 68
46 77
46 58
47 74
47 48
47 99
47 65
47 64
48 62
48 55
48 71
48 99
48 89
48 52
48 84
48 51
48 67
49 96
49 78
49 53
50 57
50 91
50 53
50 53
50 63
50 72
50 65
51 54
52 96
52 78
52 85
52 77
52 99
52 62
52 64
52 55
53 72
53 62
53 77
54 85
54 86
55 66
55 79
55 96
55 81
55 64
55 77
55 90
56 95
56 71
56 63
56 75
56 76
57 94
57 92
57 97
58 72
58 84
58 86
58 90
58 83
58 91
58 85
59 91
59 99
59 86
60 62
60 84
60 72
61 70
61 62
61 68
61 94
61 77
61 74
62 81
63 73
63 85
63 81
63 92
63 72
63 82
63 94
63 97
64 65
64 98
64 86
64 80
65 74
65 66
66 81
67 86
67 85
67 91
67 82
69 75
69 75
69 73
70 97
70 75
71 87
72 73
73 98
74 95
74 90
74 86
74 99
74 88
74 91
75 93
75 90
76 77
76 99
76 99
76 81
77 97
77 93
78 81
79 91
79 95
81 84
81 93
82 86
83 85
84 90
84 88
84 90
85 87
87 99
88 96
88 94
88 92
89 97
94 99
96 97
97 99
