0 84
0 4
0 56
0 30
0 74
0 57
1 87
1 11
1 60
1 51
1 81
1 70
2 49
2 62
2 8
2 63
2 45
2 65
2 50
2 18
2 92
3 15
3 51
3 15
3 49
3 50
3 5
3 82
3 72
3 59
3 94
4 53
4 14
4 91
4 26
4 94
4 28
4 91
4 55
5 20
5 89
5 79
5 46
5 94
5 92
5 37
5 99
5 8
5 79
5 21
5 78
5 54
6 31
6 66
6 62
6 58
6 82
6 16
7 24
7 57
7 33
7 13
7 81
7 74
7 95
7 52
7 70
7 64
7 56
7 60
7 49
7 60
7 13
7 20
7 27
7 95
8 45
8 85
8 13
8 51
8 45
9 32
9 45
9 85
9 62
9 73
9 90
9 64
9 76
9 59
9 58
10 35
10 53
10 95
10 29
10 20
10 91
10 59
10 72
10 12
10 67
10 14
10 88
10 14
10 91
11 20
11 95
11 22
11 16
11 65
11 47
11 38
11 59
11 37
12 20
12 96
12 78
12 56
12 60
12 49
12 31
12 99
12 52
12 29
12 24
12 14
12 94
13 95
13 92
13 49
13 87
13 29
14 81
14 58
14 44
14 40
14 70
14 63
14 78
14 97
14 27
14 27
15 60
15 88
15 26
15 68
15 25
15 37
15 29
15 51
16 45
16 76
16 85
16 71
16 88
16 94
16 46
16 60
16 19
16 31
16 69
17 61
17 87
17 84
17 35
17 41
17 88
17 34
17 79
17 27
18 86
18 28
18 39
18 50
18 51
18 42
18 49
19 25
19 79
19 22
19 45
19 45
19 34
19 83
19 39
19 81
20 86
20 71
20 73
20 59
20 76
20 55
20 69
20 38
21 93
21 70
21 71
21 37
21 45
21 72
21 47
21 58
22 88
22 58
22 84
22 41
22 46
22 71
23 51
23 56
23 24
23 41
23 79
23 54
23 89
24 55
24 63
24 54
24 51
24 30
24 40
24 86
25 74
25 47
26 39
26 65
26 31
26 40
26 40
26 68
26 28
26 61
27 87
27 44
27 86
27 61
27 57
27 40
28 29
28 49
28 73
28 30
28 35
28 83
28 40
28 38
28 73
29 38
29 75
29 92
29 92
29 60
29 59
29 83
29 61
30 99
30 99
30 33
30 65
30 37
30 65
30 48
30 77
31 40
31 67
31 57
31 42
31 36
31 75
32 45
32 55
32 67
33 46
33 60
33 53
33 65
33 81
33 52
33 72
33 75
33 81
33 61
34 57
34 88
34 55
34 44
34 49
34 60
34 78
34 79
35 92
35 83
35 41
35 80
35 53
36 59
36 78
36 75
36 86
36 87
37 99
37 99
37 90
37 79
37 46
38 51
38 54
38 99
38 47
38 65
38 75
38 71
38 75
39 91
39 49
39 66
39 53
39 51
40 71
40 51
40 70
40 80
40 52
40 65
40 99
40 89
40 57
41 83
41 90
41 47
41 66
41 48
41 46
41 85
42 83
43 52
43 97
43 55
44 95
44 70
44 74
44 80
45 49
45 99
45 95
45 63
46 65
46 71
46 98
46 86
46 96
46 48
47 56
47 91
47 56
47 57
48 90
48 77
48 97
48 80
49 64
49 71
49 80
49 94
49 54
49 70
49 90
50 62
50 85
50 62
51 94
52 91
52 57
52 98
52 53
53 71
53 72
53 90
53 93
53 54
53 56
53 86
53 78
53 72
54 90
54 82
54 58
54 90
54 57
54 77
54 63
54 66
55 80
55 75
55 97
55 84
55 63
55 77
56 66
57 89
57 93
57 93
58 72
58 64
58 81
58 62
59 80
60 95
60 63
61 94
61 81
61 81
61 64
61 65
61 70
61 89
61 93
61 88
62 75
62 83
62 65
62 74
63 65
63 81
63 99
63 68
63 88
64 92
64 71
64 88
64 98
65 83
65 86
66 82
66 99
66 75
66 89
67 91
67 74
67 91
67 97
68 73
68 78
69 96
69 95
69 92
70 96
70 73
70 74
70 90
70 93
70 75
71 81
71 81
71 93
73 95
73 79
73 99
73 95
73 98
74 90
74 82
74 86
74 97
74 95
75 77
75 81
76 84
76 94
77 90
77 79
77 82
77 97
78 97
78 99
79 89
80 87
80 99
81 95
81 89
82 94
83 99
83 93
84 89
85 95
85 99
85 87
86 97
87 94
87 89
88 89
89 93
89 93
91 98
91 92
93 96
93 94
94 99
94 97
94 98
