0 29
0 53
0 44
0 49
0 52
0 15
0 43
0 78
0 68
0 2
1 50
1 99
1 79
1 73
1 67
1 36
1 86
2 90
2 90
2 20
2 65
2 69
2 81
2 32
2 52
2 87
2 4
3 57
3 41
3 34
3 15
3 93
3 11
3 17
3 57
3 17
3 8
3 99
3 50
4 19
4 67
4 94
4 85
4 31
4 10
4 78
4 30
4 85
4 24
5 35
5 66
5 95
5 89
5 32
5 30
5 61
6 15
6 69
6 7
6 95
6 45
7 66
7 66
7 82
7 30
7 48
7 51
7 89
7 89
7 76
7 58
7 55
8 64
8 76
8 18
8 32
8 88
8 51
8 19
8 34
8 35
8 57
8 75
9 27
9 43
9 84
9 43
9 70
9 33
9 51
9 52
9 82
10 89
10 40
10 94
10 77
10 66
10 64
10 50
10 44
11 89
11 47
11 20
11 12
11 21
11 61
11 34
11 12
11 95
11 86
12 56
12 62
12 45
12 45
12 42
12 60
12 35
12 80
12 46
12 93
12 14
13 83
13 32
13 23
13 95
13 32
13 95
13 43
13 77
13 72
14 65
14 38
14 80
14 58
14 36
14 85
14 90
14 26
15 79
15 41
15 60
16 77
16 95
16 46
16 22
16 58
16 51
16 84
16 26
16 36
16 45
16 46
16 71
17 33
17 90
17 70
18 19
18 52
18 26
18 52
18 43
18 87
19 30
19 35
19 84
19 80
19 44
20 33
20 79
20 82
20 94
20 39
20 70
20 69
21 66
21 74
21 55
21 62
21 48
21 96
21 91
21 22
21 87
21 25
21 37
22 25
22 51
22 68
22 73
22 86
23 26
23 47
23 60
23 83
23 24
23 37
23 99
23 78
23 54
23 41
23 87
24 74
24 52
24 88
24 81
24 92
24 55
24 53
25 54
25 64
25 98
25 84
25 42
25 69
25 86
25 44
25 90
26 55
26 29
26 90
26 54
27 94
27 28
27 44
27 55
27 97
28 65
28 66
28 63
28 34
28 94
28 74
28 64
28 88
28 85
28 95
28 42
28 69
29 95
29 79
29 66
30 77
30 39
30 98
30 61
30 41
31 69
31 44
31 93
31 75
31 91
32 53
32 70
32 41
32 60
32 74
32 42
32 53
32 97
32 68
32 60
33 66
33 57
33 50
33 90
34 70
34 38
34 81
34 43
35 36
35 76
35 72
35 71
35 90
36 63
36 87
36 86
36 38
36 64
36 81
36 47
36 89
36 46
36 81
38 64
38 44
38 60
39 73
39 98
39 89
39 65
39 73
39 91
39 91
39 44
39 40
39 89
39 62
39 68
40 48
40 54
40 97
40 42
41 56
41 93
41 53
41 47
41 83
41 71
41 81
41 52
42 51
42 53
42 89
42 74
42 74
42 64
42 82
42 59
42 61
42 53
42 96
43 44
43 66
43 46
43 45
43 92
43 45
43 57
43 68
43 87
44 54
44 64
44 69
44 87
44 56
44 65
44 96
44 58
44 77
45 84
45 64
45 95
45 52
45 84
45 78
45 86
45 62
46 82
46 86
46 72
46 95
46 48
46 86
46 99
47 96
47 80
47 77
48 98
48 81
48 52
48 49
48 67
49 62
49 74
49 65
49 98
50 90
50 71
50 92
50 95
50 95
51 81
51 53
51 68
51 68
51 90
51 73
52 97
52 98
52 92
52 66
52 67
52 81
52 78
52 72
53 75
53 78
53 95
53 74
54 73
54 58
54 84
54 85
54 87
55 73
56 80
56 74
56 79
56 61
56 80
56 76
57 65
57 79
57 76
57 59
57 80
58 64
58 65
58 70
58 92
58 74
58 84
59 84
59 63
59 87
60 76
60 77
60 71
60 81
60 75
60 69
60 67
61 83
61 77
61 72
62 91
62 68
62 85
62 80
62 92
63 66
63 82
64 68
64 89
64 69
65 81
65 66
66 68
66 74
66 90
66 76
67 89
67 96
67 90
67 71
67 69
68 76
68 69
68 72
68 90
69 90
69 78
70 88
71 95
71 79
71 77
72 80
72 93
72 88
74 86
74 78
74 79
74 93
74 89
75 81
75 89
75 94
75 98
75 84
75 81
76 84
76 90
77 85
77 89
78 98
78 91
79 81
79 83
79 88
79 85
80 88
80 85
80 91
81 95
81 89
81 88
82 87
82 86
82 91
83 98
83 90
83 91
84 94
85 86
88 91
91 99
93 99
95 99
98 99
