0 76
0 3
0 59
0 67
0 19
0 31
0 69
0 86
0 16
0 5
0 61
1 39
1 97
1 39
1 90
1 38
1 67
2 20
2 38
2 14
2 15
2 97
2 82
2 13
2 35
2 21
2 50
2 96
2 3
2 7
2 31
2 40
2 69
3 82
3 59
3 17
3 40
3 31
3 17
3 39
3 68
3 96
3 39
3 6
3 42
4 96
4 98
4 91
4 63
4 57
4 29
4 79
4 51
4 93
4 30
5 69
5 64
5 69
5 82
5 90
5 6
5 81
5 77
5 22
5 41
6 66
6 30
6 92
6 84
6 91
6 32
6 50
7 73
7 79
7 38
7 92
7 50
7 75
8 55
8 70
8 81
8 52
8 45
8 79
8 74
8 55
8 57
8 22
8 40
9 97
9 10
9 75
9 18
9 75
9 75
9 14
9 16
9 89
10 92
10 16
10 52
10 56
10 38
10 79
10 24
10 87
11 30
11 68
11 20
11 54
11 93
12 50
12 32
12 42
12 80
13 96
13 15
13 31
13 71
13 69
13 49
13 69
13 73
14 90
14 20
14 45
14 27
14 33
14 78
14 33
14 55
14 20
14 40
14 34
14 55
14 27
14 52
14 26
14 84
15 29
15 17
15 18
15 22
15 93
15 26
15 51
15 88
16 97
16 19
16 39
16 22
16 74
16 82
16 47
16 79
16 29
16 20
16 79
17 49
17 83
17 98
17 55
17 35
17 43
17 97
18 86
18 98
18 20
18 69
18 30
18 52
18 47
18 28
18 50
18 74
18 35
18 81
19 64
19 83
19 83
19 28
20 68
20 62
20 31
20 47
20 52
20 77
20 72
20 84
21 76
21 38
21 96
21 30
21 56
21 68
22 83
22 44
22 60
22 37
22 24
22 91
22 96
23 40
23 28
23 69
23 60
23 33
23 81
24 29
24 94
24 32
24 52
24 55
24 51
24 36
24 48
24 88
24 83
25 56
25 53
25 96
25 82
25 29
25 37
25 39
25 78
25 76
26 36
26 60
26 68
26 48
26 88
26 75
26 59
27 48
27 45
27 59
27 77
27 51
28 43
28 83
28 99
28 69
28 82
28 67
29 77
29 44
29 84
29 84
29 70
29 56
29 42
29 99
29 97
29 75
29 49
29 31
29 96
29 64
30 49
30 66
30 37
30 85
30 95
31 85
31 41
31 35
31 41
31 75
31 78
31 64
31 55
31 84
31 93
32 62
32 85
32 85
32 36
32 71
32 37
32 92
32 87
32 88
32 34
32 66
33 62
33 90
33 55
33 74
33 69
34 70
34 41
34 75
34 41
35 53
35 49
35 83
35 44
35 66
36 92
36 60
36 76
36 65
36 44
36 83
37 57
37 41
37 98
37 42
37 38
38 93
38 60
38 56
38 93
38 95
38 71
38 90
38 78
39 59
39 50
39 43
39 88
39 78
39 97
39 70
39 75
40 95
40 42
40 79
40 44
41 77
41 75
41 73
41 97
41 60
41 63
41 78
42 46
42 59
42 71
42 49
42 74
43 64
43 61
43 70
43 99
44 99
44 88
44 75
44 76
44 73
44 60
44 84
45 86
45 97
45 98
45 89
46 98
46 99
46 69
46 85
46 90
47 76
47 94
47 58
47 69
48 62
48 79
48 53
48 59
48 63
48 90
49 97
50 64
50 83
50 88
50 59
50 54
50 54
51 68
51 54
51 63
51 66
52 66
52 88
52 83
52 92
52 55
53 88
53 62
53 91
54 55
54 86
54 69
54 90
55 96
55 68
55 92
56 91
56 94
56 79
56 81
56 67
57 95
57 90
57 92
57 99
57 94
57 97
57 58
58 76
58 73
58 82
58 82
59 83
59 76
59 90
59 79
59 60
60 80
60 83
60 86
61 73
61 84
61 73
62 83
62 78
62 92
63 82
64 66
64 73
65 83
65 71
65 75
65 70
66 82
66 80
66 84
66 78
66 87
67 93
67 84
67 86
69 96
69 81
69 99
69 94
69 89
69 81
69 82
70 95
70 81
71 91
71 72
71 78
72 98
73 89
73 81
73 94
73 76
73 93
74 84
74 80
75 81
76 92
76 78
77 94
77 91
77 97
78 91
78 87
78 81
78 89
78 95
78 80
78 97
79 89
79 91
79 92
80 87
81 87
82 93
83 89
84 86
84 98
84 98
84 90
85 86
85 88
85 94
86 96
87 95
88 96
89 95
90 95
90 92
91 93
92 96
92 99
93 98
