0 80
0 98
0 57
0 98
0 5
0 45
0 78
0 2
0 9
0 26
1 62
1 32
1 31
1 70
1 47
1 22
1 66
1 17
1 70
2 79
2 19
2 36
2 10
2 88
2 54
2 53
2 83
2 11
2 89
3 72
3 25
3 73
3 15
3 70
3 85
3 44
3 44
3 45
3 89
4 62
4 5
4 88
4 58
4 37
4 23
4 58
4 87
4 34
4 33
5 99
5 62
5 93
5 68
5 29
5 76
5 28
5 65
5 27
5 46
5 12
5 82
6 25
6 95
6 32
6 46
6 81
6 40
6 82
6 70
6 56
6 80
6 71
6 35
7 17
7 87
7 83
7 96
7 8
7 32
7 45
7 48
7 34
8 66
8 11
8 30
8 77
8 79
8 82
9 45
9 14
9 26
9 68
9 32
9 23
9 53
9 15
9 63
9 11
9 68
10 14
10 93
10 75
10 73
10 41
10 31
10 20
10 47
10 36
11 16
11 76
11 33
11 78
11 16
11 44
11 49
12 99
12 68
12 24
12 90
12 27
12 62
13 27
13 28
13 56
13 93
13 76
14 84
14 71
14 32
14 89
14 82
14 47
14 95
14 61
15 38
15 82
15 94
15 76
15 56
15 89
15 39
15 51
16 64
16 75
16 94
16 21
16 66
16 78
16 60
16 39
17 87
17 77
17 41
17 88
17 26
18 71
18 48
18 54
18 19
18 75
18 54
18 67
18 59
18 82
18 79
18 85
19 46
19 59
19 70
19 31
19 40
19 70
20 26
20 75
20 36
20 87
20 37
21 87
21 32
21 25
21 37
21 72
21 60
21 31
21 79
21 28
22 68
22 37
22 71
22 62
22 51
22 51
22 42
22 99
22 30
23 44
23 29
23 60
23 32
23 75
23 74
23 41
23 43
23 50
24 74
24 95
24 43
25 92
25 53
25 56
25 96
25 31
25 90
25 71
26 69
26 44
26 28
26 58
26 65
26 47
27 92
27 94
27 65
27 73
27 36
27 37
27 77
27 39
27 54
28 35
28 75
28 72
28 92
28 57
29 37
29 61
29 87
29 91
29 58
29 85
29 57
29 75
29 71
30 31
30 54
30 41
30 72
30 78
30 66
30 98
30 45
30 94
30 76
30 73
30 96
30 77
31 56
31 91
31 64
31 49
31 94
31 49
31 55
32 43
32 50
32 64
32 82
32 36
33 41
33 83
33 96
33 46
33 37
34 40
34 48
34 88
34 99
34 86
34 42
34 76
35 57
35 96
35 39
35 36
36 56
36 61
36 82
36 66
36 84
37 49
37 44
37 85
37 94
37 62
37 48
37 67
37 95
37 51
37 61
38 92
38 62
38 61
39 87
39 89
39 96
40 74
40 67
40 92
40 75
40 82
41 85
41 64
41 92
41 91
41 58
42 61
42 63
42 87
42 55
42 81
43 86
43 90
43 73
43 94
43 73
44 51
44 58
44 48
44 72
44 89
44 62
44 82
45 84
45 93
45 66
45 68
45 96
45 98
45 70
45 78
46 84
46 53
46 60
46 85
46 50
46 51
46 56
46 65
47 78
47 89
47 97
47 74
47 86
48 97
48 67
48 71
48 91
48 81
49 56
49 76
49 99
49 67
49 60
49 62
49 53
50 83
50 68
50 84
50 59
50 77
50 69
51 72
51 76
51 71
51 87
51 97
52 93
52 73
52 78
52 60
52 63
52 79
52 87
52 89
52 73
53 91
53 72
53 80
53 74
53 74
53 54
53 93
53 93
53 68
54 67
54 92
54 67
54 71
54 70
54 88
55 74
55 64
55 67
55 81
55 83
56 87
56 65
56 58
56 70
57 66
57 75
57 84
57 99
57 72
57 77
57 75
58 78
58 60
58 62
58 98
59 79
59 85
60 66
60 77
60 86
60 94
60 81
60 89
61 77
61 76
61 63
61 75
61 94
62 65
62 69
62 65
62 85
62 89
63 86
63 72
64 72
64 92
65 81
65 77
65 89
66 71
67 72
67 85
67 68
67 83
67 70
67 99
67 78
67 98
67 76
68 69
68 81
68 85
68 91
68 98
68 97
69 87
69 70
70 76
70 83
70 76
70 94
71 85
72 88
74 84
74 75
75 78
75 79
75 89
76 99
76 84
77 91
77 81
78 88
78 90
78 80
79 91
79 87
79 89
79 87
80 82
81 86
81 97
82 99
83 97
83 87
84 95
84 92
87 98
88 99
88 89
90 95
92 99
95 96
95 99
