0 21
0 12
0 64
0 76
0 38
0 67
0 39
0 51
0 15
0 82
0 3
0 16
0 56
1 81
1 99
1 41
1 95
1 65
1 97
1 37
1 10
1 95
1 46
1 22
1 63
2 83
2 89
2 99
2 19
2 58
2 30
2 21
2 35
3 83
3 40
3 20
3 13
3 75
3 28
3 35
3 19
3 73
3 75
3 41
4 75
4 28
4 11
4 78
4 45
4 56
4 27
4 96
4 32
4 44
4 28
4 73
5 11
5 96
5 68
5 56
5 47
5 24
5 20
5 96
5 61
5 82
6 30
6 93
6 60
6 54
6 34
6 87
6 40
6 47
6 86
6 92
6 90
6 81
6 46
7 15
7 79
7 38
7 81
7 18
7 68
7 24
7 19
7 50
7 11
7 77
8 69
8 42
8 69
8 71
8 74
8 57
8 78
8 77
8 53
8 27
8 60
8 73
8 54
8 91
8 25
9 12
9 76
9 91
9 99
9 52
10 85
10 63
10 84
10 44
10 94
10 86
10 67
10 19
10 57
11 47
11 54
11 76
11 81
11 53
11 73
12 25
12 21
12 84
12 16
12 79
12 14
12 60
12 80
12 66
13 33
13 23
13 63
13 77
13 84
14 79
14 67
14 54
14 65
14 49
14 45
14 77
14 60
14 87
14 85
15 91
15 58
15 34
15 59
15 97
15 35
15 70
15 45
15 54
15 34
15 96
16 74
16 72
16 32
16 93
16 31
16 20
17 24
17 60
17 47
17 68
17 25
17 50
17 87
18 31
18 88
18 84
18 38
18 64
18 50
18 69
19 52
19 48
19 78
19 72
19 50
19 83
19 62
20 52
20 24
20 54
20 31
20 86
20 96
20 97
20 73
20 50
20 27
21 72
21 93
21 26
21 30
21 50
21 34
21 79
21 30
21 36
21 51
22 79
22 57
22 94
23 34
23 72
23 81
23 43
23 46
23 75
23 39
23 30
23 65
24 72
24 68
24 32
24 74
25 46
25 98
25 60
25 70
25 80
25 85
25 91
25 95
25 26
26 30
26 85
26 92
26 60
26 71
26 36
26 72
26 43
26 64
27 68
27 50
27 52
27 85
27 32
27 36
27 70
27 39
27 56
28 47
28 62
28 91
28 96
29 64
29 50
29 55
29 76
30 44
30 35
30 69
30 44
30 50
30 81
30 78
30 80
30 91
30 95
30 65
31 59
31 37
31 92
31 65
31 37
31 84
32 62
32 47
32 57
32 37
32 45
32 77
33 90
33 73
33 42
33 77
33 78
33 81
33 60
33 60
33 74
34 40
34 49
34 71
34 67
35 91
35 80
35 87
35 42
36 47
36 83
36 38
36 54
36 54
36 98
37 64
37 64
37 59
37 41
37 87
37 59
37 74
38 72
38 62
38 40
38 69
38 75
38 66
39 97
39 44
39 46
39 56
39 46
39 92
40 59
40 75
40 68
41 48
41 64
41 98
41 42
41 56
41 86
41 49
41 88
41 77
41 76
41 44
42 59
42 67
42 51
42 47
42 80
42 54
43 46
43 66
43 89
43 73
44 74
44 77
44 78
44 68
45 78
45 49
45 88
45 83
45 54
45 87
46 98
46 55
46 82
46 62
46 79
46 95
47 56
47 51
47 79
47 49
48 90
48 89
48 60
48 86
48 67
48 88
48 80
48 96
48 88
48 75
49 54
49 58
50 98
50 91
50 99
50 86
51 83
51 80
51 74
51 73
51 56
52 60
52 82
52 91
52 62
52 69
52 79
53 87
53 86
53 66
53 67
53 88
54 55
54 65
54 75
54 61
54 68
54 68
54 64
55 76
55 74
55 71
56 58
56 75
56 76
56 58
56 92
56 63
56 61
57 86
57 60
57 65
57 92
57 88
57 69
58 94
58 84
58 73
58 99
58 83
59 97
59 79
59 76
60 78
60 72
60 93
60 76
60 98
60 95
60 93
60 80
61 65
61 91
62 66
62 68
63 96
63 81
64 77
64 77
65 79
65 74
65 77
66 87
66 83
66 77
66 68
66 80
67 90
67 71
68 78
68 95
68 86
68 97
68 76
68 88
68 77
69 92
69 84
70 83
70 91
70 87
70 82
70 81
70 90
71 74
71 77
72 94
72 81
72 90
73 89
73 75
73 84
74 96
74 92
75 89
77 82
78 81
78 83
79 91
79 97
80 88
81 83
82 86
82 86
82 94
83 92
83 92
84 99
86 88
86 98
87 97
90 98
90 95
