0 96
0 57
0 66
0 14
0 51
1 40
1 54
1 85
1 34
1 14
1 69
1 25
2 14
2 42
2 80
2 18
2 82
2 80
2 76
2 74
2 84
2 17
2 78
3 19
3 28
3 28
3 74
3 40
3 82
3 71
4 73
4 63
4 24
4 51
5 33
5 15
5 89
5 74
5 6
5 61
5 59
5 18
5 46
6 84
6 61
6 13
6 68
7 94
7 84
7 32
7 71
7 97
8 52
8 16
8 53
8 46
8 19
8 46
9 71
9 24
9 55
9 52
9 90
9 23
9 32
9 95
9 87
9 48
9 48
9 35
9 60
9 48
9 29
10 25
10 78
10 33
10 33
10 64
10 56
10 12
10 93
10 83
10 18
11 52
11 26
11 94
11 85
11 64
11 46
11 77
11 75
11 96
11 67
12 76
12 23
12 33
12 13
12 63
12 20
12 98
13 27
13 15
13 83
13 87
13 28
13 37
13 62
13 62
13 96
13 68
13 72
14 88
14 56
14 51
14 56
14 69
14 45
14 61
14 91
14 36
14 36
14 75
15 59
15 96
15 97
15 65
15 76
15 48
15 65
16 22
16 46
16 97
16 78
16 18
16 74
16 92
16 80
16 54
16 86
16 37
16 56
17 23
17 99
17 70
17 56
17 60
17 26
17 55
17 78
17 62
17 62
17 54
17 81
18 48
18 49
18 48
18 80
18 83
18 74
18 48
18 38
18 51
18 72
19 42
19 81
19 75
19 74
19 91
19 52
20 52
20 76
20 81
20 47
20 28
20 71
21 43
21 65
21 88
21 44
21 83
21 71
21 71
21 62
22 27
22 62
22 77
22 54
22 34
23 39
23 24
23 34
23 89
23 49
24 79
24 26
24 88
24 80
24 41
24 46
24 88
24 53
25 33
25 69
25 62
25 29
25 95
25 27
25 73
25 63
26 77
26 31
26 96
26 89
26 96
26 49
26 89
26 29
26 37
26 77
26 94
27 38
27 39
27 54
27 76
27 39
28 43
28 46
28 52
28 78
28 54
28 57
28 70
28 43
28 73
28 62
29 94
29 43
29 99
29 92
29 66
29 86
30 35
30 52
30 89
30 35
30 82
31 66
31 97
31 87
31 47
31 95
31 68
31 43
31 70
31 57
31 32
32 40
32 37
33 90
33 57
33 57
33 56
34 70
34 52
34 92
34 71
34 75
34 68
34 36
34 76
35 65
35 42
35 52
35 38
35 69
35 84
35 50
36 62
36 59
36 50
36 90
36 68
36 89
36 59
37 46
37 96
37 40
37 86
37 49
38 53
38 90
38 52
38 81
38 91
38 65
38 57
38 96
38 87
38 89
39 43
39 69
39 68
40 92
40 43
40 61
40 79
41 98
41 73
41 85
41 99
41 94
41 78
41 60
41 78
41 58
41 99
41 80
41 46
41 97
42 98
42 50
42 62
42 63
43 58
43 49
43 50
43 61
43 92
43 55
44 47
44 88
44 56
44 69
44 99
44 99
44 99
44 50
45 59
45 83
45 65
45 59
45 48
46 84
46 71
46 86
46 56
47 73
47 50
47 66
47 48
47 58
48 59
48 64
48 68
48 75
48 95
48 49
49 83
49 65
49 56
49 51
50 84
50 83
50 93
50 63
50 78
50 84
52 64
52 82
52 76
52 73
52 94
52 71
52 94
52 92
53 84
53 60
53 57
53 54
54 79
54 82
54 88
54 98
54 69
54 86
54 67
54 67
55 85
55 72
55 94
55 82
55 91
55 89
55 95
55 70
56 76
56 89
56 57
56 72
56 72
56 63
56 92
56 62
57 78
57 60
57 86
57 98
57 77
58 92
58 90
58 99
58 99
59 97
59 80
59 75
59 99
59 66
59 92
59 66
60 96
60 67
60 93
60 83
61 66
61 63
61 83
61 78
62 96
62 94
62 72
63 80
63 85
63 96
63 76
64 69
64 92
64 77
64 65
65 84
65 80
65 68
65 97
66 81
66 85
67 84
67 71
67 97
68 75
68 90
68 87
68 96
68 86
69 85
69 89
69 74
69 89
70 97
70 91
70 86
70 98
71 77
71 89
71 97
72 90
72 90
72 88
72 75
72 90
73 84
73 82
73 96
73 81
74 86
74 83
74 95
74 82
75 91
76 99
77 99
77 85
78 84
79 80
80 88
80 93
80 98
81 98
82 89
85 98
86 98
87 95
87 93
87 93
89 92
90 95
90 92
90 98
90 94
91 99
91 96
92 96
