0 10
0 71
0 29
0 80
0 68
0 17
0 34
0 33
0 98
0 55
0 42
1 12
1 30
1 88
1 93
1 73
1 87
1 2
1 43
1 49
1 94
1 71
2 3
2 7
2 4
2 32
2 9
2 6
2 13
2 77
2 28
2 23
2 76
2 54
2 74
3 96
3 6
3 57
3 83
3 32
3 62
3 5
3 56
3 23
3 30
3 40
3 72
4 73
4 88
4 70
4 38
4 93
4 84
4 17
4 36
5 51
5 35
5 64
5 29
6 10
6 96
6 51
6 36
6 96
6 69
6 89
6 82
6 12
6 21
7 18
7 32
7 74
7 75
7 82
7 23
7 68
7 63
7 31
8 74
8 38
8 30
8 30
8 49
8 30
8 29
8 15
9 80
9 10
9 29
9 54
9 45
9 30
9 15
9 97
9 86
9 58
9 10
10 90
10 20
10 64
10 48
10 84
10 90
10 43
10 38
11 71
11 70
11 79
11 50
11 42
11 86
11 85
11 84
12 88
12 62
12 60
12 35
12 62
12 26
12 38
12 83
13 28
13 32
13 41
13 61
13 74
14 54
14 57
14 80
14 77
14 81
14 97
14 31
14 35
14 33
15 64
15 76
15 83
15 41
15 25
15 18
16 63
16 47
16 59
16 26
16 71
17 54
17 79
17 54
17 75
17 92
17 71
17 34
18 83
18 66
18 62
18 30
18 52
18 48
18 22
18 48
19 90
19 38
19 97
19 44
19 37
19 97
20 34
20 97
20 44
20 67
20 28
20 44
20 77
21 57
21 97
21 94
21 61
21 70
22 52
22 57
22 43
23 98
23 52
23 70
23 41
23 67
23 92
24 90
24 61
24 52
24 77
24 82
24 70
24 73
24 72
24 56
24 95
24 70
24 57
25 59
25 37
25 93
25 89
25 47
25 75
25 26
25 30
25 87
25 72
25 45
25 89
26 76
26 75
26 66
26 50
26 32
26 56
26 70
26 91
26 62
27 63
27 73
27 93
27 52
27 68
27 85
27 78
27 35
27 93
28 87
28 97
28 68
28 76
28 87
28 33
28 63
28 87
28 93
28 74
29 30
29 39
29 82
29 83
29 67
29 75
30 75
30 32
31 35
31 91
31 88
31 68
31 78
31 98
31 74
31 37
31 54
31 53
31 97
32 90
32 78
32 81
32 67
32 80
32 94
32 87
32 74
32 67
32 39
32 38
33 84
33 78
33 35
33 88
33 56
33 95
33 97
33 63
34 47
34 58
34 38
34 65
34 60
34 78
34 79
34 76
34 75
35 87
35 48
35 61
36 61
36 53
36 52
36 67
36 70
36 97
36 95
36 47
36 57
36 58
37 67
37 66
37 72
37 74
37 77
37 43
37 68
37 96
37 51
38 77
38 65
38 98
38 49
38 60
39 58
39 67
39 77
39 97
39 98
39 85
39 93
39 73
39 82
39 77
40 94
40 97
40 55
40 46
40 72
40 72
40 41
41 81
41 80
41 43
41 91
41 73
41 71
42 98
42 98
42 51
42 56
42 58
42 67
42 90
43 97
43 47
43 90
43 76
43 63
43 52
43 47
44 94
44 74
44 90
44 52
44 54
44 63
45 69
45 47
45 73
45 95
45 48
45 76
46 59
46 50
46 65
46 74
46 92
47 74
47 60
48 59
48 63
48 80
48 49
49 78
49 75
49 72
49 95
50 66
50 87
50 90
50 54
51 95
51 53
51 87
51 95
51 53
51 81
51 85
52 70
52 88
52 66
52 94
52 86
52 72
52 89
53 75
53 63
53 62
54 55
54 91
54 76
54 59
54 86
54 95
55 75
55 85
55 87
55 63
55 89
55 80
55 66
56 79
56 69
56 57
56 66
57 68
58 65
58 68
58 92
59 95
59 81
59 78
59 73
60 78
60 61
61 89
61 93
61 74
61 72
61 85
61 96
61 73
61 64
61 74
61 73
61 67
62 82
62 65
62 97
62 94
63 64
63 85
63 96
64 85
65 83
65 71
65 94
65 84
65 77
66 72
67 95
67 71
67 93
67 83
68 79
68 98
68 69
69 81
69 94
69 91
70 78
70 77
70 76
70 78
70 74
71 92
71 91
72 90
72 94
72 98
72 97
73 84
74 93
74 84
75 93
77 95
77 85
78 88
78 89
78 98
78 79
80 98
80 87
81 84
81 98
82 92
83 98
83 87
84 85
85 89
85 92
85 97
85 95
85 90
86 88
86 89
86 87
92 93
94 97
