0 5
0 65
0 88
0 50
0 80
0 20
0 15
0 30
0 21
0 77
0 99
0 12
0 22
0 32
0 68
0 35
1 6
1 4
1 40
1 27
1 62
1 68
1 55
1 90
1 10
1 90
2 89
2 70
2 61
2 89
2 43
2 60
2 55
2 72
2 93
2 9
2 88
3 77
3 78
3 53
3 16
3 10
3 63
3 80
3 9
3 5
3 85
3 65
3 29
4 13
4 41
4 99
4 57
4 60
4 78
4 84
4 67
4 51
5 28
5 74
5 12
5 50
5 32
5 19
5 92
5 34
6 45
6 76
6 61
6 7
6 36
6 83
6 89
6 87
7 8
7 29
7 60
7 57
7 86
7 92
7 95
7 8
7 88
7 55
7 90
7 27
8 96
8 67
8 42
8 74
8 57
8 44
9 65
9 29
9 63
9 26
9 32
9 71
9 12
9 37
9 47
9 73
9 47
9 82
10 82
10 75
10 73
10 14
10 28
10 51
10 61
11 48
11 46
11 77
11 82
11 12
11 36
11 30
11 21
12 53
12 61
12 35
12 34
12 30
12 29
13 87
13 83
13 38
13 61
13 39
13 73
13 51
13 17
13 74
13 15
13 58
13 66
14 27
14 86
14 39
14 51
14 66
14 65
14 83
14 62
14 62
14 51
14 24
14 94
14 32
15 68
15 23
15 62
15 38
15 93
15 66
15 78
16 41
16 58
16 58
16 39
16 48
16 33
17 21
17 97
17 20
17 80
17 67
17 65
17 30
17 76
17 88
18 34
18 46
18 39
18 60
18 28
18 51
19 51
19 47
19 23
19 85
20 47
20 79
20 30
20 26
20 67
20 39
20 50
20 58
20 70
20 26
21 96
21 73
21 42
21 50
21 79
21 63
21 32
21 63
21 26
21 49
22 53
22 26
22 49
22 28
22 88
22 57
23 77
23 96
23 89
23 45
23 95
23 65
23 69
23 66
23 93
24 34
24 55
24 47
24 94
24 73
24 31
24 87
24 28
24 79
25 65
25 92
25 79
25 65
25 88
25 74
25 42
25 73
25 54
26 37
26 82
26 62
26 91
26 44
26 50
26 42
26 96
27 73
27 78
27 65
27 48
28 88
28 57
28 63
28 47
29 74
29 71
29 52
29 44
29 67
29 69
29 81
30 75
30 85
30 51
30 89
31 71
31 73
31 34
31 90
31 64
31 45
31 62
32 43
32 59
32 98
32 86
33 64
33 85
33 40
33 77
33 53
34 35
34 78
34 70
34 68
34 84
34 97
34 45
35 68
35 65
35 37
35 52
35 37
35 56
35 66
35 47
35 77
35 56
36 75
36 60
36 75
36 58
36 38
36 46
36 53
36 89
37 76
37 65
37 53
37 49
37 79
37 46
37 84
37 80
38 47
38 92
38 54
38 69
38 41
38 54
38 88
38 55
39 74
39 64
39 70
39 66
39 86
39 75
39 85
40 54
40 79
40 88
40 70
40 93
41 61
41 71
41 77
41 87
42 65
42 43
42 70
42 80
42 63
42 93
42 48
42 65
42 67
43 93
43 47
43 57
43 49
44 80
44 85
44 86
44 77
45 73
45 95
45 63
45 54
45 60
45 69
45 52
46 88
46 74
46 48
46 74
47 65
47 94
47 60
47 63
47 75
47 92
47 99
47 74
48 57
48 93
48 50
48 75
48 73
48 66
49 60
49 89
49 77
49 83
49 76
50 77
50 56
51 77
51 67
51 53
51 55
51 52
51 96
52 55
53 75
53 54
53 60
53 74
53 91
53 72
54 81
54 60
54 58
54 55
54 63
54 61
54 91
54 69
54 95
55 93
56 92
56 92
56 83
56 57
56 96
56 99
57 66
57 77
58 69
58 90
59 61
60 80
60 70
61 71
61 83
61 94
61 72
62 95
62 85
62 74
62 73
63 91
63 78
63 71
64 84
64 82
64 92
64 65
65 88
65 99
65 94
65 74
65 68
66 75
66 76
67 68
67 97
67 70
68 70
68 93
68 95
68 84
69 81
69 83
69 88
69 86
70 98
71 93
71 95
71 99
71 72
71 73
72 99
73 82
73 75
73 75
73 76
75 85
75 76
75 83
75 76
75 84
76 85
76 82
76 96
76 93
76 83
77 85
77 83
78 79
78 88
79 91
79 80
79 99
79 94
79 93
80 94
80 83
80 83
82 84
83 98
84 97
84 94
85 89
85 92
85 86
86 88
87 92
90 99
91 94
92 93
93 95
95 97
