0 82
0 9
0 17
0 46
0 69
0 93
0 93
0 9
0 75
0 49
0 71
0 14
0 19
1 76
1 59
1 6
1 30
1 9
1 67
1 91
1 12
1 60
1 70
2 89
2 23
2 22
2 85
2 36
2 49
2 96
2 3
2 35
3 37
3 25
3 68
3 83
3 15
3 58
4 74
4 97
4 11
4 64
4 45
4 47
4 22
4 94
4 41
4 72
4 93
4 31
4 90
4 15
4 16
5 80
5 54
5 59
5 71
5 49
5 61
5 94
5 32
5 97
5 92
5 56
6 42
6 31
6 59
6 78
6 53
6 52
7 10
7 70
7 80
7 20
7 48
7 99
7 18
7 41
7 89
7 48
7 61
7 62
8 71
8 12
8 84
8 68
8 88
9 68
9 98
9 42
9 64
9 92
9 57
9 39
9 26
10 18
10 98
10 21
10 64
10 68
10 49
10 23
11 29
11 51
11 35
11 62
11 31
11 55
11 56
11 41
11 62
11 96
12 79
12 56
12 23
12 72
12 55
12 80
12 30
13 18
13 68
13 47
13 84
13 49
13 98
13 22
13 24
13 41
13 96
13 18
13 71
14 62
14 38
14 99
14 80
14 39
15 33
15 58
15 55
15 98
15 44
15 96
15 40
16 83
16 98
16 55
16 66
16 29
16 78
16 24
16 30
16 32
16 21
17 86
17 96
17 44
17 43
17 98
17 51
17 26
17 60
17 64
17 20
18 54
18 31
18 36
18 56
18 43
18 42
19 21
19 82
19 99
19 63
19 63
19 89
19 53
20 95
20 64
20 89
20 77
20 22
20 96
21 48
21 50
21 64
21 57
21 48
21 96
21 98
21 72
22 76
22 45
22 90
22 95
22 40
22 79
22 93
22 95
22 78
22 55
22 45
22 37
23 61
23 75
23 82
23 89
23 52
23 77
23 51
23 65
23 78
23 36
23 86
23 77
24 70
24 70
24 97
24 32
25 26
25 39
25 48
25 59
25 60
25 61
25 56
25 26
25 33
26 40
26 64
26 94
26 83
26 28
26 63
27 70
27 65
27 53
27 86
27 43
28 97
28 41
28 48
28 88
28 45
28 88
29 41
29 33
29 62
29 60
29 51
29 48
29 59
30 47
30 37
30 43
30 74
30 71
30 43
30 45
30 79
30 56
30 63
31 88
31 98
31 54
31 34
31 49
31 60
31 58
31 67
32 69
32 38
32 96
32 75
32 60
33 48
33 39
33 79
33 62
33 59
34 85
34 99
34 56
34 99
34 54
34 96
34 64
34 40
35 39
35 65
35 64
35 54
35 50
36 78
36 78
36 75
36 83
36 56
36 66
36 87
36 47
36 88
37 63
37 55
37 84
38 52
38 60
38 61
39 75
39 52
39 72
39 61
39 66
39 69
39 56
40 79
40 89
40 85
40 92
40 75
40 69
41 57
42 76
42 55
42 68
42 70
42 88
42 56
43 75
43 85
43 71
43 67
43 60
43 74
43 70
43 93
43 54
43 52
44 99
44 71
44 64
44 61
44 46
44 49
45 89
45 94
45 63
45 90
45 80
45 77
45 92
45 61
45 99
45 46
45 60
45 67
45 67
46 66
47 78
47 63
47 59
47 57
48 61
48 74
48 62
48 98
48 54
48 83
48 76
48 74
48 58
49 52
49 97
49 60
49 77
49 76
49 64
50 99
50 78
50 84
50 67
50 82
50 61
50 75
50 84
51 56
52 61
52 74
52 98
53 77
53 80
54 62
54 88
54 62
54 74
54 84
54 73
55 78
55 87
55 83
56 86
56 71
56 57
57 71
57 70
58 61
58 76
58 86
58 76
58 80
58 85
58 99
59 82
59 86
59 80
60 94
61 77
61 88
61 85
62 93
62 75
62 76
62 76
63 64
63 83
63 78
63 82
63 89
63 81
64 87
64 88
65 76
65 86
65 69
65 73
66 76
66 91
66 74
66 90
66 78
66 88
67 96
67 98
67 96
67 75
68 91
68 87
69 89
69 90
69 98
69 72
69 73
69 96
69 71
69 87
70 77
70 99
70 80
71 84
71 96
71 81
71 78
71 88
73 77
73 84
73 98
73 77
74 77
74 82
74 97
74 89
75 79
77 91
77 92
79 97
79 86
80 88
80 89
80 85
81 82
82 83
82 88
82 98
82 99
83 86
83 89
84 89
85 94
85 99
86 90
87 91
87 91
87 94
87 90
88 92
91 95
92 99
93 97
93 95
95 97
98 99
