0 50
0 15
0 64
0 49
1 21
1 46
1 91
1 22
1 23
1 45
1 40
1 75
2 38
2 16
2 75
2 27
2 53
2 91
2 88
2 18
2 20
2 77
2 49
3 29
3 24
3 65
3 73
3 8
3 61
3 40
4 38
4 44
4 34
4 62
4 16
4 72
4 12
4 5
4 26
5 36
5 69
5 29
5 63
5 96
5 89
5 47
5 56
5 25
5 88
5 16
5 6
5 69
5 20
5 34
5 67
5 76
6 92
6 16
6 59
6 65
6 96
6 89
6 37
6 43
7 10
7 64
7 98
7 12
7 44
7 35
7 74
7 15
8 53
8 71
8 22
8 55
8 58
8 9
8 44
8 25
8 31
8 69
8 87
8 77
9 81
9 65
9 15
10 98
10 23
10 55
10 91
10 81
10 34
10 74
10 87
11 47
11 14
11 90
11 70
11 94
11 60
11 51
11 44
11 41
11 35
11 22
11 91
11 34
11 60
12 79
12 82
12 74
12 63
12 47
13 82
13 47
13 20
13 73
13 58
13 77
13 22
13 36
13 43
13 62
13 83
13 62
13 70
14 49
14 89
14 95
14 25
14 99
14 24
14 31
14 23
14 69
14 63
15 17
15 40
15 88
16 20
16 43
16 66
17 18
17 52
17 84
17 81
17 71
17 60
17 78
18 63
18 31
18 69
18 53
18 78
18 70
18 38
18 48
18 58
18 81
18 66
19 75
19 99
19 39
19 96
19 84
19 59
19 62
19 49
19 41
19 68
19 56
19 96
19 62
19 48
19 70
20 37
20 95
20 41
20 81
20 91
20 70
21 63
21 81
21 73
21 97
21 71
21 42
22 79
22 79
22 65
22 64
22 60
22 49
22 88
22 91
22 86
22 55
23 50
23 53
23 76
23 24
23 74
23 92
24 54
24 43
24 82
25 43
25 61
25 42
25 82
25 58
25 87
26 36
26 54
26 81
26 99
26 48
27 61
27 79
27 88
27 79
27 98
28 44
28 98
28 69
28 56
28 70
28 47
28 48
28 95
28 37
29 96
29 76
29 40
29 85
29 30
29 93
29 90
29 71
29 30
30 33
30 35
30 45
30 57
30 99
30 42
31 48
31 68
31 55
31 47
31 80
31 51
32 85
32 56
32 66
32 41
32 88
32 37
32 94
32 46
32 92
32 54
32 62
33 77
33 99
33 55
33 51
33 49
34 57
34 85
34 51
34 95
34 88
35 67
35 67
35 97
35 65
35 41
35 72
36 77
36 95
36 91
36 43
36 85
37 47
37 65
38 98
38 78
38 92
38 99
38 78
38 73
38 59
38 81
39 47
39 63
39 60
39 88
39 66
39 91
39 92
39 66
39 58
40 69
40 81
40 42
40 89
40 89
40 94
41 57
41 85
41 92
41 95
41 46
41 50
41 84
41 50
42 89
42 71
42 58
42 57
42 93
42 78
43 67
43 84
43 82
43 66
43 70
44 89
44 90
44 81
44 95
44 81
44 93
44 97
44 97
44 90
45 47
45 68
45 57
45 98
45 76
45 58
45 53
45 78
45 87
45 47
46 92
46 84
46 78
46 93
46 90
46 51
47 95
47 94
47 85
48 72
49 94
49 72
49 92
49 51
49 81
49 66
49 70
49 68
50 91
50 92
50 94
50 89
50 96
50 78
50 68
50 96
50 69
51 54
51 69
51 69
52 84
52 54
52 96
53 69
53 54
53 91
53 54
53 67
53 75
54 99
54 78
54 56
54 96
54 68
55 69
55 92
55 63
55 62
55 89
55 99
55 57
56 80
56 62
56 82
56 64
56 95
57 95
57 89
57 73
57 64
58 66
58 59
58 76
58 98
59 86
59 84
59 65
59 70
59 84
60 87
60 88
60 90
60 66
61 70
61 64
61 69
61 64
61 65
61 68
61 98
62 64
62 87
62 85
62 85
62 95
62 99
63 78
63 68
63 68
63 84
64 93
65 80
65 79
65 89
65 87
66 86
66 89
66 96
66 81
67 74
67 92
67 82
67 97
67 92
68 90
68 89
68 94
69 91
69 73
70 98
70 90
70 83
71 94
71 75
72 77
72 98
72 78
72 89
72 95
73 81
73 89
73 79
73 86
74 96
74 93
76 90
78 97
78 98
78 91
79 98
80 84
80 91
80 87
81 97
81 94
82 94
82 93
83 86
83 95
85 91
85 95
85 90
86 99
87 89
88 89
88 99
89 94
89 90
90 92
93 95
95 99
97 98
