0 24
0 67
0 86
0 26
0 48
0 29
0 79
0 91
0 79
0 90
0 70
0 56
1 94
1 93
1 85
1 48
1 53
1 22
1 27
1 91
1 71
1 16
1 73
1 64
1 39
1 84
1 84
1 82
1 27
1 20
1 82
1 99
1 52
2 46
2 84
2 9
2 77
2 6
2 73
2 76
2 72
2 82
2 16
3 9
3 16
3 45
3 37
3 94
3 62
3 23
3 58
3 89
3 89
3 82
3 49
4 55
4 91
4 38
4 60
4 89
4 38
4 63
4 17
4 95
5 59
5 14
5 12
5 95
5 93
5 92
5 26
5 20
5 99
6 56
6 24
6 91
6 45
6 40
6 69
6 55
7 46
7 45
7 8
7 56
7 92
7 20
7 75
7 35
7 31
8 70
8 75
8 95
8 71
8 17
8 87
8 23
9 81
9 10
9 40
9 25
9 92
9 27
9 74
9 61
9 56
9 48
9 24
9 67
10 19
10 26
10 72
10 42
10 82
10 50
10 99
10 31
10 71
11 53
11 57
11 91
11 21
11 86
11 29
11 40
12 81
12 57
12 65
12 81
12 48
12 79
12 38
12 96
12 79
12 71
13 78
13 92
13 22
14 42
14 20
14 39
14 67
14 68
14 77
14 74
14 21
15 68
15 49
15 48
15 84
15 29
15 93
15 58
15 46
15 63
16 96
16 61
16 68
16 49
16 28
16 17
16 59
16 35
16 79
16 31
16 71
17 33
17 51
17 79
17 96
17 65
17 86
17 79
17 47
17 93
17 45
17 72
18 53
18 30
18 37
18 25
18 72
18 63
18 53
18 86
18 99
18 83
18 82
19 25
19 85
19 48
19 69
19 59
19 98
19 80
19 77
19 61
19 60
20 74
20 88
20 42
20 66
20 34
20 95
20 24
21 64
21 68
21 54
21 75
21 87
21 80
21 24
21 45
21 36
21 93
22 68
22 62
22 55
22 39
22 94
22 24
22 96
22 50
23 65
23 62
23 37
23 83
23 69
24 29
24 38
24 49
24 48
24 64
25 59
25 85
25 41
25 60
25 43
25 75
26 78
26 65
26 49
26 58
26 51
26 96
27 62
27 67
27 39
27 70
27 34
27 92
27 97
27 90
27 98
28 80
28 83
28 42
28 68
28 63
28 47
28 94
28 68
29 50
29 60
29 43
29 39
29 48
29 52
29 64
29 46
29 95
29 69
29 37
29 97
29 63
29 46
30 83
30 51
30 81
30 64
30 68
30 79
30 60
30 71
30 79
30 34
30 43
30 37
30 47
31 88
31 73
31 61
31 83
31 54
31 45
31 70
32 86
33 92
33 90
33 74
33 68
33 37
33 63
34 90
34 40
34 90
34 36
35 84
35 51
35 93
35 39
35 50
35 80
35 78
36 98
36 68
36 70
36 84
36 78
36 40
36 53
37 62
37 78
37 41
37 59
38 50
38 81
38 71
38 61
38 68
39 47
39 79
39 58
39 94
39 69
39 44
40 89
40 99
40 63
40 49
40 54
40 90
41 88
41 99
41 48
41 67
41 54
42 63
42 58
42 68
42 64
42 52
42 59
43 80
43 61
43 95
43 91
44 84
44 84
44 70
44 92
44 79
44 80
44 96
44 95
44 51
45 63
45 76
45 97
45 52
45 82
45 50
45 46
46 98
46 49
46 53
46 65
47 95
47 88
48 58
48 67
48 99
48 72
48 73
49 73
49 96
49 78
49 52
50 89
50 53
50 59
50 69
50 76
50 53
51 58
51 68
51 59
51 55
52 70
53 83
54 84
54 90
54 78
55 80
56 96
56 89
57 79
57 70
57 87
57 80
58 71
58 86
58 93
58 95
58 89
58 89
59 65
59 89
59 83
59 81
59 85
59 68
59 63
59 95
60 63
60 95
60 82
60 80
60 68
60 73
60 92
61 71
62 85
62 91
63 92
63 91
64 68
64 76
64 75
64 96
65 71
65 66
65 78
65 66
65 74
66 77
66 84
66 80
66 93
66 98
66 85
66 72
67 85
68 70
68 83
69 90
69 78
69 86
69 70
69 98
70 80
70 92
70 71
71 97
71 89
71 91
72 74
72 88
73 80
73 99
73 88
74 80
74 75
75 94
75 85
75 99
77 85
77 95
78 96
78 80
79 87
79 94
80 99
80 96
80 99
80 88
80 81
80 83
80 96
80 81
83 86
83 85
83 86
84 92
85 96
86 93
86 94
87 91
88 95
89 93
93 96
