0 25
0 70
0 75
0 62
0 12
0 6
0 38
0 60
1 41
1 73
1 52
1 95
1 30
1 97
1 18
1 45
1 5
1 20
1 26
1 37
2 31
2 3
2 79
2 23
2 19
2 10
2 83
2 65
2 18
2 75
2 4
2 45
3 39
3 88
3 62
3 61
3 19
3 33
3 54
3 19
3 69
3 83
3 8
3 46
3 58
3 14
4 22
4 16
4 50
4 67
4 55
4 66
5 75
5 66
5 94
5 68
5 80
5 8
5 69
5 86
5 42
5 64
5 75
5 57
6 99
6 66
6 82
6 72
6 85
6 37
6 73
6 69
6 25
7 38
7 43
7 73
7 88
7 52
7 40
8 70
8 72
8 62
8 74
8 32
8 95
9 29
9 98
9 90
9 18
9 61
9 38
10 73
10 42
10 59
10 76
10 22
10 57
10 33
10 63
10 80
10 67
10 32
10 66
10 20
10 40
11 85
11 62
11 76
11 26
11 16
11 65
11 18
11 86
11 61
11 44
11 13
11 17
11 13
12 62
12 91
12 79
13 86
13 79
13 65
13 81
13 99
13 66
13 62
14 32
14 76
14 35
14 92
14 39
14 42
15 48
15 85
15 56
15 49
15 81
15 88
15 99
15 17
16 20
16 59
16 94
16 61
17 30
17 75
17 91
17 35
17 23
17 49
17 73
17 19
17 79
17 58
17 58
17 54
18 86
18 83
18 92
18 37
18 62
18 68
18 90
18 59
18 42
18 44
18 38
18 30
19 20
19 28
19 96
19 49
19 63
19 72
19 44
19 79
19 37
20 39
20 41
20 46
20 44
20 39
20 60
21 94
21 64
21 22
21 91
21 58
21 78
21 95
22 62
22 46
22 83
22 71
22 27
22 52
22 98
23 43
23 29
23 95
23 78
24 87
24 86
24 66
24 37
24 72
25 37
25 63
25 36
25 76
25 36
25 72
25 60
26 92
26 77
26 71
26 45
26 64
27 90
27 52
27 98
27 50
27 92
28 71
28 84
28 37
28 84
28 80
28 78
29 41
29 51
29 75
29 39
29 72
29 75
29 32
30 54
30 94
30 88
31 99
31 56
31 87
31 58
31 64
31 32
31 90
31 50
32 54
32 57
32 48
32 39
32 37
32 36
32 35
33 34
33 86
33 91
33 56
33 90
33 74
33 43
33 44
34 62
34 77
34 92
34 76
34 97
34 39
34 71
34 42
34 70
34 56
35 93
35 36
35 66
35 99
35 86
35 82
35 99
36 37
36 42
36 48
37 99
37 66
37 70
37 66
37 53
38 71
38 58
38 87
38 91
38 48
38 79
39 69
39 56
39 92
39 45
39 88
39 56
40 92
40 59
40 70
40 85
40 48
40 42
40 99
41 77
41 76
41 46
41 57
42 88
42 99
42 52
42 43
42 86
42 50
42 44
43 88
43 57
43 81
43 48
43 72
43 70
43 54
43 62
44 88
44 46
44 78
44 91
44 48
45 62
45 53
45 83
46 48
46 52
46 89
46 60
46 55
46 97
46 84
47 77
47 97
47 78
47 80
47 88
47 94
48 97
48 92
48 51
48 54
48 91
48 73
48 74
48 86
48 82
48 83
48 71
49 70
49 59
50 94
50 75
50 75
50 67
50 63
51 80
51 77
51 94
51 68
51 96
51 58
52 92
52 67
52 94
52 88
52 66
53 67
53 54
53 97
53 65
53 97
53 73
53 88
53 85
53 75
54 57
54 71
54 75
54 60
54 94
54 71
55 91
55 94
55 88
56 62
56 72
56 94
56 95
56 90
56 96
57 85
57 61
57 65
57 79
57 91
58 60
58 85
58 83
58 82
58 76
59 66
59 82
59 93
59 61
59 76
60 81
60 93
60 87
60 65
60 64
60 83
61 70
61 73
61 84
62 63
62 71
62 68
63 92
63 89
63 64
63 90
64 92
64 85
64 71
64 69
64 87
65 66
65 88
65 76
66 77
66 78
66 84
67 90
67 89
67 97
67 73
68 75
68 70
68 95
68 84
69 78
69 81
69 78
69 85
69 95
70 77
70 81
70 91
70 77
70 92
71 79
72 75
72 76
72 77
73 76
73 85
73 97
74 94
74 83
74 80
74 99
77 90
77 97
77 78
77 78
78 83
78 88
78 81
78 84
79 85
80 83
81 84
81 82
82 97
82 96
82 99
83 91
83 90
84 98
84 87
84 85
85 96
85 99
86 89
88 97
89 98
89 98
92 95
93 95
