0 8
0 26
0 5
0 35
0 78
0 91
0 43
0 63
0 11
1 14
1 96
1 88
1 92
1 33
1 14
1 20
1 98
2 64
2 78
2 69
2 71
2 24
2 63
2 40
2 91
3 44
3 66
3 36
3 87
3 34
3 97
3 9
3 59
3 94
3 96
4 67
4 73
4 94
4 78
4 53
4 33
4 94
4 62
4 81
4 39
4 24
4 73
4 20
4 36
4 79
4 87
4 8
4 73
4 94
5 82
5 89
5 58
5 15
5 79
5 37
5 60
5 37
5 85
5 42
5 46
5 77
5 78
6 31
6 96
6 48
6 30
6 10
6 70
6 76
6 9
6 55
6 31
6 89
6 43
6 79
6 32
6 65
7 48
7 33
7 56
7 31
7 57
7 21
7 15
7 26
7 93
7 97
7 68
8 95
8 91
8 57
8 64
8 31
8 16
8 48
8 49
8 82
8 11
8 72
8 82
9 53
9 31
9 76
9 49
9 35
10 61
10 61
10 65
10 99
10 37
10 65
10 76
10 53
10 74
10 68
10 88
11 76
11 93
11 92
11 92
11 34
11 65
11 93
11 99
12 42
12 39
12 60
12 68
12 22
12 28
12 70
12 92
13 79
13 81
13 93
13 34
14 57
14 26
14 70
14 20
14 60
14 18
14 26
14 34
14 24
14 38
14 18
14 55
15 40
15 19
15 30
15 59
15 63
15 89
15 23
15 48
15 89
15 94
15 80
16 31
16 25
16 73
16 88
16 44
17 80
17 61
17 62
17 87
17 48
17 43
17 92
17 18
17 56
17 18
18 60
18 92
19 41
19 94
19 29
19 94
19 42
19 77
20 21
20 50
20 71
20 72
20 85
20 75
20 27
20 76
20 71
21 84
21 41
21 89
21 93
21 79
21 78
21 47
21 50
21 57
21 57
21 69
21 33
21 71
21 52
21 96
21 58
22 85
22 28
22 28
22 78
22 26
22 29
22 56
22 37
22 44
23 62
23 53
23 64
23 89
23 32
23 92
23 99
23 52
23 76
24 72
24 28
24 85
24 47
24 43
25 81
25 44
25 91
25 50
25 34
25 42
25 32
25 78
26 98
27 36
27 97
27 63
27 66
27 54
27 80
27 63
27 28
27 50
28 54
28 56
28 69
28 94
28 87
28 54
28 81
28 96
28 37
28 38
28 46
28 45
29 82
29 58
29 86
29 95
30 37
30 94
30 74
30 57
30 65
30 95
30 54
31 91
31 50
31 78
31 55
31 40
32 55
32 86
32 46
32 83
32 40
32 95
32 46
32 94
33 88
33 82
33 39
33 92
33 69
33 50
34 59
34 96
34 60
34 45
34 89
34 92
35 48
35 79
35 39
35 49
35 88
35 42
35 97
35 73
36 57
36 96
36 37
37 42
37 83
37 43
37 77
37 40
37 59
37 41
37 59
38 57
38 56
38 99
38 53
38 63
38 54
38 49
38 58
39 80
39 75
39 88
39 87
39 68
39 55
39 51
39 51
40 55
40 91
40 51
40 52
40 95
40 88
40 53
41 54
41 69
41 83
41 92
41 75
42 88
42 93
42 56
42 56
42 73
42 51
42 84
42 85
43 46
43 88
43 85
44 81
44 65
44 97
44 69
44 97
44 80
45 67
45 59
45 82
45 48
46 76
46 79
46 84
46 80
46 80
46 67
46 91
46 77
47 64
47 95
47 53
48 57
48 88
48 57
48 50
48 54
48 80
48 98
48 52
49 81
49 55
49 71
49 58
49 60
50 97
50 66
50 80
50 64
50 61
51 67
51 93
51 58
52 94
52 71
52 57
52 67
52 86
53 79
53 91
53 89
53 65
54 79
54 77
55 73
55 91
55 81
55 93
56 74
57 85
57 89
57 68
59 81
59 73
59 78
59 85
59 77
59 89
60 95
60 78
61 75
61 77
61 63
62 67
63 70
63 75
63 65
64 92
64 93
64 80
64 67
64 70
64 79
65 89
65 69
65 92
65 80
66 76
66 82
67 81
67 83
68 70
68 91
69 88
69 94
69 73
69 93
69 73
70 81
71 94
71 80
71 93
71 73
72 80
72 90
72 93
72 82
72 93
73 86
73 97
73 81
74 86
75 90
76 87
76 99
76 85
77 89
77 84
77 84
78 98
78 88
78 83
79 93
79 89
80 84
80 94
81 85
82 91
83 98
85 86
85 97
87 92
87 96
87 93
88 99
88 89
91 94
91 95
92 98
92 98
93 98
93 98
