0 53
0 99
0 68
0 55
0 52
0 14
0 21
0 34
1 92
1 96
1 66
1 72
1 81
1 94
1 2
1 30
1 57
1 82
1 86
2 75
2 15
2 12
2 87
2 52
2 32
2 8
2 26
2 82
2 43
2 13
3 37
3 34
3 31
3 80
3 52
4 91
4 94
4 42
4 28
4 16
4 75
4 66
4 98
5 31
5 9
5 75
5 18
5 12
5 74
5 41
5 84
5 65
5 57
5 7
5 85
5 86
6 57
6 93
6 38
6 9
6 99
6 62
6 36
6 80
7 65
7 78
7 11
7 40
7 68
7 47
7 28
7 61
7 49
7 88
7 42
7 48
7 84
7 50
7 38
8 26
8 41
8 58
8 63
8 52
8 62
8 57
8 92
8 91
8 30
8 9
8 79
8 34
8 80
9 14
9 25
9 98
9 38
9 30
9 93
9 24
9 97
9 89
9 65
9 56
10 28
10 62
10 19
10 19
10 24
10 90
10 59
10 68
10 90
10 79
11 65
11 54
11 19
11 43
11 97
11 87
12 26
12 92
12 65
12 76
12 30
12 96
13 60
13 27
13 33
13 72
13 82
13 35
13 67
13 34
13 59
13 83
13 52
13 65
14 90
14 98
14 24
14 21
14 82
14 77
14 29
15 90
15 30
15 31
15 51
15 97
15 61
16 36
16 22
16 65
16 50
16 87
16 95
17 54
17 84
17 48
17 58
17 34
17 39
17 56
17 79
18 71
18 71
18 22
18 20
18 23
18 43
18 63
18 76
18 32
18 46
18 64
19 35
19 80
19 49
19 93
19 49
19 47
19 59
19 42
20 84
20 89
20 77
20 85
20 42
20 66
20 69
20 59
20 49
21 78
21 23
21 77
21 59
21 30
21 44
21 37
22 61
22 78
22 36
22 44
22 86
22 65
22 50
22 95
22 47
22 49
23 74
23 39
23 60
23 42
23 72
23 92
23 91
23 73
23 59
23 95
23 27
24 68
24 91
24 39
24 33
24 25
25 33
25 97
25 38
25 46
25 76
25 46
25 34
25 94
25 78
25 46
25 64
25 69
25 56
25 68
26 93
26 81
26 92
26 46
26 40
27 54
27 68
27 43
27 86
27 45
27 32
27 47
28 84
28 92
28 68
28 64
28 54
28 41
28 55
29 64
29 92
29 35
29 39
29 80
29 71
29 70
29 47
29 71
30 58
30 44
30 88
30 66
30 43
30 77
31 94
31 53
31 70
31 40
31 83
31 78
31 75
31 82
31 56
31 51
32 71
32 34
32 70
32 54
32 41
32 74
33 98
33 54
33 88
33 96
34 92
34 75
34 64
34 40
34 59
34 86
34 84
34 51
35 63
35 90
35 82
35 43
36 48
36 68
36 43
37 86
37 44
37 40
38 40
38 43
38 95
38 94
38 71
39 60
39 71
39 92
39 53
40 70
40 94
40 80
40 74
40 65
40 43
40 76
40 72
40 75
40 68
42 63
42 50
42 84
42 72
43 70
43 64
43 50
43 94
43 74
43 57
43 82
44 51
44 58
44 51
44 64
44 70
44 77
44 58
44 50
44 66
44 69
45 61
45 56
46 99
46 77
46 86
47 74
47 77
47 93
47 82
47 89
47 65
48 85
48 90
48 51
49 69
49 69
49 69
49 96
50 94
50 89
50 63
51 55
51 58
51 80
51 56
51 91
51 76
51 78
52 96
53 74
53 80
53 64
53 74
53 91
54 86
54 63
54 72
54 88
54 94
54 67
54 80
54 96
55 76
55 96
55 78
55 77
55 66
56 95
56 57
56 70
56 65
56 59
57 73
57 73
57 60
58 62
58 68
58 88
58 93
58 60
58 74
58 86
58 86
59 87
59 99
59 92
59 90
59 82
60 98
60 61
60 93
60 91
60 69
60 98
61 81
61 96
61 84
62 66
62 88
62 74
62 67
63 67
63 81
63 67
63 65
63 83
64 76
64 79
64 65
64 97
64 68
65 97
65 82
65 83
65 97
65 85
66 96
66 85
67 96
68 90
68 80
68 88
69 85
69 81
69 91
70 86
70 82
71 91
71 76
72 91
72 78
72 75
74 75
74 99
74 84
74 78
74 86
75 78
75 89
75 98
75 80
76 86
77 96
78 83
79 84
79 98
79 97
79 89
79 91
80 98
80 86
82 88
82 94
82 90
83 93
84 87
84 88
84 91
85 89
87 95
87 91
87 91
89 92
89 99
90 94
90 94
92 94
94 97
