0 43
0 3
0 28
0 98
0 59
0 81
0 90
0 49
0 39
0 14
0 63
0 32
0 59
0 76
1 56
1 29
1 18
1 49
1 52
1 3
2 19
2 98
2 19
2 95
2 98
2 99
2 64
3 40
3 81
3 58
3 10
3 13
3 33
3 56
3 60
3 49
3 17
4 86
4 73
4 10
4 39
4 26
5 63
5 76
5 51
5 22
5 66
5 33
6 41
6 32
6 56
6 62
6 73
6 19
7 27
7 78
7 52
7 49
7 64
7 43
7 49
7 98
8 52
8 41
8 19
8 39
8 14
8 23
8 77
8 61
8 64
8 31
8 83
8 34
8 26
8 39
9 76
9 43
9 74
9 83
9 89
9 94
9 73
9 16
9 15
9 23
10 95
10 85
10 58
10 28
10 35
10 81
10 59
10 70
10 95
10 30
10 75
10 89
10 76
11 65
11 44
11 69
11 19
11 50
12 16
12 69
12 42
12 64
12 83
12 80
12 33
12 39
12 46
12 42
12 56
13 63
13 73
13 24
13 94
13 88
13 38
13 31
14 67
14 38
14 93
14 41
14 79
14 22
14 59
14 63
14 95
15 78
15 39
15 69
15 40
15 27
15 89
15 84
15 28
15 46
15 69
16 84
16 33
16 33
16 26
16 68
16 67
16 82
16 98
17 83
17 66
17 71
17 70
17 81
17 63
17 80
17 31
18 67
18 74
18 55
18 57
18 55
19 54
19 75
19 69
19 68
19 58
19 69
19 37
19 66
19 24
19 76
20 49
20 60
20 57
20 25
20 92
20 58
20 56
21 86
21 90
21 77
21 55
21 72
21 60
21 23
21 30
22 98
22 40
22 75
22 75
22 91
22 92
23 55
23 29
23 65
23 95
24 70
24 97
24 34
24 75
24 85
24 70
24 90
24 51
25 28
25 58
25 36
25 45
25 39
25 73
25 65
25 87
25 50
25 26
25 49
25 33
26 76
26 44
26 34
26 66
26 85
27 46
27 44
27 28
27 66
27 82
27 93
28 35
28 52
28 40
28 94
28 81
28 97
28 57
28 29
29 68
29 60
29 42
29 67
30 61
30 59
30 78
30 62
30 50
30 85
31 61
31 91
31 85
31 90
31 36
31 58
31 75
31 57
32 57
32 98
32 42
32 65
32 89
32 62
32 71
32 67
32 57
32 76
32 64
32 54
33 75
33 61
33 74
33 43
33 51
33 86
34 93
34 84
34 43
34 64
34 70
34 65
34 74
34 96
34 35
35 80
35 93
35 98
35 88
35 82
35 72
35 65
35 81
35 42
35 67
35 68
35 58
36 44
36 37
36 61
37 94
37 72
37 42
37 81
37 85
37 67
37 60
37 52
38 47
38 42
38 96
38 62
38 63
39 56
39 57
39 83
39 95
39 89
39 52
39 83
39 91
40 44
40 74
40 43
41 60
41 85
41 57
41 82
41 64
42 82
42 61
42 61
42 63
42 50
42 81
42 94
42 83
42 63
43 82
44 99
44 51
44 93
44 64
44 93
44 64
44 68
44 58
45 86
45 89
45 99
45 46
45 70
45 90
45 74
45 83
46 96
47 86
47 53
48 74
48 57
48 87
48 52
48 52
48 61
48 50
48 60
48 63
48 72
49 65
49 94
49 95
49 61
49 87
49 62
49 74
50 96
50 51
50 81
50 62
50 63
50 70
51 56
51 63
51 89
51 74
51 73
51 77
52 66
52 68
52 60
52 75
52 95
52 83
53 83
53 59
53 89
54 61
54 93
54 71
55 77
55 68
55 92
55 95
55 76
55 65
55 66
55 93
55 95
56 70
56 68
56 83
56 81
58 78
59 87
59 93
60 77
60 70
60 93
60 76
61 89
61 78
61 98
61 67
61 70
61 91
61 83
62 71
62 65
62 78
63 96
63 78
64 80
64 76
64 86
64 81
65 97
65 80
65 88
66 85
66 94
66 92
66 75
66 77
67 86
67 69
67 79
67 79
67 94
68 93
68 78
69 97
69 99
69 97
70 93
71 79
71 83
71 95
71 94
71 88
71 87
73 92
73 99
74 80
74 91
75 88
75 76
76 84
76 81
76 99
76 86
76 84
77 93
77 96
77 98
79 89
79 96
79 97
80 97
80 87
80 95
81 84
81 91
81 97
81 90
82 89
82 95
82 89
82 98
83 91
84 97
84 95
84 86
84 89
84 98
85 89
85 95
86 97
87 93
88 95
88 97
88 97
89 91
90 94
92 96
