0 33
0 92
0 35
0 32
0 47
0 3
0 16
0 9
0 42
0 54
0 22
1 36
1 88
1 75
1 28
1 56
1 30
1 94
1 20
1 11
1 10
1 98
1 8
2 90
2 35
2 44
2 95
2 44
2 23
2 12
2 48
2 30
2 35
3 84
3 80
3 80
3 92
3 32
3 15
3 68
3 87
3 78
3 25
3 75
3 47
4 49
4 37
4 51
4 21
4 80
4 57
4 49
5 9
5 91
5 9
5 49
5 44
5 56
5 70
5 17
5 16
6 35
6 53
6 77
6 77
6 20
6 18
6 89
6 70
6 96
6 36
6 74
6 75
6 23
6 47
7 19
7 95
7 93
7 88
7 31
7 15
7 81
7 58
7 80
7 93
8 51
8 91
8 99
8 91
8 32
8 94
8 42
9 80
9 38
9 63
9 54
9 80
9 52
9 37
9 91
9 48
10 26
10 58
10 68
10 62
10 69
10 14
10 99
10 17
10 27
10 98
10 77
10 99
10 36
10 50
10 42
10 33
10 11
11 31
11 17
11 94
11 53
11 73
11 93
11 64
11 79
11 25
11 84
11 41
11 21
11 28
12 57
12 55
12 77
12 55
12 59
12 97
12 68
12 70
12 83
12 68
12 91
12 59
13 26
13 25
13 60
13 18
13 82
13 36
13 22
13 52
13 43
13 65
13 41
14 50
14 90
14 97
14 21
15 30
15 42
15 81
15 96
15 19
15 74
16 76
16 56
16 58
16 53
16 98
16 88
16 53
16 32
16 99
16 76
16 79
16 56
16 20
16 20
17 65
17 83
17 97
17 68
17 77
18 61
18 98
18 77
18 67
18 81
18 26
18 88
19 57
19 96
20 94
20 64
20 28
20 83
20 21
20 21
20 42
20 74
21 54
21 37
21 79
21 67
21 90
21 62
21 63
21 97
21 60
21 52
21 27
21 53
21 68
21 33
21 37
22 25
22 30
22 51
22 41
22 96
22 80
22 69
22 29
22 35
22 62
22 82
22 23
23 37
23 57
23 68
23 48
23 77
24 36
24 41
24 38
24 45
24 30
25 98
25 48
25 68
25 40
25 32
25 82
26 68
26 88
26 31
26 55
26 74
26 57
26 34
26 55
27 47
27 71
27 49
27 34
28 49
28 86
28 75
28 29
29 61
29 58
30 46
30 93
30 32
30 45
30 47
31 32
31 38
31 45
31 97
31 95
31 45
31 72
31 62
31 32
32 35
32 75
32 99
32 38
32 62
32 68
32 53
32 69
33 99
33 88
33 70
33 70
33 92
34 49
34 92
34 69
34 51
34 71
34 82
34 72
35 71
35 76
35 77
35 53
35 94
35 65
36 88
36 89
36 93
36 87
36 38
36 49
36 92
37 83
37 68
37 46
37 94
37 72
38 67
38 49
38 64
38 46
38 59
38 86
38 63
38 92
38 39
38 43
39 78
39 73
39 97
39 74
39 64
40 52
40 95
40 53
41 56
41 60
41 72
41 45
41 47
41 99
41 73
42 53
42 57
42 71
42 56
42 48
43 82
44 82
44 74
44 89
44 58
45 74
45 57
45 76
45 47
46 48
46 98
46 96
46 83
47 74
47 75
47 57
47 81
47 53
47 65
47 81
47 89
47 58
47 60
48 78
48 64
48 64
48 99
48 56
49 67
49 55
49 74
49 90
49 76
49 91
50 72
50 94
50 84
50 86
50 68
50 95
51 74
51 68
51 69
51 90
52 74
52 63
52 59
53 79
53 70
53 82
53 85
53 77
54 76
54 77
54 57
55 79
55 74
55 89
56 84
56 74
56 97
56 66
56 74
57 92
57 93
57 60
57 70
57 66
57 96
57 75
57 91
58 69
58 81
58 94
58 61
58 85
58 74
59 85
59 92
59 80
60 77
60 81
60 92
60 99
60 88
61 92
61 97
62 69
62 66
63 66
63 79
63 93
63 74
64 67
64 77
64 76
65 90
65 89
65 90
66 80
66 93
66 84
66 68
66 99
67 86
67 83
67 81
67 86
67 73
68 88
69 83
70 98
70 85
70 84
71 94
71 82
71 74
71 83
72 87
73 83
73 94
73 84
74 84
74 96
74 77
74 87
75 89
75 95
77 90
77 96
77 79
77 92
78 95
78 86
78 85
79 84
79 86
81 92
81 85
83 93
83 87
83 87
83 88
84 91
84 97
84 96
87 96
88 98
89 94
89 93
89 92
90 98
90 99
91 96
93 99
94 98
95 97
