0 81
0 10
0 51
0 77
0 14
0 84
0 82
0 32
1 43
1 39
1 44
1 58
1 37
1 49
1 21
1 40
1 23
1 6
1 97
2 73
2 74
2 4
2 51
2 85
2 58
3 39
3 8
3 52
3 72
3 13
3 12
3 85
3 74
3 38
3 23
3 7
3 60
4 79
4 87
4 35
4 40
4 75
4 41
4 75
4 92
4 76
4 79
4 98
4 24
4 13
4 15
4 74
5 32
5 36
5 87
5 62
5 97
5 79
5 8
5 45
5 34
5 22
5 26
6 16
6 89
6 36
6 62
6 62
6 61
7 71
7 22
7 20
7 18
7 49
7 45
7 70
7 44
7 66
7 95
7 59
8 72
8 83
8 92
8 45
8 28
9 57
9 23
9 80
9 49
9 17
9 64
9 42
9 35
9 45
9 84
10 73
10 24
10 35
10 79
10 29
10 61
10 43
10 21
10 34
10 61
10 19
10 67
11 85
11 36
11 62
11 36
11 77
11 17
11 66
11 74
11 65
11 88
11 95
12 96
12 63
12 81
12 64
12 61
12 56
12 57
12 51
13 54
13 90
13 48
13 41
13 59
13 66
13 96
13 16
13 91
13 38
13 56
14 78
14 28
14 36
14 58
14 33
14 59
14 76
15 35
15 45
15 96
15 89
15 37
15 44
15 46
15 49
15 20
15 70
15 37
15 62
15 77
16 23
16 48
16 54
16 79
16 95
16 36
16 67
16 70
16 71
17 69
17 34
17 99
17 46
17 21
17 20
17 89
18 67
18 63
18 81
18 72
18 72
18 45
18 19
19 90
19 66
19 84
19 70
19 43
19 49
19 77
19 35
19 45
19 75
19 55
20 37
20 39
20 40
20 69
20 41
20 36
20 91
20 71
20 70
21 23
21 55
21 22
21 35
21 54
21 26
21 46
21 51
21 63
22 28
22 44
22 82
22 88
22 30
22 41
22 30
22 50
22 39
22 80
22 83
22 85
22 96
22 37
22 70
22 45
23 27
23 99
24 74
24 62
24 72
24 77
24 33
24 33
25 60
25 69
25 30
25 61
25 65
25 57
26 57
26 40
26 96
26 97
26 99
26 59
27 30
27 99
27 92
27 64
28 75
28 49
28 79
28 44
28 81
28 35
28 69
29 57
29 38
29 53
30 68
30 59
30 42
30 94
30 41
31 88
31 38
31 32
31 53
31 99
31 42
31 69
32 64
32 98
32 42
32 63
32 85
32 41
32 67
33 39
33 82
33 47
33 94
33 38
33 53
33 50
33 64
33 42
33 82
34 44
34 89
34 90
34 42
34 97
34 77
34 89
35 75
35 60
35 45
35 84
35 69
35 90
36 94
36 81
36 77
36 67
36 83
36 72
36 60
37 64
37 51
37 55
37 38
37 60
37 64
37 94
37 56
37 92
37 38
38 42
38 62
38 65
38 77
39 75
39 61
39 79
39 50
39 49
39 45
39 45
39 69
39 63
39 41
39 73
39 49
40 62
40 97
40 61
40 56
41 97
41 55
41 84
41 62
41 79
42 46
42 95
42 61
42 52
42 75
43 81
43 75
43 62
43 98
44 65
44 85
44 77
44 59
44 85
44 63
44 79
45 66
45 83
45 49
45 48
45 57
45 65
45 61
45 81
45 78
45 93
46 96
46 74
46 85
47 69
47 53
47 57
47 67
47 85
48 88
48 52
48 70
48 85
49 99
49 72
49 54
49 50
49 60
49 79
49 79
50 51
50 85
50 80
50 81
51 87
51 95
52 70
52 84
52 55
52 99
52 98
52 93
53 55
53 98
53 76
53 71
53 55
53 63
54 65
54 68
54 56
55 91
55 56
56 99
56 87
56 64
57 72
57 88
57 75
57 59
57 85
58 81
58 65
58 82
58 87
58 78
58 62
58 65
59 98
59 82
59 89
59 65
59 88
59 71
60 98
61 81
61 86
61 69
61 77
61 84
62 68
62 77
62 86
62 78
62 86
63 96
63 73
63 90
63 99
64 79
65 84
65 81
65 91
65 80
65 91
66 68
66 82
67 69
67 87
67 79
68 91
68 83
68 81
69 76
70 95
70 91
71 90
73 88
73 88
73 83
73 99
74 96
76 83
77 90
77 89
77 97
77 93
78 93
78 79
78 88
78 87
78 80
79 92
79 84
79 84
79 89
79 93
81 86
81 91
82 83
82 93
82 89
83 89
83 99
83 85
89 95
89 96
89 92
90 95
90 91
93 96
96 98
