0 64
0 25
0 38
0 62
0 49
0 55
1 57
1 87
1 10
1 31
1 16
1 53
1 4
1 91
1 94
2 64
2 20
2 98
3 84
3 18
3 56
3 90
3 94
3 99
3 39
3 72
3 40
3 83
4 7
4 64
4 79
4 93
4 91
4 90
4 56
4 10
5 8
5 27
5 51
5 39
5 23
5 25
5 66
5 28
5 88
6 13
6 37
6 92
6 36
6 84
6 76
6 46
7 14
7 93
7 90
7 98
7 50
7 16
7 95
7 25
7 58
7 65
8 19
8 17
8 19
8 65
8 91
8 68
8 44
8 36
9 35
9 36
9 23
9 72
9 83
10 73
10 94
10 28
10 36
10 25
10 38
10 76
10 44
10 34
11 39
11 54
11 13
11 51
11 72
11 54
11 63
11 36
12 36
12 68
12 94
12 14
12 22
12 27
12 74
12 15
12 60
13 53
13 54
13 48
13 68
13 23
13 78
14 32
14 56
14 92
14 75
14 24
14 19
14 22
14 75
14 44
14 41
14 92
14 56
15 61
15 71
15 25
15 98
15 55
15 66
15 89
15 90
15 16
15 83
15 97
15 64
16 27
16 60
16 66
16 29
16 25
16 69
16 27
16 39
17 29
17 69
17 98
17 53
17 47
17 52
17 97
18 79
18 73
18 89
18 78
18 89
18 40
18 42
18 63
18 40
18 82
19 45
19 99
19 38
19 38
19 82
19 78
20 58
20 84
20 65
20 62
20 35
20 87
20 81
20 36
20 41
20 74
20 50
21 95
21 66
21 77
21 95
21 73
21 89
21 43
21 24
21 39
21 50
22 86
22 40
22 74
22 26
22 54
22 74
22 41
22 50
23 63
23 78
23 62
23 46
23 46
23 81
23 37
23 81
24 69
24 50
24 33
24 57
24 98
24 73
24 97
24 96
25 52
25 93
25 58
25 71
25 84
26 51
26 72
26 29
26 83
26 63
26 77
26 77
26 50
26 89
27 60
27 37
27 46
27 96
27 84
27 60
27 62
27 92
27 91
28 73
28 67
29 34
29 81
29 90
29 64
30 36
30 76
30 70
30 77
30 77
30 98
30 81
30 47
31 63
31 52
31 76
31 80
31 60
31 42
32 40
32 50
32 94
33 65
33 54
33 83
33 87
33 77
33 52
33 88
33 63
33 48
33 57
33 82
34 91
34 48
34 95
34 86
34 79
34 64
34 93
35 40
35 81
35 91
35 84
35 91
35 43
36 52
36 47
36 45
36 41
36 68
36 83
36 91
36 84
36 83
37 61
37 75
37 48
37 48
37 75
37 48
37 58
38 96
38 43
38 52
39 45
39 63
39 91
39 83
39 46
40 52
40 74
40 85
40 87
40 65
40 72
40 94
40 91
40 42
41 87
41 87
41 46
41 52
41 42
41 89
41 70
41 73
41 54
41 87
41 70
41 71
41 48
42 73
42 45
42 47
42 61
42 53
42 65
42 57
42 58
42 98
43 80
43 47
43 85
43 90
43 85
43 49
43 47
44 62
45 84
45 97
45 90
45 73
45 59
45 47
46 68
46 79
46 72
46 89
46 88
46 78
47 89
47 62
47 78
47 56
47 56
48 69
48 58
48 85
48 68
48 94
48 94
48 77
49 56
49 62
49 82
50 85
50 94
50 93
50 99
51 80
51 91
51 56
51 78
51 57
52 55
52 67
53 80
53 61
53 70
53 61
53 78
53 92
54 66
54 92
54 83
55 99
55 96
55 64
55 74
55 81
55 93
56 92
56 84
56 60
56 79
57 88
57 89
57 74
57 90
57 63
58 67
58 75
58 60
59 73
59 95
59 67
59 64
59 99
59 97
60 83
60 73
60 66
60 99
60 94
60 62
60 85
61 76
61 66
62 82
63 82
63 94
63 93
63 73
63 87
65 99
65 68
65 69
65 88
65 96
65 78
65 84
65 98
66 72
66 89
66 71
66 96
67 75
68 75
68 77
68 88
69 75
69 83
69 84
69 83
70 72
71 85
71 77
72 80
72 81
72 89
73 93
74 99
74 95
74 77
75 91
75 89
76 88
76 78
76 78
76 98
76 85
77 83
77 94
77 82
78 89
78 79
78 91
79 98
80 85
80 87
80 90
80 95
80 81
80 82
81 89
82 99
83 90
83 96
84 88
84 98
84 93
84 95
85 92
85 94
85 91
86 89
86 94
86 88
86 98
87 89
87 88
88 93
88 94
91 96
91 93
93 99
96 99
96 99
