0 98
0 9
0 57
0 76
0 84
0 33
0 98
0 79
0 17
0 24
1 85
1 58
1 80
1 17
1 65
1 34
1 79
1 13
1 91
2 25
2 19
2 21
2 46
2 27
2 12
2 11
2 61
2 41
2 80
3 61
3 79
3 99
3 73
3 12
3 7
3 79
3 48
3 28
4 89
4 84
4 29
4 92
4 58
4 89
5 31
5 17
5 62
5 71
5 59
5 54
5 16
5 73
5 94
6 89
6 48
6 80
6 79
6 19
6 74
6 41
6 23
6 35
7 73
7 62
7 22
7 17
7 50
7 12
7 8
7 26
7 61
7 89
7 82
8 39
8 59
8 54
8 85
8 14
8 58
8 29
8 67
8 55
8 60
8 27
9 85
9 64
9 36
9 48
9 61
9 24
9 81
9 29
9 87
10 49
10 52
10 32
10 55
10 55
10 23
11 61
11 94
11 29
11 61
11 40
11 97
11 28
11 83
11 97
11 34
11 68
12 76
12 31
12 49
12 38
12 87
13 60
13 31
13 24
13 20
13 38
14 99
14 53
14 36
14 43
14 15
14 80
15 44
15 60
15 78
15 31
15 78
15 97
15 33
15 31
15 78
15 95
15 69
16 67
16 41
16 67
16 33
16 56
16 41
16 80
17 98
17 99
17 38
17 51
17 40
17 69
17 27
17 76
17 72
17 87
17 34
18 68
18 26
18 52
18 43
18 20
18 88
18 78
19 21
19 52
19 68
19 73
19 92
19 28
19 50
20 94
20 76
20 78
20 76
20 38
20 94
20 40
21 80
21 60
21 27
21 62
21 85
22 77
22 72
22 45
22 39
22 48
22 52
22 93
22 47
22 49
23 84
23 37
23 42
23 73
23 61
23 89
24 89
24 49
24 46
24 47
24 59
24 54
24 75
24 72
24 85
24 97
24 42
24 53
25 31
25 57
25 77
25 30
25 97
25 28
25 66
25 34
25 81
25 65
25 72
26 89
26 72
26 79
26 27
26 84
26 53
26 51
26 62
26 42
26 55
27 42
27 92
27 51
27 91
28 37
28 91
28 83
28 47
28 78
29 34
29 99
29 80
29 72
29 74
29 90
29 68
30 92
30 71
30 49
30 64
30 88
30 83
30 41
30 88
30 56
30 93
30 40
31 64
31 56
31 96
31 84
31 83
32 65
32 79
32 71
32 95
32 77
32 36
32 33
32 79
32 47
33 95
33 54
33 54
33 99
33 76
33 59
34 66
34 72
34 98
34 73
34 45
34 68
34 42
34 79
34 74
34 72
35 83
35 74
35 76
35 57
35 69
36 45
36 51
36 65
36 85
36 86
36 66
36 85
36 99
37 83
37 54
37 59
37 51
37 90
38 64
38 78
38 69
38 59
38 45
38 96
39 95
39 62
39 78
39 85
39 76
39 61
39 85
40 92
40 58
41 95
41 94
41 76
41 90
41 85
42 47
42 96
42 76
43 74
43 72
43 73
43 77
44 81
44 64
44 71
44 73
44 81
44 93
45 76
45 71
45 97
45 82
45 47
45 77
45 55
45 95
45 86
45 90
46 58
46 57
46 99
46 54
46 81
47 89
47 70
47 50
47 81
47 92
47 89
48 63
48 52
48 92
48 71
48 59
48 79
49 84
49 81
49 51
49 96
49 50
49 86
49 74
50 68
50 74
50 93
50 57
50 51
50 59
51 86
51 69
51 54
51 95
51 63
51 77
51 63
51 67
52 85
52 98
52 93
52 75
52 84
52 55
52 60
52 82
52 95
53 70
53 63
54 75
54 83
54 72
54 85
54 55
54 94
55 98
55 84
55 79
55 80
55 68
56 67
56 95
56 67
57 58
57 64
58 66
58 95
58 96
58 66
58 76
58 69
58 94
58 78
58 78
58 65
58 65
59 81
59 94
60 64
61 65
61 86
62 72
62 72
62 94
63 72
63 70
64 97
64 72
64 92
64 78
64 99
64 85
65 76
65 75
65 99
65 71
65 70
65 85
66 82
66 94
66 77
66 77
66 84
67 77
67 82
67 76
67 98
68 84
68 85
68 85
68 78
68 98
69 73
69 81
69 84
70 92
70 79
70 93
70 94
70 88
70 79
71 96
71 83
71 75
73 74
73 82
73 83
73 95
74 78
74 91
75 93
76 92
76 91
76 79
76 78
77 86
77 88
77 82
77 95
78 92
79 88
79 96
81 89
82 96
82 90
82 92
82 96
84 88
87 96
88 90
88 97
91 94
95 99
