0 18
0 53
0 40
0 94
0 50
0 17
0 47
0 37
0 19
0 43
0 95
1 2
1 8
1 84
1 86
1 6
1 14
1 25
1 49
1 80
1 53
2 9
2 38
2 95
2 40
2 65
2 30
2 15
2 42
2 57
2 40
2 33
3 47
3 63
3 91
3 44
3 94
4 9
4 40
4 12
4 74
4 44
4 26
4 56
4 90
4 94
5 60
5 46
5 9
5 46
5 24
5 70
5 6
5 27
5 99
5 25
6 71
6 99
6 20
6 64
6 45
6 90
6 37
6 28
6 32
6 84
6 18
6 94
6 91
7 78
7 96
7 42
7 45
7 20
7 91
7 73
7 95
7 99
7 31
7 86
8 31
8 14
8 26
8 26
8 73
8 20
8 41
8 72
8 18
8 96
9 42
9 43
9 70
9 93
9 56
9 11
9 99
9 64
9 39
10 40
10 56
10 61
10 90
10 76
10 83
10 93
11 29
11 97
11 18
11 34
11 89
12 77
12 19
12 87
12 64
12 67
12 49
12 36
12 63
12 88
12 61
12 92
12 60
12 94
13 48
13 25
13 65
13 17
13 22
13 67
13 66
13 79
14 40
14 67
14 49
14 43
14 77
14 51
14 43
14 35
14 33
14 18
14 73
14 62
14 18
14 36
14 16
15 34
15 65
15 72
15 76
15 38
15 43
15 66
16 79
16 56
16 82
16 31
16 97
16 93
16 44
17 51
17 19
17 22
17 29
17 68
17 97
17 40
17 27
17 96
17 50
17 36
17 48
17 89
18 56
18 36
18 42
18 54
18 94
18 44
18 84
18 20
18 21
19 22
19 97
19 42
19 84
19 90
19 96
19 54
20 27
20 95
20 63
20 72
20 53
20 71
20 79
20 31
20 91
20 73
20 33
21 54
21 68
21 58
21 40
21 46
21 97
21 32
21 80
21 58
22 52
22 94
22 69
22 34
22 24
22 55
22 71
22 30
22 78
22 68
22 52
23 76
23 49
23 39
23 40
24 96
24 37
24 27
24 33
24 95
24 98
24 33
24 42
24 97
25 52
25 38
25 43
25 57
25 92
25 38
26 97
26 91
26 49
26 38
26 75
26 74
26 43
26 98
26 84
26 70
26 33
27 85
27 57
27 63
27 54
27 87
28 66
28 69
28 69
28 55
29 56
29 42
29 32
29 91
29 60
29 93
29 83
29 33
29 31
29 59
29 63
30 41
30 81
30 39
30 67
30 98
31 54
31 32
31 80
31 52
31 45
31 92
31 32
31 97
31 96
31 71
31 69
31 60
31 78
32 78
32 87
32 68
32 62
32 98
32 51
32 79
32 96
32 87
32 66
32 33
32 59
33 95
33 89
33 56
33 68
33 78
34 75
34 57
34 91
34 73
34 58
34 45
34 82
35 71
35 98
35 71
36 84
36 80
36 65
36 55
37 70
37 66
37 98
37 58
37 92
37 99
38 73
38 93
38 96
38 71
38 50
38 81
38 51
39 60
39 80
39 72
39 83
40 99
40 93
40 57
40 97
40 41
40 43
40 72
40 71
40 79
40 65
41 63
41 85
41 91
41 63
41 42
41 95
41 42
41 97
42 49
42 85
42 66
42 88
42 71
42 81
42 66
43 76
43 60
43 72
43 72
43 53
43 92
43 72
44 50
44 59
44 62
44 62
45 58
45 56
45 62
46 53
47 82
47 67
48 93
48 80
48 55
48 50
48 99
48 54
48 77
48 96
49 83
49 58
49 77
49 64
49 71
50 74
50 57
50 71
50 64
50 99
51 93
51 84
51 97
51 97
51 88
52 85
52 94
52 53
52 69
52 63
52 74
52 56
52 62
52 67
54 60
54 73
55 80
55 98
55 85
55 84
55 58
56 88
56 58
56 75
56 81
56 82
56 68
57 99
57 69
57 75
57 80
57 67
58 81
58 99
58 78
59 82
59 61
59 96
59 91
59 86
60 71
60 73
61 93
61 73
61 92
62 69
63 72
63 77
64 81
64 82
65 80
65 72
65 88
65 79
66 78
66 78
67 94
67 91
68 80
68 84
68 74
68 93
69 86
69 93
70 91
70 77
70 82
70 85
71 92
71 87
72 79
72 83
72 98
73 91
74 83
74 90
74 84
74 98
75 99
75 82
75 86
76 93
77 99
77 84
77 82
78 85
78 99
78 97
78 81
78 96
79 99
82 92
82 94
83 94
83 91
84 88
84 91
85 98
85 90
87 96
89 94
92 98
94 95
