0 52
0 94
0 97
0 67
0 71
0 12
0 30
1 73
1 65
1 85
1 65
1 68
1 10
1 63
1 23
1 27
2 89
2 69
2 75
2 50
3 74
3 54
3 35
3 34
3 8
3 63
3 62
3 40
3 45
3 79
3 21
3 31
3 92
3 84
4 52
4 99
4 67
4 63
4 92
4 82
4 23
4 24
4 86
4 93
5 27
5 69
5 82
5 24
5 9
5 98
5 97
6 52
6 86
6 20
6 35
6 45
6 65
6 74
6 16
6 9
6 27
6 37
6 74
7 61
7 19
7 29
7 67
7 82
7 81
7 34
7 8
7 28
7 74
8 60
8 99
8 19
8 74
8 86
8 94
8 85
8 81
8 66
8 44
9 46
9 47
9 69
9 57
9 32
9 26
9 86
9 89
10 75
10 78
10 95
10 51
10 81
10 23
10 27
10 24
10 35
10 48
10 85
11 29
11 18
11 87
11 93
11 13
11 42
11 50
11 30
11 44
11 35
11 94
12 38
12 49
12 99
12 69
12 87
12 41
13 74
13 32
13 40
13 83
13 89
13 19
13 52
13 45
13 57
13 84
13 73
13 21
13 91
13 84
13 49
14 77
14 50
14 46
14 71
14 72
14 97
14 49
15 55
15 60
15 87
15 89
15 99
15 25
15 64
16 25
16 42
16 94
16 41
16 34
16 21
16 86
16 18
17 74
17 93
17 65
17 47
17 31
17 71
17 28
17 62
17 58
17 54
18 34
18 71
18 89
18 19
18 55
18 25
19 43
19 28
19 87
19 86
19 79
19 45
20 82
20 21
20 32
20 45
20 69
20 35
20 33
20 99
20 77
20 48
20 91
20 82
21 54
21 33
21 59
21 74
21 81
21 94
21 73
22 87
22 32
22 82
22 66
22 62
22 51
22 41
22 67
22 80
23 69
23 76
23 46
23 42
23 90
23 42
24 63
24 45
24 51
24 27
24 50
24 89
24 98
24 63
24 48
25 61
25 74
25 60
25 54
25 58
25 50
25 41
25 86
26 53
26 89
26 78
26 35
26 54
27 70
27 66
27 33
28 92
28 79
28 97
28 77
28 43
28 90
28 43
28 79
28 74
28 37
28 84
29 76
29 39
29 96
29 52
29 55
29 88
29 82
29 77
29 64
29 61
29 70
29 45
30 72
30 47
30 78
30 75
30 47
30 49
30 67
30 56
31 39
31 89
31 61
31 76
31 82
31 74
31 71
31 39
31 62
31 39
31 63
32 71
32 61
33 82
33 90
33 58
33 84
33 66
33 35
34 79
34 77
34 70
34 39
35 67
35 45
35 78
35 52
36 75
36 37
36 83
36 54
36 49
36 49
36 39
37 90
37 44
37 68
37 69
37 66
37 73
38 86
38 93
38 94
38 66
39 76
39 48
39 76
39 50
40 54
40 73
40 92
40 97
40 59
40 65
40 46
40 76
40 57
40 45
41 97
41 85
41 67
41 57
42 46
42 51
42 57
42 45
42 91
42 84
43 75
43 82
43 47
43 90
43 93
43 90
44 75
44 94
44 53
45 80
45 64
45 71
45 70
46 66
46 89
46 88
46 91
46 65
46 80
47 54
47 93
47 80
47 60
47 87
47 56
47 86
48 97
48 89
48 53
48 84
48 60
48 68
48 71
48 66
49 83
49 74
49 87
49 54
49 63
49 95
49 50
49 90
49 79
50 69
50 51
50 56
50 84
51 64
51 72
51 61
51 78
52 59
52 67
52 82
52 91
53 83
54 99
54 98
55 65
55 93
55 91
55 97
56 83
56 85
56 92
56 62
56 78
56 63
57 85
57 70
57 97
57 93
57 66
58 66
58 66
58 97
58 61
60 92
60 79
60 83
60 82
60 87
60 90
60 69
61 78
61 76
61 85
61 63
61 69
62 98
62 65
62 70
62 80
62 85
62 90
62 88
62 78
63 68
63 90
64 72
64 88
65 91
65 75
65 78
65 75
66 98
66 72
66 75
66 77
66 92
66 78
67 83
67 79
68 99
68 78
68 81
68 96
68 75
69 94
69 92
69 83
69 98
69 74
70 73
70 96
70 77
71 96
71 96
72 77
73 86
73 92
74 86
74 88
74 86
75 85
75 82
75 99
76 88
76 96
77 92
77 85
77 87
78 82
78 84
78 87
80 83
80 88
80 92
80 96
81 92
81 92
82 87
83 89
83 99
85 88
86 93
87 90
88 96
89 99
89 93
91 94
92 93
93 97
93 99
