0 58
0 20
0 44
0 56
0 45
0 6
0 22
0 42
0 2
0 69
1 21
1 9
1 37
1 2
1 26
1 84
1 94
1 8
1 90
1 23
1 38
1 87
2 62
2 34
2 47
2 88
2 45
2 41
2 37
2 54
2 89
2 45
3 80
3 15
3 40
3 98
3 12
3 84
4 27
4 54
4 31
4 69
4 89
4 90
4 56
4 23
4 16
5 32
5 8
5 36
5 13
5 10
5 11
5 33
5 88
5 64
5 88
5 74
5 23
6 83
6 50
6 27
6 58
6 79
6 60
6 75
6 96
6 64
6 69
7 87
7 23
7 19
7 77
7 86
7 65
8 73
8 32
8 79
8 36
8 90
8 76
9 53
9 28
9 82
9 64
9 67
9 15
9 97
9 21
9 16
9 79
10 18
10 21
10 26
10 89
10 15
10 61
10 16
10 68
11 19
11 30
11 93
11 64
11 80
11 83
11 23
11 60
11 16
11 39
11 88
12 68
12 56
12 49
12 34
12 32
12 88
12 24
12 40
12 92
13 79
13 44
13 94
13 58
13 60
13 53
13 50
13 60
13 60
13 15
14 88
14 30
15 68
15 60
15 89
15 67
15 21
15 19
15 40
15 77
15 35
16 41
16 98
16 30
16 92
16 92
16 31
16 97
17 18
17 38
17 87
17 64
17 46
17 96
17 99
17 97
18 29
18 54
18 88
18 98
18 62
18 79
18 28
18 22
18 82
18 26
18 76
19 39
19 23
19 61
19 45
19 81
19 28
19 36
19 46
19 29
19 52
19 53
20 96
20 69
20 22
20 24
20 70
20 98
20 43
20 53
20 24
20 24
20 88
20 93
20 75
20 87
21 84
21 62
21 97
21 51
21 69
21 90
21 54
21 35
21 34
22 82
22 70
22 65
22 45
22 90
22 93
22 91
23 80
23 37
23 64
23 71
24 62
24 36
24 41
25 41
25 38
25 56
25 33
25 80
25 41
25 55
25 55
25 64
26 77
26 91
26 54
26 72
26 29
27 61
27 51
27 76
27 58
27 87
28 59
28 51
28 77
28 97
28 70
28 74
28 64
28 36
28 87
29 59
29 41
29 56
29 67
29 86
30 90
30 56
30 66
30 44
30 50
30 55
30 67
30 82
30 53
30 77
30 61
31 35
31 71
31 47
31 96
31 60
31 76
31 63
31 47
32 40
32 82
32 57
32 68
32 78
32 44
32 77
32 79
32 92
32 45
32 38
32 89
32 62
32 53
33 88
33 69
33 80
33 96
33 43
34 53
34 95
34 97
35 86
35 39
35 72
35 42
35 69
35 80
35 62
36 47
36 76
36 78
36 97
36 59
36 65
36 75
36 66
36 65
37 67
37 87
37 77
37 52
37 85
37 63
38 70
38 76
38 66
38 95
38 46
38 98
39 53
39 81
39 90
39 54
39 73
39 47
40 56
40 89
40 93
40 82
41 69
41 76
41 84
41 64
42 90
42 56
42 61
42 94
43 90
43 78
43 99
43 76
43 57
43 76
43 72
43 72
43 56
44 62
44 67
44 89
44 73
44 80
44 63
45 57
45 98
46 66
46 76
46 51
46 67
46 96
47 82
47 60
47 54
47 57
47 78
48 69
48 54
48 56
48 95
48 50
49 97
49 79
49 73
49 61
49 88
49 89
50 65
50 58
51 84
51 71
51 65
51 95
51 68
51 78
51 99
51 87
52 94
52 88
52 80
52 73
52 99
53 79
53 59
53 94
53 56
53 74
53 77
53 63
54 72
54 68
55 83
55 87
56 75
56 71
56 92
56 76
56 62
57 67
57 75
57 80
58 62
58 86
58 90
59 66
59 83
59 70
59 85
59 80
59 66
60 98
60 62
60 91
60 83
61 94
61 72
61 86
61 65
62 77
62 94
62 87
62 80
62 66
63 96
63 69
63 85
63 94
63 65
63 65
63 83
64 82
64 71
64 96
64 98
65 76
66 68
66 72
67 69
67 71
67 69
67 96
67 96
67 84
68 74
69 85
69 79
70 83
70 93
70 96
71 98
71 92
71 91
71 79
72 85
72 80
72 73
72 78
73 98
73 86
74 76
74 75
74 88
74 88
74 93
75 78
75 79
75 93
76 96
76 83
76 94
76 84
76 98
77 96
77 86
80 94
82 90
82 97
83 88
83 98
84 87
84 96
85 93
87 89
87 90
87 96
88 89
89 97
89 90
89 92
89 99
90 92
92 99
92 94
94 99
95 96
