0 9
0 94
0 2
0 56
0 42
0 39
0 50
0 57
0 41
0 55
0 90
0 81
1 27
1 96
1 97
1 87
1 38
1 48
2 49
2 32
2 77
2 56
2 62
2 81
2 32
2 80
2 16
2 62
3 90
3 47
3 84
3 93
3 39
3 38
3 45
3 61
3 7
3 29
3 42
3 38
3 20
4 58
4 98
4 29
4 12
4 90
4 24
4 23
4 44
4 85
4 87
5 78
5 73
5 18
5 79
5 46
5 9
5 29
6 85
6 20
6 19
6 31
6 46
6 11
6 49
6 16
6 56
6 59
6 44
6 41
6 55
7 81
7 33
7 64
7 69
7 70
7 99
7 37
7 23
7 14
8 28
8 94
8 41
8 37
8 65
8 40
8 44
8 79
8 79
8 19
8 41
8 26
8 81
9 17
9 75
9 31
9 30
9 28
10 73
10 99
10 92
10 50
10 38
10 41
10 31
11 77
11 49
11 97
11 12
11 81
11 79
11 26
11 48
11 20
11 84
11 18
11 93
11 98
12 21
12 21
12 44
12 86
12 50
12 99
12 94
13 30
13 99
13 63
14 74
14 52
14 59
14 34
14 35
14 54
14 72
14 62
14 77
14 25
14 93
14 56
15 79
15 79
15 71
15 89
15 53
15 85
15 36
15 92
15 94
15 44
15 76
16 34
16 94
16 82
16 75
16 82
16 96
16 43
16 95
16 42
16 19
17 89
17 89
17 95
18 69
18 85
18 94
18 72
18 46
19 75
19 68
19 30
19 64
19 75
19 77
19 39
19 74
20 32
20 60
20 83
20 54
20 29
21 55
21 56
21 57
21 54
21 27
21 98
21 74
22 60
22 87
22 43
22 77
22 60
22 60
23 89
23 36
23 49
23 75
23 90
23 75
23 58
23 93
23 61
23 75
23 93
24 87
24 69
24 73
24 27
24 48
25 78
25 56
25 32
25 60
25 26
25 35
25 85
26 48
27 38
27 95
27 94
27 81
27 69
27 72
27 32
27 28
28 53
28 96
28 31
28 79
28 52
28 91
28 35
29 65
29 44
29 65
29 85
29 38
29 99
29 68
29 39
30 49
30 96
30 66
30 86
30 43
30 75
30 52
30 99
30 37
30 60
31 66
31 88
31 35
31 59
31 68
31 32
31 44
32 53
32 54
32 74
32 83
33 95
33 67
33 36
33 91
33 37
33 52
33 87
34 90
34 87
34 72
34 96
34 38
34 63
34 81
34 66
35 55
35 48
35 74
35 85
35 61
36 97
36 51
36 37
36 46
36 77
36 67
37 99
37 97
37 49
37 89
37 93
37 62
37 50
37 45
37 56
37 85
37 83
38 58
38 64
38 60
38 63
38 53
39 95
39 49
39 44
39 89
39 92
39 83
39 90
39 92
39 86
39 94
40 96
40 74
40 84
40 99
40 48
40 88
40 78
41 47
41 75
41 66
41 45
41 69
42 54
42 94
42 92
42 59
43 85
43 85
43 84
44 83
44 49
44 76
44 83
44 88
44 56
44 91
45 87
45 85
45 53
47 85
47 89
47 57
47 58
47 90
47 70
48 67
48 74
48 53
48 84
48 85
48 59
49 65
49 68
49 97
49 83
50 67
50 75
50 92
50 51
50 93
51 91
51 56
51 92
51 69
51 67
51 92
52 93
52 88
52 70
52 65
52 82
52 67
52 66
52 95
52 86
53 85
53 74
53 94
53 87
53 54
53 85
53 61
54 93
54 82
54 67
54 95
55 97
55 83
55 67
55 63
55 82
55 88
55 86
56 64
56 73
57 70
57 79
57 78
57 78
57 94
58 84
58 85
58 80
59 81
59 84
59 67
59 95
60 97
60 91
60 94
60 80
60 73
61 76
61 82
61 87
62 95
62 69
62 87
63 84
63 67
63 83
64 81
64 98
64 71
64 98
65 89
65 91
65 99
65 66
65 88
65 82
66 70
66 95
66 70
66 87
67 90
67 70
67 90
67 85
67 79
68 86
68 74
68 78
69 83
69 86
70 91
70 87
70 76
70 90
70 92
71 87
71 84
71 82
71 94
72 93
72 84
72 85
73 88
73 76
73 99
73 96
74 82
74 92
74 79
75 83
75 83
76 77
77 92
77 97
78 90
78 80
79 88
80 98
80 96
81 95
82 85
84 89
84 96
84 93
84 88
84 86
84 89
85 96
86 97
86 99
87 97
87 92
87 95
88 97
88 91
88 89
89 99
90 97
92 99
94 98
