0 80
0 58
0 56
0 8
0 59
0 30
0 48
1 29
1 94
1 55
1 23
2 20
2 43
2 15
2 53
2 72
2 58
2 90
2 12
2 66
2 14
3 9
3 33
3 99
3 80
3 13
3 32
3 20
3 22
3 19
4 31
4 38
4 45
4 12
4 51
4 11
4 20
4 28
4 89
4 91
4 37
4 37
4 86
4 88
4 28
5 81
5 81
5 47
5 28
5 93
5 35
5 95
5 58
5 13
5 15
6 15
6 8
6 86
6 95
6 64
6 48
6 90
7 38
7 68
7 58
7 27
7 66
7 31
7 77
7 77
8 95
8 12
8 29
8 31
8 48
8 12
8 54
8 35
8 54
8 70
8 29
8 45
8 76
9 82
9 94
9 21
9 75
9 20
9 47
9 18
9 76
9 18
10 67
10 24
10 56
10 33
10 25
10 60
10 74
10 28
10 11
10 98
10 66
10 15
10 15
10 90
10 87
10 13
10 72
11 71
11 47
11 67
11 95
11 13
11 60
11 50
11 36
11 59
11 54
12 50
12 48
12 87
12 27
12 40
12 63
13 21
13 47
13 48
13 93
13 84
13 71
13 54
13 65
13 59
13 99
13 74
13 35
13 89
14 84
14 36
15 65
15 56
15 50
15 80
15 49
15 22
15 18
15 73
16 35
16 57
16 95
16 86
16 23
16 17
16 56
16 23
17 29
17 65
17 65
17 26
18 42
18 48
18 99
18 28
18 30
18 85
18 30
19 57
19 86
19 63
19 89
19 38
19 62
19 98
19 37
20 57
20 50
20 60
20 68
20 41
20 50
20 78
20 88
20 76
20 64
20 30
21 51
21 69
21 56
21 53
21 59
21 31
21 40
21 38
21 67
21 68
21 74
21 34
21 74
22 77
22 35
22 65
22 43
22 72
22 35
22 48
22 90
22 85
22 93
22 25
23 34
23 58
23 89
24 70
24 67
24 77
24 73
24 34
24 72
25 89
25 82
25 37
25 97
25 75
25 92
25 55
26 57
26 39
26 52
26 81
26 56
26 98
26 83
27 43
27 59
27 87
27 33
28 95
28 47
28 53
28 40
28 64
28 97
28 86
28 69
28 40
29 50
29 41
29 35
29 53
29 94
29 85
29 95
29 36
29 33
30 89
30 59
30 90
30 91
30 61
30 58
30 66
30 55
31 87
31 70
31 84
31 98
31 44
31 79
31 43
31 72
31 78
31 44
32 89
32 52
32 53
32 35
32 49
33 34
33 39
33 90
33 95
33 62
34 64
34 78
34 89
34 73
34 48
34 75
34 43
34 45
34 45
34 58
34 95
35 80
35 67
35 86
35 65
35 47
35 36
35 43
35 42
35 49
36 48
36 96
36 97
36 47
36 37
36 97
36 84
36 75
37 83
37 83
37 49
37 61
37 66
37 52
37 57
37 44
37 97
38 99
38 77
38 94
38 59
38 56
38 57
39 43
39 71
39 41
39 92
40 86
40 98
40 65
40 90
41 48
41 57
41 44
42 92
42 66
42 95
42 97
43 67
44 49
44 90
44 52
44 69
45 97
45 60
45 90
45 72
45 80
45 74
45 88
45 88
46 93
46 74
46 89
46 97
46 51
46 55
46 81
46 78
46 86
46 89
46 91
46 65
47 71
47 79
47 80
47 51
48 85
48 97
48 80
48 56
49 72
49 85
49 57
49 85
49 97
49 83
49 98
50 69
50 91
50 68
50 83
52 92
52 56
52 85
52 81
52 55
53 90
54 80
54 61
54 63
54 74
55 80
55 61
55 83
55 79
56 65
56 62
56 77
56 79
56 76
57 64
57 80
57 75
57 91
58 95
58 65
59 77
59 77
59 65
60 63
60 76
60 71
60 94
61 75
61 71
61 75
61 76
61 81
61 67
61 89
61 72
62 99
62 71
62 73
62 78
62 94
62 71
62 85
62 84
63 64
63 82
63 98
63 81
63 73
63 65
63 86
64 77
64 86
64 83
64 83
64 97
65 77
65 91
66 96
66 91
66 71
66 75
66 80
67 69
67 91
67 90
67 95
68 92
68 94
68 88
69 86
70 91
70 93
70 90
71 78
71 91
72 99
72 73
72 93
72 73
73 79
73 95
73 86
73 76
74 76
74 94
75 82
75 92
76 79
76 93
77 79
77 94
77 96
78 97
78 81
79 85
79 93
79 99
79 81
79 84
81 89
82 90
83 86
83 92
86 92
89 97
89 94
89 92
90 98
91 97
94 96
