0 19
0 56
0 44
0 88
0 85
0 71
0 99
0 11
0 21
0 1
0 95
0 84
0 6
0 78
0 48
0 24
1 96
1 35
1 26
1 98
1 58
1 15
1 36
1 97
1 2
1 56
2 39
2 56
2 75
2 79
2 74
2 64
2 25
2 17
2 75
2 58
2 33
3 69
3 66
3 66
3 6
3 17
3 55
3 60
3 92
3 85
3 64
3 37
4 5
4 19
4 30
4 9
4 89
4 82
4 81
5 20
5 73
5 73
5 45
5 19
5 82
5 96
6 12
6 42
6 40
6 37
6 47
6 54
7 93
7 19
7 41
7 62
7 31
7 49
7 48
7 94
8 22
8 26
8 59
8 66
8 49
8 9
8 34
9 23
9 59
9 14
9 17
9 82
9 55
9 59
9 45
9 98
10 90
10 82
10 48
10 22
10 57
10 29
10 60
10 82
10 67
10 92
10 37
10 88
11 35
11 86
11 86
11 42
11 23
11 34
12 68
12 39
12 63
12 16
12 59
12 73
12 66
12 91
12 17
12 66
12 77
12 30
13 22
13 28
13 27
13 45
13 87
13 21
13 72
14 43
14 40
14 54
14 45
15 19
15 50
15 89
15 50
15 54
16 18
16 33
16 61
16 65
16 36
16 57
16 29
16 74
16 49
16 56
16 32
16 88
16 91
16 78
17 55
17 21
17 90
17 94
17 61
17 21
17 30
17 83
18 59
18 37
18 54
18 59
18 53
18 95
18 48
19 90
19 83
19 81
19 45
19 98
19 92
20 72
20 40
20 91
20 69
20 30
20 51
20 95
20 35
21 49
21 85
21 69
21 76
21 42
21 69
22 68
22 52
22 73
23 32
23 97
23 48
24 88
24 88
24 76
24 82
24 38
24 97
24 59
24 26
24 88
24 38
24 43
24 62
25 39
25 54
25 52
25 28
25 64
25 57
25 55
25 73
25 73
25 41
25 43
26 87
26 86
26 86
26 77
26 94
26 60
26 99
26 32
27 48
27 46
27 55
27 94
27 33
27 33
27 50
27 72
27 87
27 63
27 38
28 62
28 44
28 64
28 32
28 74
28 40
28 67
28 41
28 92
28 97
29 44
29 78
29 75
29 97
29 83
29 89
29 73
29 93
29 77
30 49
30 88
30 65
30 33
30 43
30 91
30 63
30 61
31 38
31 43
31 68
31 44
31 55
31 32
31 43
31 37
31 56
31 56
32 63
32 42
32 86
32 99
32 42
32 51
32 59
33 50
33 47
33 82
33 88
33 80
33 97
33 68
33 83
33 89
33 63
33 82
34 77
34 79
34 92
34 49
35 73
35 53
35 47
36 90
36 77
36 61
36 74
36 63
36 48
37 64
37 51
37 77
37 48
37 55
37 45
37 85
38 43
38 81
38 98
38 69
38 71
39 74
39 98
39 52
39 45
39 91
39 62
39 90
39 67
40 88
40 77
40 67
40 97
40 82
40 96
40 46
40 62
41 43
41 91
41 43
41 81
41 60
41 44
41 45
41 81
42 53
42 78
42 68
42 58
42 91
42 60
42 95
43 92
43 89
43 68
43 48
43 98
44 58
44 80
44 84
44 81
44 59
44 52
44 48
45 87
45 60
45 53
45 76
45 93
45 98
45 69
46 66
46 53
46 71
46 54
47 64
47 54
47 99
47 93
47 76
47 57
47 88
47 95
48 50
48 86
48 76
48 54
48 61
49 63
49 88
49 69
49 88
50 70
50 83
50 70
51 93
51 92
51 86
51 52
51 78
51 75
52 85
52 84
52 84
52 72
53 63
53 64
53 77
53 87
53 61
53 85
53 99
54 58
54 59
54 78
55 86
55 60
55 88
55 75
56 95
56 78
56 57
56 94
56 91
56 93
56 75
57 63
57 74
57 81
57 89
58 77
58 94
58 92
58 66
58 76
59 86
60 69
60 72
60 94
60 88
60 64
60 77
61 91
62 64
62 63
62 73
63 76
63 78
63 65
63 94
64 66
64 87
64 98
64 93
65 71
65 87
66 99
67 99
67 88
67 85
67 94
67 98
68 96
69 71
69 94
69 97
69 78
69 78
71 77
71 79
71 80
72 74
72 76
75 88
75 89
75 77
76 77
77 94
77 83
79 82
79 88
79 90
79 84
79 96
80 91
81 85
82 91
82 95
83 94
83 90
85 93
86 89
86 90
86 87
87 94
88 93
88 89
88 96
88 95
90 96
91 93
91 94
92 99
95 97
98 99
98 99
