0 49
0 89
0 41
0 64
0 43
0 11
0 42
1 43
1 12
1 42
1 15
1 68
1 69
1 2
1 36
1 91
1 70
1 44
1 27
1 35
2 38
2 81
2 69
2 87
2 33
2 17
2 46
2 64
3 26
3 17
3 61
3 23
3 27
3 98
3 60
4 44
4 77
4 95
4 6
4 99
4 5
4 48
4 26
4 97
4 33
4 12
4 32
4 86
4 10
4 27
5 38
5 17
5 83
5 62
5 21
5 30
5 39
6 87
6 40
6 72
6 95
6 14
6 33
6 23
6 58
6 61
6 67
6 49
6 21
6 29
6 32
7 52
7 34
7 58
7 50
7 36
7 86
8 51
8 23
8 75
8 45
8 81
8 51
8 67
8 77
8 87
8 73
8 92
9 21
9 51
9 20
9 74
9 84
9 78
9 30
9 38
9 94
9 80
10 52
10 38
10 59
10 94
10 81
10 62
10 17
10 35
10 81
10 88
10 43
10 31
10 40
11 71
11 32
11 14
11 47
11 76
11 20
11 46
11 38
11 95
12 68
12 87
12 75
12 41
12 51
12 23
12 26
13 92
13 66
13 22
13 73
13 67
13 66
13 81
13 55
14 72
14 94
14 18
14 50
14 85
14 62
14 87
14 35
14 58
14 31
15 26
15 92
15 16
16 30
16 43
16 69
16 77
16 33
16 54
16 96
16 53
16 35
17 28
17 93
17 92
17 68
17 95
17 88
17 47
18 23
18 59
18 80
18 54
18 29
18 83
18 55
19 89
19 67
19 65
19 52
19 84
19 61
19 61
19 82
20 87
20 39
20 45
20 60
21 31
21 52
21 57
21 74
21 49
21 55
21 94
21 89
21 97
21 36
21 65
21 72
21 73
21 37
22 78
22 48
22 23
22 92
22 33
22 76
23 75
23 35
23 69
23 73
24 81
24 98
24 42
24 72
24 61
24 28
24 95
24 58
24 74
24 26
25 63
25 60
25 31
25 83
25 38
25 45
25 77
25 64
25 97
25 58
25 69
25 75
26 65
26 48
26 65
26 34
26 82
26 56
26 65
26 66
27 85
27 30
27 44
27 43
27 62
28 60
28 59
28 33
28 52
28 53
29 53
29 64
29 96
29 46
29 84
29 53
29 55
30 88
30 94
30 96
30 74
30 77
31 65
31 59
31 38
31 53
31 90
31 82
31 55
31 65
31 81
32 35
32 96
32 41
32 44
32 86
32 65
32 83
32 70
32 93
32 89
33 85
33 75
33 41
33 94
34 59
34 64
34 81
34 82
34 89
34 66
35 56
35 82
35 93
36 76
36 79
37 75
37 78
37 76
37 59
37 89
38 99
38 59
38 72
38 60
38 50
38 68
38 47
38 97
38 72
39 84
39 69
39 48
39 94
39 62
39 61
39 51
39 99
39 94
39 59
40 73
40 51
40 54
40 62
40 69
40 87
40 69
40 90
41 90
41 61
42 45
42 66
42 70
43 49
43 44
43 60
43 96
43 49
43 84
44 47
44 79
44 71
44 90
44 49
44 65
45 51
45 46
45 68
46 68
46 85
46 76
46 73
46 68
46 85
46 87
47 93
47 88
47 94
47 65
48 54
48 87
48 81
48 65
49 73
49 83
49 54
49 85
49 80
50 65
50 64
50 95
50 67
50 95
50 91
51 75
51 66
51 93
52 98
52 81
52 91
53 86
53 63
53 78
53 97
54 93
54 66
55 84
55 92
55 60
55 65
55 77
55 91
55 90
55 66
55 63
56 99
56 87
56 94
56 79
56 77
57 88
57 60
57 69
57 88
57 72
57 84
57 71
57 73
58 83
58 66
58 73
58 68
59 65
59 68
59 82
59 79
60 61
60 61
60 68
60 61
61 85
61 75
62 91
62 65
62 83
63 94
63 85
63 90
63 65
65 86
65 74
65 88
65 74
65 72
65 77
66 78
66 72
66 84
66 97
66 70
66 89
66 71
67 85
67 93
67 76
67 86
67 95
68 69
68 95
68 77
69 70
69 88
69 80
70 92
70 91
70 96
71 89
71 97
71 98
71 86
72 88
72 96
72 88
73 76
73 90
73 95
74 81
74 95
74 97
75 80
75 96
75 90
75 83
76 88
77 97
78 96
78 99
78 92
79 80
79 93
81 90
82 94
82 93
82 97
82 95
82 95
82 94
83 85
83 91
83 88
83 98
85 89
85 99
85 90
86 89
86 97
87 90
87 90
87 90
90 91
90 98
92 98
95 97
