0 81
0 3
0 16
0 93
0 74
0 47
0 33
0 34
0 61
0 50
0 68
0 12
0 42
0 7
0 25
1 95
1 44
1 67
1 82
1 61
1 46
1 87
1 4
1 81
2 49
2 76
2 18
2 96
2 60
2 79
2 74
2 91
2 12
2 46
2 7
2 7
3 28
3 73
3 61
3 28
3 65
3 25
3 36
3 44
3 90
3 32
3 61
3 88
3 79
3 90
3 52
4 49
4 23
4 73
4 57
4 99
4 71
4 83
4 39
4 50
4 15
5 68
5 20
5 58
5 94
5 10
5 42
5 94
5 25
5 40
6 23
6 52
6 71
6 27
6 44
6 33
6 87
6 35
6 9
6 87
6 92
7 22
7 30
7 75
7 85
7 14
7 94
7 57
7 67
7 49
8 91
8 30
8 16
8 48
8 42
8 29
8 10
8 60
9 64
9 18
9 45
9 86
9 86
9 65
9 84
9 30
10 98
10 49
10 19
10 70
10 16
10 95
10 21
10 73
10 49
10 20
10 88
10 13
10 98
11 47
11 90
11 55
11 95
11 72
11 53
11 39
11 79
12 44
12 43
12 78
12 61
12 97
12 53
12 77
12 64
13 52
13 34
13 59
13 35
13 33
14 50
14 52
14 21
14 51
14 80
14 66
14 23
14 25
15 26
15 82
15 44
15 61
15 86
15 56
15 46
16 99
16 72
16 88
16 45
16 97
16 37
16 31
16 76
16 78
16 65
16 72
17 80
17 97
17 57
17 81
17 78
17 89
17 68
17 96
17 48
18 41
18 39
18 99
18 30
18 20
18 29
18 53
18 97
18 78
18 31
18 85
18 99
19 95
19 20
19 72
19 60
19 22
19 95
19 30
19 21
19 74
19 46
19 65
19 64
19 24
19 58
20 69
20 30
20 74
20 24
21 95
21 81
21 44
22 69
22 41
22 87
22 75
22 32
23 81
23 58
23 47
23 50
23 33
23 42
23 64
23 60
23 35
24 81
24 90
24 60
24 82
24 25
24 61
25 71
25 37
25 98
25 82
26 78
26 84
26 92
26 95
26 88
27 87
28 91
28 71
28 76
28 41
28 29
28 38
28 79
28 72
28 66
28 38
29 78
29 96
29 33
29 94
29 62
29 50
30 46
30 50
30 97
30 56
30 80
30 62
30 79
31 95
31 39
31 75
31 72
31 32
31 81
31 47
31 64
32 34
32 33
32 51
32 53
32 84
32 39
32 46
32 60
32 57
32 59
33 49
33 93
33 86
33 80
33 67
33 77
33 49
33 89
33 96
34 72
34 54
34 69
34 58
34 68
34 74
34 79
34 49
34 87
35 64
35 77
35 75
35 86
36 83
36 41
36 39
36 86
36 50
36 54
37 74
37 59
37 75
37 54
37 83
37 95
37 71
37 63
38 52
38 45
38 55
38 85
38 60
38 79
39 72
39 43
39 41
39 66
39 92
40 47
40 95
40 52
40 73
40 84
40 66
40 44
41 57
41 74
41 82
41 75
42 90
42 46
42 53
42 51
43 62
43 61
43 61
43 86
44 53
44 77
44 73
44 61
44 53
44 46
44 47
45 53
45 52
45 82
45 56
46 84
46 94
46 71
46 71
46 59
46 79
47 73
47 70
47 91
47 64
47 67
47 75
48 70
48 75
48 54
48 91
48 76
48 50
49 59
49 80
49 67
49 93
50 59
50 59
50 90
50 97
50 91
51 78
51 98
51 91
51 79
51 85
52 74
52 54
52 74
52 98
52 91
53 99
53 55
53 56
53 76
53 78
53 73
53 78
53 75
54 80
54 61
54 89
54 79
54 71
55 78
55 78
55 99
55 65
55 57
55 74
55 82
56 99
56 59
56 95
56 75
57 61
57 71
57 90
58 70
59 67
59 86
60 76
60 67
60 88
60 73
60 85
61 96
61 86
62 73
62 83
62 99
62 96
63 70
63 98
63 95
63 84
63 67
64 71
64 82
64 71
65 90
66 91
66 89
66 98
66 68
66 76
66 75
67 68
67 84
67 97
67 82
68 87
69 84
69 95
69 91
70 90
71 96
71 88
72 90
73 89
73 86
73 91
73 82
74 89
75 93
75 88
76 94
76 87
76 90
76 79
77 97
77 80
77 90
78 79
78 97
79 87
80 84
81 93
82 90
82 89
82 92
82 86
85 92
85 96
85 98
85 91
87 88
87 95
89 91
89 93
92 93
94 99
94 98
94 95
95 97
95 96
95 96
96 99
