0 51
0 75
0 14
0 47
0 56
0 26
0 91
0 14
0 94
0 48
0 19
0 60
0 34
1 34
1 50
1 4
1 15
1 63
2 91
2 60
2 18
2 96
2 17
2 79
2 76
2 71
2 61
2 54
2 23
2 6
3 66
3 63
3 28
3 9
3 78
3 81
3 8
3 73
3 86
3 22
3 67
3 17
3 67
4 6
4 32
4 41
4 35
4 67
4 37
4 30
4 69
4 9
5 80
5 69
5 91
5 80
5 84
5 40
5 18
5 41
5 76
5 93
5 41
5 80
5 64
5 21
6 50
6 61
6 90
6 93
6 24
6 50
6 78
6 87
6 78
7 44
7 42
7 57
7 74
7 72
7 84
8 76
8 85
9 45
9 12
9 71
9 64
9 16
9 83
9 14
9 88
9 68
9 82
9 95
9 93
9 90
9 65
9 90
10 60
10 97
10 53
10 90
10 78
10 56
10 86
10 62
10 38
11 66
11 93
11 59
11 55
11 67
11 14
11 94
11 35
11 77
12 56
12 40
12 19
12 91
12 16
12 76
12 28
12 67
12 88
12 21
13 33
13 60
13 54
13 74
13 62
13 95
13 62
14 26
14 97
14 52
14 64
14 17
14 59
14 58
14 72
15 20
15 73
15 84
15 53
15 42
15 20
15 57
15 75
15 89
15 80
15 27
15 43
16 27
16 53
16 95
16 61
16 24
16 68
16 90
16 30
17 42
18 82
18 67
18 41
18 68
18 37
18 22
18 58
19 38
19 92
20 83
20 66
20 46
20 52
20 21
20 47
20 72
20 97
20 59
20 99
20 30
20 53
21 49
21 44
21 52
21 77
21 99
21 51
21 56
21 70
21 58
22 90
22 97
22 82
22 23
22 44
22 43
22 64
22 26
22 88
22 50
23 94
23 45
23 91
23 93
23 55
23 36
23 53
23 58
23 37
23 95
23 89
23 50
23 28
24 62
24 93
24 51
24 72
24 95
24 64
24 70
24 78
24 92
24 70
24 26
24 57
25 71
25 31
25 37
25 64
25 28
26 52
26 87
26 93
26 55
26 61
26 76
26 93
27 72
27 31
27 46
27 88
28 80
28 84
28 39
28 80
28 85
29 40
29 66
29 73
29 88
29 66
29 43
29 42
29 79
30 50
30 81
30 52
31 60
31 92
31 96
31 90
31 96
31 88
31 66
31 84
31 77
31 59
31 82
31 37
31 75
32 38
32 59
32 49
32 67
33 54
33 67
33 94
33 38
34 86
34 92
34 41
34 50
35 46
35 44
35 54
35 94
35 77
35 95
35 57
35 90
36 52
36 85
36 88
36 74
36 37
36 47
36 50
37 65
37 70
37 71
37 51
37 93
37 99
37 72
38 77
38 85
38 81
38 87
39 94
39 82
39 87
39 50
39 77
39 73
39 58
39 63
40 72
40 94
40 73
40 61
40 41
40 60
40 78
40 72
40 92
40 48
40 83
41 59
41 73
41 82
41 68
41 61
42 68
42 94
42 47
42 46
42 90
42 47
42 77
42 88
42 53
43 69
43 65
44 70
44 48
44 48
44 46
45 49
45 67
45 63
45 61
45 92
45 73
46 94
46 61
46 78
46 57
46 57
46 99
47 62
47 78
47 56
47 95
47 68
47 87
48 96
48 90
48 52
49 83
50 78
50 87
50 61
50 57
50 60
51 72
51 64
51 77
51 93
51 91
51 53
52 73
52 61
52 72
52 55
52 56
53 85
53 85
53 68
53 68
53 67
53 78
54 98
54 79
54 66
54 70
54 99
55 73
55 95
55 76
55 62
55 96
56 59
56 93
56 81
56 94
56 67
57 77
57 79
57 58
57 87
57 77
57 79
58 76
58 92
58 95
58 96
58 69
58 63
58 61
59 81
59 90
59 84
59 97
59 79
59 76
59 84
59 71
60 84
60 88
60 89
60 75
61 97
61 70
61 94
61 65
61 72
62 95
62 98
62 66
63 68
63 74
63 88
64 70
64 67
65 77
65 74
65 67
65 87
66 82
66 69
66 82
67 70
67 73
68 91
69 91
70 81
71 87
71 74
71 80
71 82
71 98
72 94
72 95
72 80
72 86
74 93
74 91
74 83
74 75
75 88
75 77
76 93
77 81
77 83
78 96
79 91
80 85
80 90
80 81
81 97
82 88
82 93
83 87
84 99
84 87
84 88
86 98
86 89
86 93
87 95
88 91
88 96
89 93
89 98
90 98
91 96
93 98
93 96
