0 67
0 42
0 22
0 2
0 97
0 97
0 27
0 56
0 83
0 18
1 45
1 26
1 75
1 90
2 94
2 96
2 19
2 5
2 31
2 12
2 23
2 10
3 47
3 92
3 7
3 64
3 89
3 33
4 83
4 41
4 51
4 85
4 97
4 14
4 53
4 26
5 28
5 41
5 90
5 42
5 86
5 10
5 98
5 33
5 14
5 8
5 51
5 89
6 37
6 66
6 21
6 19
6 16
6 71
6 75
7 33
7 87
7 27
7 55
7 64
7 19
7 48
7 97
7 55
7 45
7 26
7 14
8 38
8 67
8 35
8 61
8 43
8 15
8 36
9 44
9 21
9 78
9 11
9 22
9 35
9 17
9 21
9 91
10 13
10 79
10 52
10 54
10 24
10 64
10 18
10 90
10 92
10 70
10 73
10 87
10 73
10 32
10 39
10 47
10 58
11 24
11 70
11 87
11 74
11 74
11 55
11 53
11 58
11 59
11 30
11 42
11 24
12 18
12 82
12 91
12 80
12 99
13 70
13 79
13 28
13 80
13 21
13 79
13 79
13 27
13 69
13 58
13 83
14 50
14 77
14 72
14 71
14 36
14 68
15 53
15 80
15 23
15 76
15 55
15 32
15 47
15 54
15 65
16 32
16 17
16 46
16 18
16 67
16 52
16 99
17 67
17 49
17 86
17 48
17 55
17 46
17 25
17 49
18 47
18 89
18 73
18 60
18 49
18 72
18 72
18 40
18 73
18 78
18 84
18 88
18 85
18 92
19 57
19 45
19 73
19 36
19 30
19 55
19 29
19 92
19 89
19 96
20 81
20 52
20 40
20 37
20 55
20 84
20 53
21 22
21 96
21 35
21 52
21 81
22 51
22 77
22 48
22 32
22 79
22 79
22 89
22 43
23 64
23 72
23 84
23 85
23 80
23 38
23 73
23 93
23 60
24 45
24 36
24 96
24 61
24 82
24 93
24 57
25 80
25 65
25 40
25 70
25 88
25 40
25 96
26 86
26 28
26 42
26 82
26 84
26 47
26 82
26 73
26 85
26 83
27 29
27 40
27 28
27 52
27 90
27 58
27 35
28 31
28 94
28 91
28 97
28 82
28 41
28 68
28 87
29 31
29 72
29 68
29 32
29 84
29 38
29 37
29 44
30 97
30 80
30 74
30 80
30 45
30 67
31 75
31 44
31 39
31 62
31 35
32 70
32 91
32 91
32 78
32 68
32 93
32 60
32 43
32 41
33 46
33 47
33 39
33 40
33 77
33 36
33 63
34 81
34 95
34 50
34 48
34 61
35 62
36 71
36 83
36 40
36 69
36 73
36 59
36 91
36 59
37 53
37 74
37 42
38 89
38 73
38 55
38 49
38 70
38 53
38 84
38 65
38 46
38 69
39 83
39 65
39 87
39 59
39 72
39 47
39 47
40 47
40 57
40 92
41 70
41 77
41 87
41 84
41 77
41 92
42 94
42 90
42 99
43 51
43 60
43 73
43 97
43 73
43 84
43 83
43 65
44 87
44 48
44 74
44 78
44 94
45 98
45 66
45 58
45 46
45 82
45 78
46 72
46 55
46 83
46 90
46 76
47 67
47 58
47 91
47 54
47 98
48 89
48 56
48 51
48 65
48 94
49 74
49 95
49 70
49 83
49 57
49 72
49 87
49 66
50 51
50 92
50 63
50 57
50 52
50 92
50 73
50 87
50 87
50 71
51 62
51 53
51 89
51 74
51 61
52 86
52 57
52 81
52 92
52 65
53 76
53 81
53 97
53 65
53 80
53 81
54 59
54 86
54 89
54 68
54 85
55 60
55 83
55 81
56 59
56 95
57 61
57 70
57 82
57 65
57 94
57 99
57 75
57 80
58 94
58 70
58 61
58 95
58 77
59 61
60 64
60 78
60 85
61 63
61 99
61 93
61 95
62 69
63 98
63 69
63 94
63 98
63 92
64 71
64 93
64 92
65 87
65 83
65 79
66 99
66 90
67 73
67 84
68 92
68 78
68 78
68 81
68 99
68 89
69 92
69 94
69 76
70 71
70 90
70 92
71 77
71 98
71 94
71 95
72 82
72 90
72 93
72 81
72 90
73 99
73 91
73 90
73 86
74 81
74 82
76 87
76 81
77 96
78 80
78 92
78 90
78 89
79 87
80 91
80 97
80 82
81 91
81 98
84 93
84 93
85 91
85 96
86 91
88 89
88 90
89 91
90 91
91 94
92 98
93 94
94 99
98 99
