0 81
0 51
0 65
0 45
0 12
0 90
0 62
0 27
0 96
1 2
1 34
1 37
1 95
1 43
2 66
2 89
2 84
2 49
2 44
2 91
3 84
3 35
3 10
3 28
3 54
3 75
3 57
3 61
3 20
3 36
3 37
3 48
3 96
4 30
4 95
4 11
4 95
4 5
4 32
4 14
4 14
4 28
5 35
5 63
5 61
5 10
6 23
6 51
6 73
6 19
7 74
7 34
7 62
7 92
7 97
7 27
7 86
8 88
8 38
8 59
8 47
8 19
8 24
8 40
8 69
8 34
8 91
8 14
8 63
8 93
8 93
8 40
9 89
9 35
9 30
9 94
9 26
9 65
9 49
9 57
9 79
9 90
9 22
10 23
10 65
10 64
10 46
10 71
10 20
10 59
10 61
10 25
11 34
11 73
11 24
11 23
11 34
11 27
11 70
11 24
11 75
11 63
12 56
12 61
12 16
12 99
12 93
12 91
12 90
12 90
12 32
12 23
12 53
12 64
12 66
12 38
12 29
12 95
13 87
13 51
13 72
13 24
13 41
13 82
13 72
14 96
14 96
14 93
14 91
14 94
14 67
14 62
14 77
14 44
15 69
15 70
15 56
15 97
15 69
15 95
15 79
15 86
15 17
15 48
15 49
15 96
16 72
16 90
16 93
16 66
16 83
16 66
16 38
16 35
16 25
16 41
17 69
17 74
17 81
17 30
17 29
17 90
17 81
17 31
18 30
18 65
18 29
18 68
18 42
18 43
18 51
18 41
18 69
19 84
19 87
19 90
19 93
19 50
19 47
19 29
19 74
19 22
19 83
19 41
19 44
20 30
20 93
20 87
20 80
20 52
20 61
20 40
20 37
20 28
20 33
20 86
20 98
21 71
21 51
21 86
21 76
21 35
21 40
21 82
21 59
21 46
21 78
21 69
21 32
21 22
21 82
21 91
22 93
22 60
22 81
22 24
22 33
22 77
22 37
23 57
23 44
23 80
23 97
23 70
23 88
23 31
23 42
23 91
24 59
24 82
24 82
24 71
25 91
25 48
25 56
25 59
25 57
25 50
25 30
26 72
26 85
26 56
26 98
26 60
26 62
26 31
26 85
27 96
27 54
27 33
27 81
27 59
27 47
27 37
27 45
27 57
28 97
28 56
28 31
28 79
28 91
28 60
29 62
29 79
29 65
29 82
29 91
29 89
29 99
30 87
30 73
30 47
30 60
30 44
31 70
31 93
31 97
31 40
32 87
32 40
32 53
32 35
32 43
32 40
33 98
33 35
33 54
33 94
33 56
33 89
33 43
33 93
34 52
34 93
34 61
34 54
34 60
34 39
34 67
35 49
35 49
36 37
36 45
36 46
36 68
36 38
36 84
36 98
37 73
37 44
37 81
37 91
38 72
38 86
38 77
38 43
38 49
38 91
39 44
39 96
39 75
40 58
40 80
40 88
40 93
40 47
40 66
40 86
40 71
41 67
41 45
41 57
41 95
42 56
42 79
42 79
42 68
43 49
43 76
43 98
43 90
43 91
43 79
44 58
44 69
44 95
44 85
44 67
44 67
44 53
44 61
44 89
44 71
44 55
44 50
44 73
45 71
45 62
45 99
45 59
45 74
45 67
45 53
46 60
46 79
46 86
46 92
46 54
46 60
47 68
47 74
47 86
47 85
47 71
47 83
47 82
47 83
47 55
48 83
48 84
48 84
48 49
48 55
49 55
49 63
49 92
50 72
50 91
50 99
50 99
50 67
51 92
52 87
52 57
52 57
53 78
53 76
53 56
53 69
54 59
54 90
54 64
54 64
55 80
55 96
56 92
56 81
56 84
56 81
56 76
57 99
57 67
57 94
58 85
58 62
58 64
59 60
59 82
60 73
60 93
61 86
61 79
61 98
61 99
62 63
62 76
62 74
63 66
63 64
63 86
64 92
64 97
65 74
65 87
65 69
65 82
65 99
66 71
66 73
66 78
66 80
66 86
67 97
67 97
67 77
67 73
67 78
68 95
68 83
68 92
68 92
69 93
69 98
69 89
69 74
69 82
70 91
71 81
71 95
71 81
71 80
71 99
71 80
72 93
73 77
75 91
75 77
75 85
75 82
76 81
76 91
77 86
77 92
77 79
77 93
78 95
78 84
78 82
81 97
81 86
81 82
82 98
82 84
85 94
85 90
85 92
86 94
86 90
86 96
87 99
87 96
87 92
87 98
88 92
89 94
89 95
89 95
90 98
91 98
92 98
