0 62
0 79
0 44
0 85
0 79
0 35
0 13
0 50
0 50
0 73
0 23
1 78
1 12
1 26
1 60
1 79
2 25
2 77
2 60
2 96
2 61
2 93
2 98
2 84
2 34
2 28
3 66
3 57
3 63
3 97
3 91
3 45
3 34
3 47
3 4
3 79
3 20
4 37
4 52
4 29
4 30
4 40
4 82
5 44
5 66
5 93
5 10
5 45
5 83
6 68
6 74
6 86
6 22
6 26
6 39
6 63
6 61
6 22
7 78
7 23
7 23
7 36
7 10
7 83
7 11
7 70
7 9
7 54
7 57
7 29
7 66
7 82
7 86
7 24
7 24
7 74
7 80
8 65
8 46
8 17
8 16
8 64
8 30
9 82
9 34
9 47
9 93
9 24
9 10
9 29
9 37
9 49
9 83
9 49
10 43
10 52
10 82
10 68
10 97
10 25
10 46
10 56
10 24
10 63
11 41
11 40
11 41
11 32
11 17
11 17
11 54
11 16
11 14
12 89
12 70
12 67
12 91
12 42
12 54
13 43
13 42
13 73
13 80
13 66
13 25
13 93
13 98
13 49
13 33
13 52
14 98
14 88
14 25
14 29
14 55
14 25
14 99
14 86
14 90
14 44
14 64
14 77
14 26
14 66
14 23
15 20
15 73
15 87
15 45
16 59
16 39
16 29
16 58
16 20
16 72
16 42
16 88
16 87
16 71
16 35
17 96
17 56
17 71
17 26
17 77
17 67
18 44
18 78
18 32
18 45
18 35
18 27
18 44
18 40
19 45
19 60
19 83
19 95
19 25
19 22
20 82
20 78
20 35
20 32
20 87
20 21
20 58
21 70
21 61
21 42
21 76
21 36
21 22
21 31
21 44
22 68
22 90
22 27
22 59
22 72
22 79
22 97
23 26
23 58
23 69
23 90
23 44
23 67
23 84
23 26
23 53
23 53
23 97
23 59
24 38
24 78
24 62
24 29
24 68
24 34
24 53
25 89
25 86
25 59
25 41
25 87
25 50
25 39
25 93
25 87
26 88
26 74
26 42
26 32
26 64
26 69
26 44
26 34
26 54
26 36
26 45
27 77
27 64
27 55
27 37
27 41
27 83
27 82
27 51
27 77
27 91
27 92
28 80
28 86
28 30
28 67
28 91
28 68
29 32
29 87
29 38
29 70
29 46
29 73
29 83
29 43
30 58
30 86
30 31
30 89
30 87
30 45
30 92
30 44
30 32
30 81
30 39
30 40
30 75
30 46
31 98
31 75
31 41
31 56
31 72
31 53
31 85
32 73
32 33
32 72
32 91
32 82
33 66
33 64
33 66
33 73
33 61
34 42
34 63
35 59
35 77
35 55
35 77
35 96
35 77
36 48
36 80
37 94
37 53
37 47
37 91
37 72
38 85
38 53
38 55
39 77
39 98
39 54
39 79
39 70
39 42
39 45
39 58
40 69
40 61
40 58
40 88
40 49
40 93
41 43
41 81
41 82
42 66
42 68
42 66
42 68
43 71
43 48
43 71
43 59
44 75
44 89
44 89
44 86
45 65
45 86
45 99
45 83
45 79
46 90
46 66
46 80
46 63
46 84
46 95
47 84
47 86
47 60
48 51
48 53
48 71
48 77
48 50
48 67
49 70
49 62
49 56
49 68
49 78
49 90
50 63
50 61
50 57
50 88
50 55
51 89
51 70
51 83
52 73
52 53
52 78
52 73
52 67
52 62
52 53
52 71
52 62
52 57
53 55
53 69
53 60
53 62
53 90
54 57
54 89
54 70
54 60
54 87
54 76
55 64
55 97
55 59
56 69
56 89
56 64
57 80
57 89
57 89
57 72
57 93
58 84
58 61
58 81
58 99
58 95
58 83
59 94
59 95
59 87
59 97
59 93
59 79
59 71
60 89
60 73
60 68
60 80
60 62
60 64
60 88
60 80
60 88
61 75
61 76
62 76
62 95
62 90
62 68
64 77
64 96
64 79
64 77
64 93
65 67
65 93
65 93
66 71
66 95
66 77
66 94
67 77
67 83
68 69
68 92
69 90
69 96
69 76
69 73
70 77
70 73
71 90
71 81
71 86
71 75
72 95
72 75
74 80
74 89
74 86
75 83
75 93
75 85
76 82
76 88
77 85
77 95
77 78
78 89
78 94
78 87
79 92
80 81
80 87
80 91
81 96
81 91
84 91
86 90
86 88
87 93
87 93
88 96
89 98
89 97
89 95
93 96
93 99
94 98
94 97
95 96
