0 96
0 53
0 78
0 55
0 76
0 89
1 33
1 96
1 13
1 66
1 98
1 87
1 44
1 41
1 96
1 47
1 91
1 93
1 44
1 49
2 14
2 93
2 51
2 46
2 37
2 39
2 41
2 83
2 3
3 91
3 79
3 41
3 85
3 50
3 24
3 26
3 92
3 11
4 79
4 16
4 35
4 63
4 48
4 68
4 41
4 72
4 37
4 37
4 98
5 45
5 28
5 9
5 68
5 95
5 51
5 97
5 61
5 11
5 7
5 37
5 51
6 70
6 16
6 20
6 26
6 44
7 13
7 75
7 20
7 93
7 40
7 27
7 66
7 24
7 80
7 25
7 50
7 26
8 95
8 82
8 94
8 12
8 11
8 36
8 75
9 24
9 64
9 60
9 15
9 45
9 12
10 93
10 13
10 54
10 63
10 99
10 78
10 66
10 52
10 96
11 52
11 66
11 44
11 79
11 86
12 41
12 69
12 51
12 90
12 24
12 52
12 14
12 63
12 98
12 89
12 45
12 85
13 40
13 22
13 92
13 37
13 82
13 15
13 38
13 83
13 44
13 64
13 29
13 14
13 89
13 60
13 43
14 74
14 28
14 84
14 88
14 48
14 62
14 77
14 54
14 85
15 47
15 31
15 51
15 88
15 28
15 95
15 16
15 55
15 59
16 25
16 68
16 78
16 50
16 27
16 64
17 27
17 85
17 93
17 46
17 64
17 55
17 20
17 85
18 30
18 72
18 62
18 59
18 47
18 20
18 79
18 85
18 53
19 23
19 98
19 23
19 53
19 52
19 83
20 69
20 29
20 65
20 34
20 80
20 75
20 73
20 31
20 74
21 78
21 79
21 76
21 58
21 39
21 46
21 30
21 50
21 33
21 93
21 46
21 42
21 27
22 39
22 54
22 30
22 84
22 57
22 77
23 97
23 63
23 76
23 98
23 36
23 49
23 47
23 88
24 52
24 95
24 79
24 87
25 64
25 61
25 58
25 72
25 94
25 50
25 30
26 60
26 49
26 70
26 79
26 91
26 46
26 99
26 47
26 51
26 82
27 81
27 90
27 31
27 84
27 50
27 41
27 70
27 68
27 37
28 92
28 44
28 76
28 83
28 70
28 99
28 77
29 92
29 50
29 61
29 60
29 57
29 60
29 89
29 99
29 89
29 87
29 60
30 88
30 75
30 90
30 52
30 39
30 86
30 99
31 81
31 68
31 87
31 52
31 32
31 59
32 54
32 98
33 62
33 98
33 37
33 97
33 53
33 49
34 94
34 76
34 52
34 80
34 98
34 42
34 95
34 75
35 73
35 42
35 47
35 61
36 53
36 50
36 50
36 51
37 88
37 46
37 60
37 63
37 99
38 99
38 91
38 73
38 55
38 67
38 60
38 54
38 70
39 87
39 98
39 78
39 89
39 69
39 68
39 93
39 72
40 49
40 90
40 77
40 52
41 56
41 47
41 43
41 75
42 53
42 88
42 65
42 45
42 67
42 76
42 82
42 67
43 98
43 99
43 69
43 97
43 90
43 62
43 78
43 64
43 73
43 87
44 91
44 51
44 79
44 80
44 68
45 64
45 51
45 47
45 51
45 46
45 75
45 89
46 59
46 86
46 81
46 56
46 88
46 76
46 76
47 93
47 72
47 53
47 84
48 79
48 63
48 86
49 50
49 89
49 71
50 82
50 71
50 60
50 67
50 70
50 69
50 83
51 52
51 84
51 68
51 80
51 85
52 99
52 94
52 92
52 61
52 69
53 63
53 80
53 56
53 75
53 60
53 70
54 64
54 71
54 73
54 75
54 81
55 84
55 66
55 67
55 75
56 77
56 74
56 57
57 99
57 82
57 81
57 82
57 76
58 96
58 69
58 68
58 67
59 78
59 73
59 87
59 67
59 84
60 88
60 64
60 79
60 79
60 92
60 94
60 65
61 77
61 75
61 72
61 98
61 91
61 72
62 63
62 88
63 78
63 82
64 95
64 83
65 78
65 93
65 87
65 70
65 93
66 67
66 87
67 75
67 83
67 74
68 77
69 93
69 94
71 78
71 99
72 76
72 77
72 93
73 86
73 86
74 82
74 92
74 76
74 88
75 86
75 77
76 88
77 96
77 83
77 84
78 94
80 92
80 83
80 87
81 97
82 85
82 91
82 97
82 92
83 84
83 90
84 96
84 94
84 92
84 99
85 88
86 92
86 89
87 94
88 89
89 90
91 96
92 95
93 95
94 98
95 96
