0 66
0 38
0 24
0 26
0 59
0 91
0 71
0 24
0 56
0 60
1 79
1 67
1 89
1 64
1 39
2 55
2 94
2 7
2 62
2 53
2 81
2 57
2 48
3 33
3 55
3 50
3 81
3 37
3 95
3 13
3 32
3 20
3 58
3 97
3 16
3 31
4 18
4 90
4 27
4 39
4 41
4 52
4 5
5 93
5 54
5 15
5 27
5 66
5 32
5 71
6 10
6 9
6 79
6 69
6 67
6 73
6 81
6 83
6 49
7 27
7 84
7 15
7 75
7 90
7 25
7 29
7 92
7 20
7 37
7 86
7 66
8 25
8 10
8 95
8 40
8 86
8 91
8 59
9 60
9 68
9 96
9 92
9 97
9 30
9 19
9 29
10 95
10 98
10 16
10 12
10 13
10 50
10 60
10 45
10 62
10 21
11 34
11 40
11 85
11 51
11 85
11 39
11 17
11 88
11 84
11 72
11 73
12 16
12 50
12 42
12 86
12 21
12 84
12 52
12 52
12 51
13 48
13 33
13 33
13 52
13 57
13 59
13 52
14 68
14 93
14 77
14 85
14 42
14 69
14 86
14 61
14 15
14 19
14 73
14 69
15 99
15 99
15 46
15 50
15 69
15 54
15 73
16 65
16 17
16 22
16 35
16 86
16 38
16 68
17 69
17 39
17 23
17 29
17 50
17 64
17 25
17 81
17 97
17 89
18 42
18 53
18 68
18 58
18 77
19 34
19 36
19 87
19 90
19 89
19 93
19 24
19 29
19 89
19 41
19 70
19 94
19 95
20 58
20 85
20 97
20 37
20 22
20 40
21 69
21 49
21 31
21 27
21 74
21 76
21 30
21 73
21 36
22 61
22 79
22 25
22 55
22 71
22 94
23 80
23 38
24 42
24 77
24 79
24 50
24 41
24 49
24 27
24 96
25 69
25 32
25 60
25 92
25 82
25 79
25 96
25 97
26 83
26 68
26 84
26 62
26 95
26 45
27 98
27 77
27 96
27 28
27 44
28 89
28 58
28 98
28 67
28 69
28 81
28 85
28 44
28 30
28 62
29 71
29 75
29 57
29 87
29 56
29 93
29 40
29 71
30 78
30 50
30 57
30 58
30 90
30 77
30 48
30 98
31 50
31 42
31 52
31 95
31 64
31 62
31 79
32 99
32 70
32 83
33 59
33 48
33 58
33 79
33 95
33 63
33 36
33 71
33 44
34 96
34 59
34 83
34 43
34 97
34 87
34 99
34 52
35 53
35 93
35 42
35 47
35 99
36 70
36 66
36 71
36 72
36 74
36 98
36 38
37 89
37 48
37 88
37 41
37 86
37 69
37 51
37 79
37 59
38 99
38 66
38 41
38 65
38 71
38 83
38 56
38 75
38 43
38 46
38 88
38 57
39 68
39 84
39 68
39 46
39 61
39 94
39 84
39 59
39 96
39 99
39 58
39 78
40 60
40 85
40 73
40 41
40 56
40 85
41 97
41 92
41 67
41 64
41 75
41 49
42 57
42 72
42 72
42 54
42 60
42 93
42 66
43 55
43 45
43 92
43 95
43 67
43 69
43 79
44 94
44 45
44 67
44 45
44 67
44 46
45 58
45 70
45 91
45 71
46 84
46 90
46 68
46 48
46 47
47 94
47 90
47 83
47 69
47 67
48 54
48 89
48 64
48 71
48 91
49 72
49 67
49 92
49 55
49 82
49 93
49 96
49 60
50 57
50 55
50 62
50 65
51 73
51 66
52 61
52 84
52 79
53 97
53 91
53 98
53 98
53 55
53 95
53 57
54 56
54 91
54 70
54 75
54 91
54 56
54 70
54 86
54 72
55 74
56 96
56 84
56 70
56 89
56 79
57 88
57 83
57 60
57 64
57 78
57 68
57 69
58 84
58 86
58 87
58 97
58 70
58 59
59 71
60 85
60 74
60 84
60 77
61 95
61 84
61 93
62 85
62 88
62 78
63 95
63 72
63 71
63 72
63 85
63 92
64 70
64 67
64 98
64 94
64 90
65 86
65 87
66 84
66 93
66 94
66 96
67 90
67 99
67 93
68 69
68 82
69 86
69 95
69 78
69 95
70 91
70 90
71 82
71 77
71 94
72 87
72 76
72 78
73 84
73 86
73 98
74 88
75 97
76 87
76 98
77 79
77 78
78 89
79 91
79 87
80 86
82 99
83 91
83 94
83 96
84 85
84 85
84 87
85 91
86 96
86 96
87 92
88 96
90 94
98 99
