0 36
0 37
0 58
0 53
0 64
0 7
0 15
1 91
1 17
1 13
1 47
1 6
1 97
1 93
1 28
2 89
2 30
2 77
2 62
2 3
2 10
2 14
3 9
3 52
3 39
3 68
3 95
3 66
3 25
3 15
4 29
4 58
4 57
4 83
4 19
4 10
4 32
4 92
4 54
4 92
5 37
5 65
5 22
5 23
5 23
5 26
5 30
5 97
5 56
6 51
6 46
6 92
6 28
6 30
6 61
6 71
6 24
6 62
6 7
7 41
7 27
7 79
7 88
7 66
7 57
7 89
8 70
8 88
8 58
8 74
8 71
8 12
8 38
8 98
8 29
8 96
9 33
9 36
9 52
9 27
9 85
9 67
9 86
9 73
9 76
10 32
10 84
10 61
10 60
10 67
10 64
11 88
11 34
11 28
11 15
11 81
11 91
11 44
11 30
12 25
12 30
12 77
12 14
12 51
12 81
13 75
13 41
13 59
13 57
13 56
13 61
13 56
13 76
13 98
13 45
13 94
13 41
13 53
13 40
14 42
14 87
14 76
14 59
14 16
14 68
14 82
14 72
14 68
14 70
14 28
15 37
15 44
15 86
15 95
15 67
15 71
15 78
15 31
15 24
15 29
15 73
15 74
16 97
16 92
16 89
16 47
17 77
17 75
17 98
17 93
17 92
17 62
17 84
17 39
17 42
17 67
17 73
17 87
17 45
18 39
18 28
18 53
18 82
18 59
18 89
18 33
18 58
19 69
19 73
19 40
19 38
19 63
19 20
19 43
19 51
20 85
20 81
20 62
20 52
20 48
20 47
20 80
20 82
21 63
21 71
21 64
21 84
21 85
21 31
21 81
22 89
22 93
22 89
22 63
22 29
22 58
22 81
22 37
22 80
22 92
22 88
22 25
22 55
23 64
23 27
23 84
23 75
23 28
23 31
23 50
24 39
24 92
24 82
25 70
25 27
25 42
25 52
25 68
25 87
25 72
26 37
26 89
26 66
27 86
27 44
27 62
27 37
27 77
27 77
27 91
27 83
28 32
28 42
28 38
28 78
28 86
28 85
28 99
28 91
28 97
29 96
29 32
29 78
29 30
30 56
30 86
30 85
30 70
30 72
30 76
31 79
31 97
31 98
31 75
31 49
31 64
31 47
32 58
32 49
32 61
32 80
32 98
33 44
33 75
33 77
33 62
34 42
34 61
34 69
34 37
34 96
34 56
34 96
34 77
34 89
34 74
34 81
34 56
34 67
35 81
35 94
35 66
35 48
35 98
35 44
35 46
36 63
36 87
36 46
36 54
36 98
36 49
37 94
37 73
37 83
37 94
37 83
38 47
38 62
38 98
38 74
38 55
39 47
39 42
39 98
39 52
39 66
39 79
39 44
40 76
40 83
40 44
41 57
41 81
41 68
41 59
41 47
42 81
42 61
42 55
42 74
43 60
43 70
43 44
43 53
44 88
44 96
44 61
44 77
44 53
44 56
44 46
44 77
45 67
45 61
45 58
45 95
45 54
46 96
46 82
46 94
46 77
46 47
46 58
46 97
46 86
46 96
46 68
47 82
47 52
47 64
47 67
47 70
47 50
47 51
48 82
48 56
48 56
48 71
48 91
48 62
49 59
49 52
50 75
51 97
51 55
51 62
51 56
51 76
52 69
52 58
52 96
52 57
52 87
52 79
52 61
52 75
53 58
53 83
53 96
53 62
53 76
53 95
54 77
54 65
54 83
54 89
54 98
54 67
54 79
54 81
54 73
55 81
55 91
55 67
55 95
56 65
56 72
56 72
56 79
56 99
56 96
56 67
56 94
57 67
57 91
57 71
57 60
57 89
57 93
57 92
57 81
58 63
58 73
58 89
58 92
58 59
59 74
59 92
59 98
59 64
59 83
59 93
60 95
60 67
60 75
60 65
60 82
60 80
60 75
61 70
61 67
62 80
62 89
62 80
62 85
62 89
64 82
65 92
65 72
65 67
65 84
66 71
66 78
66 74
67 75
67 95
67 97
68 88
68 84
68 91
69 89
69 89
69 86
69 94
70 74
70 85
71 86
71 87
71 84
72 86
73 89
73 78
74 91
74 94
74 92
75 90
76 89
76 92
76 80
76 98
76 77
77 82
77 90
78 91
78 96
78 95
78 82
78 92
78 88
80 86
81 93
81 90
81 87
81 93
82 96
83 85
83 96
83 92
84 88
84 94
84 95
84 87
86 90
86 97
87 94
87 92
89 98
90 93
95 97
