0 76
0 97
0 90
0 74
0 24
0 45
1 52
1 17
1 7
1 54
1 57
1 97
1 96
1 72
1 94
1 88
1 29
1 27
2 28
2 90
2 68
2 13
2 6
2 38
2 55
2 78
2 60
2 41
2 66
2 21
2 86
2 85
2 89
2 89
2 43
3 26
3 49
3 75
3 59
3 8
3 17
3 4
3 67
3 89
4 30
4 39
4 92
4 15
4 97
4 31
4 33
5 61
5 89
5 37
5 65
5 25
5 64
5 9
6 40
6 17
6 93
6 51
6 59
7 14
7 48
7 67
7 18
7 91
7 17
7 8
7 89
7 24
7 27
8 34
8 21
8 45
8 11
8 39
8 97
8 81
8 46
8 54
8 45
8 34
8 40
8 18
8 30
9 50
9 50
9 26
9 88
9 82
9 90
10 67
10 25
10 27
10 61
10 33
10 70
11 85
12 86
12 79
12 22
12 67
12 32
12 75
12 42
12 76
12 56
12 45
12 70
12 74
12 28
12 71
12 61
13 43
13 60
13 20
13 49
13 24
13 18
13 24
14 66
14 75
14 71
14 51
14 37
14 65
14 45
14 78
14 49
14 77
14 16
14 99
15 52
15 67
15 23
15 98
15 31
15 59
15 23
15 82
16 54
16 30
16 53
16 78
16 70
16 78
16 72
16 22
16 58
16 23
16 76
17 78
17 89
17 82
17 28
17 96
17 69
17 67
17 89
18 87
18 56
18 30
18 93
18 82
18 79
18 87
19 49
19 44
19 76
19 34
19 67
19 26
19 24
19 95
19 89
19 35
19 53
20 35
20 85
20 59
20 27
20 63
20 69
20 35
20 71
21 23
21 79
21 73
21 44
21 81
21 55
21 71
21 60
21 62
21 79
21 74
22 30
22 77
22 58
22 73
22 87
22 52
22 94
22 95
22 78
23 26
23 38
23 83
23 27
23 63
23 28
23 83
23 92
23 88
23 65
24 47
24 74
24 95
24 81
24 31
24 52
24 96
25 32
25 62
26 71
26 83
26 50
26 49
26 78
27 75
27 69
27 66
27 61
27 96
28 87
28 56
28 47
28 80
28 42
28 51
28 50
28 98
29 78
29 45
29 65
29 94
29 46
29 34
30 64
30 31
30 91
30 71
30 98
30 74
30 50
30 58
30 92
31 56
31 99
31 83
31 89
31 82
31 88
31 86
32 82
32 76
32 56
32 74
32 82
32 66
32 52
32 35
33 36
33 95
33 78
33 85
33 41
33 81
34 69
34 82
34 60
34 77
34 57
34 89
34 56
34 99
35 48
35 79
35 37
35 65
36 87
36 99
36 54
37 72
37 41
37 77
37 52
37 90
37 60
37 59
38 47
38 54
38 59
38 57
38 98
39 87
39 98
39 97
39 63
40 85
40 70
40 97
40 98
40 51
40 97
40 46
40 95
41 69
41 80
41 63
41 84
41 65
41 52
41 96
42 46
42 81
42 87
43 54
43 49
43 48
44 66
44 46
44 74
44 90
44 80
44 46
45 78
45 68
45 61
45 92
46 67
46 73
46 51
46 52
46 53
46 68
46 85
46 58
46 55
47 76
47 76
47 58
47 77
47 76
47 59
47 75
47 91
48 99
48 51
48 96
48 72
48 93
48 59
49 80
49 87
49 92
49 59
50 97
50 52
50 85
50 68
50 88
50 91
50 98
51 91
51 67
51 95
51 77
51 84
51 58
51 90
51 91
51 54
52 92
52 56
53 54
53 66
53 63
53 65
53 73
54 55
54 67
54 94
55 91
55 65
55 84
56 88
56 94
56 60
56 91
57 76
57 83
57 81
57 75
58 77
58 67
59 83
61 62
61 67
61 74
61 95
61 87
62 86
62 67
62 86
63 74
63 78
63 92
63 67
64 69
64 74
64 67
64 89
64 67
65 80
65 92
66 74
66 86
66 95
66 86
66 71
67 76
67 91
67 88
67 82
68 70
68 72
68 93
68 98
68 79
69 96
69 85
69 88
69 75
70 97
70 86
71 79
71 78
71 78
71 84
72 92
72 90
73 84
73 96
73 79
73 78
73 81
73 77
74 82
74 76
74 93
74 97
74 82
75 95
75 90
75 86
75 83
75 89
75 86
76 92
76 99
76 86
79 88
79 91
79 86
81 88
81 93
81 88
81 96
82 95
82 96
83 84
83 88
84 87
85 90
86 96
87 90
87 99
88 90
88 95
89 90
89 94
90 95
91 93
91 93
92 93
93 98
94 95
