0 91
0 23
0 4
0 98
0 89
0 26
0 89
0 72
0 65
0 24
0 24
0 58
1 44
1 68
1 48
1 26
1 36
1 68
1 58
1 69
1 6
1 94
1 3
2 92
2 95
2 16
2 53
2 46
2 42
2 15
2 60
2 23
2 45
2 13
3 90
3 95
3 93
3 82
3 93
3 10
3 87
4 15
4 43
4 80
4 17
4 34
4 45
4 53
5 20
5 75
5 75
5 72
5 86
5 32
5 51
5 61
5 66
5 55
6 16
6 50
6 87
6 72
6 58
6 81
6 81
6 79
7 36
7 40
7 77
7 77
7 36
7 69
7 64
7 64
8 16
8 60
8 74
8 11
8 98
8 73
8 9
8 80
9 82
9 22
9 70
9 80
10 92
10 60
10 28
10 52
10 35
10 33
10 82
10 46
10 44
10 89
10 39
11 82
11 99
11 25
11 56
11 14
11 20
11 57
12 30
12 75
12 47
12 72
12 23
12 73
12 49
13 82
13 78
13 73
13 15
13 65
13 92
13 82
13 21
14 19
14 43
14 60
14 80
14 20
14 22
14 34
14 54
14 29
14 25
15 39
15 67
15 96
15 33
15 25
15 71
15 40
16 45
16 30
16 18
16 77
16 57
16 59
16 86
16 81
16 75
17 21
17 82
17 25
17 86
17 52
17 37
17 63
17 73
18 82
18 97
18 21
18 35
18 28
19 62
19 55
19 68
19 51
19 95
19 48
19 69
19 60
19 91
19 94
19 52
19 97
19 68
19 54
19 32
19 39
19 34
20 45
20 57
20 71
20 87
20 57
21 42
21 67
21 90
21 53
21 58
21 63
21 24
21 91
21 51
21 25
21 78
21 34
21 23
21 76
21 55
21 35
22 79
22 71
22 68
22 86
22 40
22 34
22 47
22 86
22 26
22 75
23 52
23 86
23 68
23 79
23 87
23 34
23 86
23 44
23 98
23 37
24 67
24 79
24 74
24 57
24 89
25 37
25 42
25 84
25 94
25 60
25 55
25 97
25 68
26 46
26 51
26 59
26 37
27 52
27 90
27 94
27 71
27 78
27 43
27 92
28 39
28 30
28 29
28 87
28 75
28 69
28 54
28 49
28 77
29 86
29 37
29 76
30 65
30 63
30 55
30 57
30 59
30 34
30 39
31 64
31 49
31 61
31 52
31 99
31 51
31 49
31 62
31 90
32 90
32 43
32 73
32 92
32 78
32 40
32 52
32 66
32 61
32 85
32 80
33 53
33 99
33 77
33 88
33 36
33 65
33 82
34 98
34 98
34 85
34 96
34 93
34 78
34 93
34 85
35 44
35 60
35 95
35 81
35 65
35 59
35 85
35 36
36 94
36 85
36 58
36 97
36 87
36 95
36 56
36 80
36 83
36 37
37 72
37 75
37 52
37 87
37 45
37 80
37 71
37 76
37 75
37 75
38 85
38 55
39 41
39 57
39 95
39 82
39 63
39 98
39 47
40 78
40 80
40 52
40 58
40 68
41 65
41 56
41 75
41 92
41 79
42 80
42 92
42 99
42 52
42 54
42 50
42 59
43 63
43 88
43 91
43 79
43 49
43 80
43 65
43 46
44 90
44 71
44 74
44 67
44 74
45 57
45 63
45 98
45 53
45 83
45 61
46 86
46 58
46 79
47 89
47 76
47 86
47 58
47 49
47 78
47 62
47 64
47 61
47 52
48 63
48 51
48 98
48 76
48 87
48 50
48 52
49 71
49 72
49 55
49 59
49 79
49 76
50 71
50 86
50 67
51 58
51 84
52 69
52 94
53 54
53 92
53 56
53 86
54 91
54 64
54 89
54 71
54 99
54 61
54 88
55 66
55 98
56 81
56 70
56 86
56 77
56 58
57 70
57 99
57 64
57 81
57 87
58 88
58 90
59 68
59 80
59 77
59 93
59 77
60 78
61 97
61 81
61 94
61 68
62 88
62 96
63 86
63 71
63 81
63 99
64 96
64 69
64 85
64 65
65 69
65 72
65 83
65 66
66 94
66 84
66 82
67 69
67 80
67 84
67 69
68 91
68 88
68 71
68 96
69 74
69 96
70 95
72 91
72 87
72 97
72 77
72 94
72 80
74 96
75 83
75 95
75 99
76 93
76 85
76 98
77 80
78 85
79 97
79 84
79 86
79 95
79 81
80 97
80 90
81 90
81 93
82 92
82 90
82 96
85 89
85 94
85 90
87 99
87 90
88 96
89 93
91 92
96 98
97 98
