0 35
0 51
0 31
0 74
0 80
0 34
0 10
0 58
0 47
0 76
0 98
1 90
1 40
1 36
1 82
1 3
1 47
1 33
1 38
2 52
2 78
2 33
2 17
2 53
2 9
2 6
2 71
2 40
2 79
3 65
3 5
3 76
3 29
3 36
3 52
3 15
3 89
3 31
3 73
3 51
4 59
4 99
4 93
4 66
4 30
4 7
4 29
4 37
4 6
4 70
4 98
4 68
5 40
5 58
5 93
5 9
5 35
5 81
5 97
5 24
5 19
6 27
6 29
6 77
6 16
6 12
6 33
6 71
7 98
7 96
7 83
7 34
7 64
7 88
7 66
7 59
7 99
7 53
7 57
8 96
8 69
8 96
8 70
8 90
8 52
8 12
9 98
9 55
9 47
9 34
9 56
9 94
10 73
10 79
10 26
10 17
10 35
10 49
10 43
11 62
11 29
11 83
11 64
11 20
11 21
12 95
12 20
12 97
12 93
12 28
12 50
12 45
12 51
12 43
12 15
12 22
12 56
12 55
13 17
13 15
13 30
13 32
13 14
13 81
13 36
14 19
14 91
14 97
14 57
14 58
14 68
14 23
14 56
14 32
15 62
15 55
15 84
15 85
15 95
15 24
15 77
15 47
16 98
16 93
16 23
16 43
16 64
16 57
16 33
16 87
16 38
16 30
16 37
17 46
17 21
17 48
17 92
17 69
17 84
17 78
17 99
17 60
18 78
18 81
18 59
18 31
18 46
18 20
18 40
18 44
19 26
19 35
19 80
19 44
20 92
20 90
20 65
20 54
21 83
21 70
21 60
21 53
22 38
22 23
22 57
22 47
22 76
22 35
22 91
22 86
22 69
22 93
23 68
23 68
23 88
23 52
23 43
23 82
23 94
23 37
23 66
24 56
24 42
24 66
24 88
24 43
24 78
24 61
24 26
24 36
25 53
25 70
25 78
25 88
25 49
26 89
26 61
26 90
26 67
26 87
26 66
26 41
26 43
26 67
27 40
27 32
27 90
27 28
27 35
27 76
28 50
28 85
28 86
28 85
28 46
28 85
29 74
29 55
29 82
29 52
29 84
29 92
30 84
30 69
30 31
30 84
30 76
30 98
30 39
30 54
31 79
31 49
31 82
31 50
31 46
32 35
32 52
33 49
33 80
33 41
33 52
33 72
33 96
33 36
33 70
33 80
34 49
34 99
34 42
34 98
34 97
34 80
34 98
35 53
35 72
35 57
35 83
36 84
36 57
36 66
37 45
37 40
37 56
37 84
37 95
37 58
38 91
38 41
38 53
39 45
39 81
39 77
39 83
39 96
39 60
39 70
39 96
40 92
40 59
40 65
40 50
40 82
40 47
40 73
40 77
40 68
41 86
41 46
41 83
41 80
41 96
41 57
41 65
41 88
41 80
41 58
41 95
42 53
42 46
42 75
42 54
43 45
43 69
43 46
43 97
43 61
43 67
43 90
43 73
43 90
43 50
43 79
44 71
44 95
44 66
44 80
44 84
44 47
44 46
44 53
45 92
45 92
45 71
45 73
45 79
45 76
45 78
46 83
46 52
47 69
47 64
47 60
47 68
47 81
47 95
47 78
47 51
48 56
48 53
48 58
48 72
48 86
48 54
49 53
49 53
49 95
49 72
49 65
49 88
49 74
49 96
49 54
49 72
50 88
50 88
50 93
51 53
51 87
51 52
51 79
51 64
51 60
51 57
52 63
52 80
52 64
52 89
52 62
52 97
53 56
53 79
53 84
54 90
54 99
54 91
54 82
54 78
55 87
55 59
55 88
55 85
55 91
56 99
56 62
57 91
57 70
58 83
58 68
59 99
59 71
59 65
60 94
60 98
60 68
60 77
60 95
60 85
61 68
61 66
61 63
61 78
62 80
62 66
62 80
62 70
62 83
62 99
62 90
63 95
64 97
64 71
64 75
64 70
65 70
65 89
66 90
66 74
66 86
67 97
67 87
67 82
67 71
67 90
67 89
68 91
68 90
68 94
68 98
69 90
69 97
69 96
69 94
70 98
70 96
70 84
70 99
71 96
71 75
71 86
72 75
73 95
73 76
74 86
74 77
74 91
74 92
75 93
75 78
75 96
75 80
75 79
75 96
76 92
76 99
76 80
77 89
78 86
78 82
79 88
79 88
79 93
79 93
80 91
80 97
81 90
81 97
81 89
81 95
81 83
83 86
85 92
85 93
86 90
87 91
88 93
88 92
89 96
91 99
92 96
94 99
