0 24
0 19
0 18
0 99
0 25
0 35
0 7
0 92
0 72
0 40
0 86
1 86
1 45
1 72
1 23
1 86
1 11
1 19
1 50
1 57
1 12
1 16
2 19
2 49
2 53
2 82
2 69
2 34
2 5
2 76
2 58
3 4
3 23
3 84
3 8
3 5
3 25
3 78
4 58
4 92
4 25
4 52
4 7
4 16
5 89
5 60
5 76
5 97
5 73
5 49
5 81
5 36
5 72
5 13
5 40
5 72
5 51
6 71
6 32
6 91
6 42
6 12
6 64
6 34
6 64
6 77
7 98
7 52
7 76
7 83
7 21
7 62
7 81
7 57
7 29
7 21
7 57
7 33
7 92
8 55
8 97
8 47
8 77
8 76
8 50
8 71
8 96
9 93
9 95
9 84
9 34
9 36
9 52
9 94
9 15
10 72
10 78
10 31
10 95
10 52
10 32
10 19
10 49
10 37
10 69
10 95
10 69
10 66
11 35
11 65
11 36
11 99
11 49
11 97
11 94
11 27
11 91
12 68
12 78
12 25
12 15
12 18
12 55
12 59
12 80
12 79
12 53
12 37
12 68
13 72
13 92
14 74
14 91
14 49
14 57
14 84
14 32
14 41
14 94
14 19
14 49
14 28
14 72
14 28
15 16
15 77
15 68
15 87
15 88
15 90
15 33
15 59
15 96
15 88
15 47
16 73
16 35
16 24
16 45
16 95
16 85
16 43
16 43
16 52
17 99
17 53
17 79
17 82
17 18
17 33
17 40
17 72
17 26
17 78
17 50
18 71
18 22
18 33
18 77
18 54
18 31
18 62
19 61
19 86
19 29
19 93
19 74
19 45
19 84
19 97
19 21
19 22
20 31
20 97
20 90
20 91
21 22
21 69
21 63
21 41
21 37
21 69
22 90
22 90
22 33
22 67
22 40
22 86
22 85
23 91
23 26
23 68
23 28
23 91
23 29
23 74
23 92
23 56
23 39
23 27
24 53
24 28
24 69
24 93
24 57
24 83
25 66
25 98
25 32
25 42
25 68
25 91
25 46
25 98
25 68
26 79
26 75
26 40
26 30
26 47
26 42
27 55
27 28
27 46
27 36
27 77
27 55
27 90
28 72
28 70
28 39
28 96
28 92
28 83
28 72
28 51
28 97
28 49
29 43
29 61
29 48
29 30
29 53
29 92
30 81
30 71
30 35
30 33
30 95
30 65
30 59
30 44
30 87
30 62
30 89
30 37
30 39
31 44
31 70
31 87
31 56
31 68
31 61
32 79
32 90
32 83
32 97
32 40
32 62
32 44
32 33
32 84
32 94
32 81
33 78
33 82
33 62
33 85
33 37
33 54
33 61
33 59
33 83
33 78
33 47
33 35
34 36
34 36
34 76
34 77
34 45
35 73
35 79
35 54
36 90
36 60
36 86
37 85
37 51
37 39
38 76
38 67
38 66
38 78
38 55
38 70
39 91
39 64
39 75
39 55
39 56
39 66
39 98
39 51
40 60
40 99
40 45
40 81
40 95
41 92
41 50
41 95
41 90
41 79
41 86
41 78
41 57
42 44
42 94
42 63
42 84
43 95
43 51
43 78
43 98
43 51
43 82
44 68
44 61
44 95
44 62
44 84
44 95
44 59
45 50
45 55
45 62
45 51
45 93
45 83
46 96
46 80
46 95
46 49
46 74
46 61
46 54
47 84
47 88
47 66
47 75
47 60
48 74
49 63
49 61
49 76
49 57
49 81
49 95
49 65
49 62
50 92
50 79
50 91
51 90
51 80
51 52
51 73
52 84
52 55
52 76
52 62
52 81
53 65
53 72
54 72
54 82
54 99
54 87
55 71
56 69
56 99
56 85
56 61
56 81
57 72
57 90
57 63
57 82
58 96
58 95
58 62
58 75
58 77
58 77
58 67
59 61
59 66
59 96
60 62
60 86
61 83
62 93
62 63
62 79
63 69
63 78
63 95
64 71
64 85
64 93
64 65
64 82
64 98
65 99
65 67
65 82
66 75
66 69
66 94
67 98
67 99
67 91
67 80
68 78
68 94
69 83
69 80
70 89
71 75
71 79
71 78
72 79
72 90
72 75
72 94
73 88
73 99
73 75
74 79
74 96
74 77
75 86
75 82
76 83
77 85
77 89
77 96
78 85
78 86
78 95
78 99
79 91
80 83
82 90
83 84
83 86
83 90
84 94
85 90
87 94
87 89
87 96
87 99
88 90
88 92
90 94
91 92
91 95
93 96
