0 13
0 56
0 89
0 15
0 56
0 63
0 40
0 19
0 3
0 90
0 22
0 62
0 28
1 17
1 83
1 48
1 33
1 13
1 28
1 64
1 96
1 18
1 23
1 84
2 73
2 18
2 79
2 63
2 73
3 50
3 52
3 44
3 42
3 34
3 18
3 49
3 89
3 19
3 92
3 95
3 55
3 68
4 58
4 28
4 55
4 49
4 10
4 5
4 54
4 59
4 85
5 59
5 65
5 39
5 70
5 98
5 70
5 6
5 43
5 50
5 63
5 29
6 59
6 15
6 92
6 99
6 86
6 97
6 68
6 29
6 31
6 92
6 87
6 84
7 30
7 16
7 96
7 38
7 96
7 66
7 17
7 41
7 98
8 58
8 39
8 96
8 57
8 48
8 90
8 76
8 41
8 71
9 88
9 23
9 70
9 23
9 81
9 65
9 87
9 53
9 44
9 13
10 68
10 92
10 45
10 91
10 60
10 38
10 17
10 84
11 69
11 58
11 92
11 42
12 20
12 56
12 37
12 85
12 66
12 85
12 78
12 70
12 19
12 50
12 27
12 45
12 40
13 35
13 74
13 32
13 44
13 29
13 14
13 76
13 47
13 43
13 43
13 87
14 64
14 68
14 62
14 78
14 41
14 31
14 37
15 88
15 70
15 64
15 51
15 24
15 33
15 82
15 58
15 17
15 29
16 41
16 87
16 46
16 59
16 50
16 53
16 63
16 55
16 68
16 87
17 25
17 30
17 85
17 95
17 50
17 26
17 91
17 82
18 64
18 44
18 76
18 49
18 94
18 75
18 65
19 46
19 63
19 88
19 94
20 23
20 23
20 89
20 24
20 65
20 71
21 93
21 87
21 97
22 92
22 66
22 50
22 30
22 31
22 31
22 86
22 53
22 25
22 92
22 87
22 98
22 87
22 42
22 41
23 28
23 66
23 47
23 76
23 42
23 61
23 42
23 37
23 45
23 88
24 90
24 54
24 90
25 76
25 97
25 29
25 49
26 60
26 86
26 94
27 76
27 57
27 92
27 75
27 69
27 87
27 40
27 62
28 99
28 68
28 79
28 45
28 78
28 35
28 77
28 33
28 63
29 58
29 91
29 98
29 52
29 30
29 37
29 54
29 37
30 89
30 54
30 37
30 37
30 72
30 69
30 76
31 38
31 88
31 88
31 75
31 93
31 86
31 35
31 99
31 70
31 33
32 84
32 43
32 35
32 84
32 84
32 78
32 57
33 72
34 45
34 51
34 93
34 69
34 65
34 48
35 80
35 93
36 92
36 38
36 59
36 96
36 99
36 51
36 67
36 58
36 88
36 95
36 38
36 62
36 56
37 49
37 43
37 83
37 63
37 57
37 66
37 75
37 90
37 47
38 82
38 91
38 88
38 46
38 47
38 75
39 56
39 76
39 75
39 80
39 52
39 73
39 42
39 69
39 93
40 97
40 89
40 98
40 43
40 82
40 57
40 69
40 73
41 73
41 82
41 64
42 98
42 98
43 66
43 47
43 56
43 50
43 81
43 91
44 66
44 80
45 67
45 58
45 94
45 84
45 86
45 89
45 57
46 99
46 88
46 82
46 97
46 91
46 82
47 57
47 93
47 83
47 93
47 87
47 87
47 64
47 60
47 54
47 95
47 88
48 97
48 78
48 94
49 72
49 54
49 68
50 92
50 91
50 93
51 89
51 63
51 96
51 91
51 87
51 97
51 93
52 74
52 91
52 98
52 64
52 56
52 69
53 76
53 58
53 90
53 97
54 62
54 78
54 87
55 70
55 78
55 59
55 64
56 89
56 69
56 84
56 97
56 93
56 89
57 82
57 73
58 67
58 89
58 90
58 65
59 81
59 80
59 89
60 61
60 62
60 94
61 77
61 80
61 70
61 66
61 99
61 75
62 87
63 99
63 82
63 77
63 83
63 72
64 87
64 68
64 87
65 77
65 70
65 95
65 90
65 74
66 91
66 95
66 72
66 82
66 99
66 93
67 75
68 70
68 74
68 82
68 85
69 87
69 73
69 96
69 94
69 96
69 95
69 81
70 91
70 72
71 82
71 88
71 89
72 87
72 81
72 80
73 78
73 82
73 78
74 92
74 78
74 99
74 85
75 89
75 99
77 95
77 94
77 83
78 85
78 80
79 97
79 94
80 97
80 99
81 82
81 96
81 86
82 91
82 87
86 97
87 90
88 99
89 91
89 99
90 95
90 91
91 99
91 99
92 96
93 95
94 99
