0 88
0 93
0 38
0 79
0 41
1 51
1 25
1 56
1 4
1 47
1 84
1 88
1 10
1 71
1 82
1 95
1 67
1 19
1 75
1 88
1 81
2 94
2 92
2 80
2 36
2 31
2 36
2 86
3 92
3 61
3 80
3 24
3 73
3 59
3 55
4 18
4 28
4 75
4 59
4 32
4 22
4 77
4 79
4 64
4 17
4 60
5 54
5 47
5 68
5 35
5 23
5 49
5 12
5 67
5 78
6 10
6 39
6 30
6 73
6 66
6 89
6 30
6 72
6 77
7 47
7 15
7 9
7 62
7 36
7 93
7 51
7 48
7 29
7 28
7 63
7 60
7 94
7 44
7 53
8 68
8 46
8 37
8 60
8 35
9 26
9 61
9 58
9 54
9 13
9 88
9 63
9 38
9 64
9 47
9 69
10 77
10 77
10 46
10 14
10 41
10 93
10 80
11 87
11 53
11 92
11 95
11 54
11 45
11 87
11 92
11 45
11 98
11 29
12 70
12 19
12 58
12 53
13 99
13 97
13 78
13 92
13 68
13 80
13 37
13 48
14 49
14 51
14 74
14 37
14 71
14 31
15 98
15 37
15 77
15 67
15 16
15 31
15 85
15 58
15 97
15 93
16 36
16 53
16 80
16 24
16 62
16 29
16 66
16 24
17 84
17 70
17 76
17 28
17 68
17 21
17 48
17 69
17 27
17 52
17 34
17 57
17 56
17 93
17 94
17 92
18 80
18 27
18 98
18 21
18 36
18 78
18 28
18 24
18 64
19 34
19 52
19 36
19 82
19 24
19 23
19 58
19 53
20 77
20 92
20 86
20 41
20 25
20 52
20 39
20 29
20 60
20 81
21 41
21 36
21 23
21 79
21 73
21 81
21 66
21 50
21 57
22 99
22 47
22 36
22 87
22 67
23 54
23 75
23 72
24 55
24 45
24 43
24 94
25 64
25 97
25 72
25 72
25 96
25 89
25 81
25 62
25 98
26 45
26 44
26 64
26 31
26 92
26 65
27 89
27 44
27 38
27 78
27 32
27 82
27 71
27 83
27 92
27 81
28 83
28 46
28 95
28 71
28 57
28 58
28 43
28 29
29 82
29 99
29 62
29 98
29 93
29 35
29 37
30 89
30 56
30 42
30 91
30 52
30 41
30 43
31 63
31 50
31 58
31 58
31 78
32 95
32 91
32 37
32 83
33 46
33 82
33 43
33 88
33 50
33 87
33 92
33 52
33 56
34 76
34 85
34 90
34 49
34 71
35 49
35 68
35 40
35 67
35 55
35 54
35 62
35 82
35 91
35 70
36 55
36 75
36 46
36 85
36 40
36 68
37 77
37 91
37 81
37 93
37 96
37 54
37 54
38 69
38 86
38 47
38 45
38 63
38 79
38 46
39 63
39 52
40 87
40 91
40 42
40 77
40 76
40 78
40 55
41 63
41 61
41 51
41 81
41 70
41 59
41 81
42 63
42 86
42 47
42 82
42 88
42 83
42 87
42 48
42 80
42 89
42 86
43 69
43 80
43 78
43 99
44 75
44 93
44 78
44 86
44 63
44 46
44 54
44 45
45 64
45 98
45 88
45 89
45 70
45 71
46 97
46 94
46 92
46 52
46 90
46 71
46 85
46 79
46 85
47 56
47 95
47 76
47 69
47 78
47 91
47 83
48 50
48 56
48 84
48 73
48 61
48 56
49 92
49 96
49 67
49 54
50 56
50 77
50 69
50 62
51 70
51 61
51 53
51 65
52 95
52 88
52 89
53 89
53 54
53 86
53 83
53 62
53 91
54 61
54 59
54 98
54 69
55 96
55 72
55 75
55 97
55 60
56 84
56 58
57 96
57 63
57 70
57 71
57 88
58 86
58 82
58 73
58 74
59 71
59 69
59 78
60 69
60 80
61 88
61 91
61 94
61 92
62 90
62 74
62 71
62 63
62 74
63 72
63 79
64 96
64 80
65 82
66 85
66 99
66 76
67 76
68 87
68 95
69 95
69 80
69 75
69 89
70 72
70 90
70 82
71 89
71 86
71 73
72 83
72 89
72 83
72 94
72 94
73 96
73 80
73 91
75 80
75 79
75 99
76 90
76 85
76 82
76 98
77 85
77 89
77 99
78 96
78 94
78 95
79 94
79 87
80 96
80 81
81 90
83 99
83 97
85 93
85 96
85 99
87 98
87 90
88 89
89 99
89 98
92 94
92 97
93 99
95 97
95 96
97 98
97 98
97 98
