0 88
0 48
0 57
0 5
0 74
0 53
0 32
0 72
0 45
0 41
1 68
1 87
1 52
1 76
1 75
1 13
1 2
1 14
2 86
2 41
2 96
2 72
2 21
2 69
2 89
2 13
2 61
2 75
2 84
2 32
2 66
2 85
2 86
3 73
3 34
3 11
3 6
3 93
3 67
4 8
4 64
4 26
4 95
4 8
4 27
4 48
4 59
4 9
4 45
5 72
5 19
5 17
5 66
5 70
6 80
6 85
6 10
6 39
6 65
6 49
6 49
6 93
7 60
7 79
7 96
7 12
7 55
7 75
7 29
7 65
7 88
7 94
8 66
8 27
8 32
8 94
8 96
8 25
8 52
8 99
9 92
9 34
9 36
9 21
9 69
9 74
9 54
9 32
9 60
9 79
9 75
9 94
10 98
10 35
10 95
10 64
10 92
10 91
10 48
10 25
10 77
10 73
10 86
11 94
11 86
11 41
11 32
11 80
11 50
11 31
11 33
11 70
11 62
11 39
11 34
11 88
11 19
11 95
11 98
11 89
12 40
12 41
12 49
12 50
12 34
12 42
12 64
12 69
13 63
13 71
13 68
13 97
13 80
13 87
13 91
13 63
13 69
13 56
13 40
13 16
14 65
14 72
14 71
14 77
14 27
14 94
14 69
14 90
14 45
14 20
14 54
14 39
15 69
15 94
15 45
16 97
16 64
16 35
16 48
16 73
16 98
16 30
16 30
16 70
16 17
17 41
17 65
17 71
17 36
17 52
17 46
17 63
18 78
18 20
18 59
18 97
18 32
18 43
18 37
19 43
19 97
19 26
19 32
19 32
19 52
19 93
19 20
19 65
19 72
19 38
19 49
20 87
20 78
20 64
20 78
20 78
20 60
20 86
20 44
20 52
21 66
21 67
21 46
21 44
21 71
21 41
21 27
21 61
21 41
21 70
21 59
21 56
21 37
22 84
22 66
22 37
22 63
22 89
22 25
22 55
22 54
23 74
23 62
23 53
23 70
23 28
23 77
23 91
23 78
24 25
24 47
24 97
24 34
24 52
25 94
25 37
25 54
25 27
25 98
25 89
25 62
25 92
25 93
26 90
26 76
26 46
26 97
26 27
26 48
26 68
26 79
27 98
27 95
27 67
27 55
27 52
27 97
27 87
27 36
27 97
27 58
27 90
28 53
28 43
28 97
29 68
29 95
29 90
29 50
29 91
29 49
29 32
29 98
29 62
29 46
29 62
30 85
30 67
30 39
30 48
30 72
30 34
31 70
31 71
31 93
31 69
31 96
32 62
32 76
32 38
32 38
32 46
32 85
32 46
32 51
32 66
32 61
32 96
32 70
33 36
33 94
33 65
33 91
34 56
34 98
34 80
34 48
34 87
35 96
35 68
35 78
35 46
35 59
35 82
35 63
35 61
36 63
36 69
36 43
36 68
36 64
36 65
37 49
37 82
37 76
37 86
37 89
37 62
37 99
37 38
37 39
37 82
37 55
37 43
37 65
38 72
38 73
38 57
38 99
38 92
38 59
38 88
39 75
39 99
39 70
39 76
39 99
40 93
40 73
40 87
40 50
40 47
40 84
41 64
41 94
41 67
41 80
41 80
42 80
42 92
42 62
43 85
43 61
43 78
44 96
44 76
44 64
44 90
44 68
45 90
45 72
45 89
45 82
45 88
45 98
45 49
45 62
46 47
46 64
47 63
47 55
47 61
47 52
47 83
47 89
47 64
47 80
47 71
47 76
47 77
48 50
48 74
48 72
49 79
49 98
49 99
50 95
50 60
51 85
51 64
51 72
51 65
52 88
53 67
54 61
55 68
55 97
55 85
55 75
55 75
56 89
56 72
57 64
57 94
57 71
57 68
57 82
57 68
58 65
58 83
58 90
58 62
59 83
59 86
59 73
60 72
60 62
60 71
60 78
61 86
61 72
61 79
61 95
61 99
61 73
62 75
62 90
62 66
62 71
62 72
63 96
63 87
63 87
64 80
64 86
65 72
65 86
66 89
67 83
68 79
68 75
68 94
69 78
69 89
69 91
69 99
70 97
70 93
70 73
71 91
71 87
71 75
72 75
73 97
73 89
73 89
73 84
73 95
74 78
75 89
75 87
75 78
76 94
76 92
76 81
77 97
77 99
77 91
78 89
78 88
79 80
79 83
79 88
79 89
79 89
80 84
80 83
80 82
80 94
82 96
82 89
82 87
83 86
83 98
83 92
85 90
86 87
88 92
89 90
90 99
