0 53
0 14
0 24
0 65
0 24
0 31
0 97
0 64
0 58
1 65
1 9
1 39
1 33
1 6
1 10
1 82
1 41
1 11
1 6
1 19
1 84
1 13
2 48
2 82
2 16
2 23
2 60
2 9
2 72
2 43
2 69
3 70
3 84
3 82
3 74
3 44
3 98
3 14
3 74
4 21
4 91
4 42
4 27
4 16
4 12
4 13
4 46
4 30
4 25
4 81
4 61
4 58
4 43
4 38
5 42
5 78
5 83
5 87
5 80
5 93
5 10
5 39
5 36
6 37
6 26
6 36
6 15
6 62
6 11
6 18
6 41
6 67
6 45
6 87
7 86
7 83
7 42
7 29
7 82
7 19
7 90
7 99
7 96
7 68
8 9
8 92
8 85
8 15
8 25
8 72
8 50
9 53
9 45
9 46
9 60
9 97
10 86
10 91
10 82
10 17
10 30
10 82
10 65
10 17
10 35
10 52
11 64
11 72
11 50
11 59
11 79
12 77
12 66
12 19
12 81
12 95
13 68
13 55
13 37
13 32
13 84
13 89
13 46
13 43
13 16
13 44
13 28
14 83
14 66
14 39
14 24
14 67
14 30
14 23
14 62
14 49
14 86
14 50
14 84
14 33
15 27
15 79
15 91
15 77
15 90
15 16
16 19
16 94
16 73
16 86
16 17
16 69
16 60
16 30
16 92
16 65
16 83
17 77
17 79
17 97
17 84
17 84
17 90
17 60
17 39
17 27
17 52
17 36
17 37
17 83
17 98
17 56
18 78
18 99
18 96
18 97
18 50
18 30
19 29
19 72
19 56
19 81
19 86
19 31
19 56
19 55
20 54
20 36
20 62
20 31
20 46
20 44
20 62
21 60
21 65
21 93
21 70
21 26
21 82
21 90
21 91
21 99
21 65
22 35
22 63
22 80
22 70
22 95
22 99
22 68
22 46
22 97
22 47
22 44
22 98
22 55
22 98
22 51
22 65
23 95
23 55
23 24
23 83
23 91
23 30
24 76
24 94
24 61
24 75
24 36
24 91
24 34
24 83
24 43
24 69
25 71
25 53
25 44
25 32
25 52
25 47
25 84
25 54
26 95
26 51
26 46
26 97
26 28
27 54
27 96
27 63
27 88
27 53
28 91
28 66
28 75
29 97
29 90
29 31
30 66
30 48
30 75
30 42
31 72
31 56
31 46
31 36
32 70
32 77
32 58
32 70
32 58
32 71
32 97
33 37
33 86
33 55
33 39
33 91
34 92
34 72
34 50
34 86
34 95
35 50
35 43
35 77
35 78
35 43
35 77
35 40
35 46
36 91
36 73
36 77
36 66
36 44
36 53
36 68
37 86
37 72
37 70
37 60
38 45
38 42
38 40
38 68
38 53
39 50
39 54
39 91
39 74
39 94
39 97
39 58
40 57
40 98
40 78
40 47
40 94
40 51
40 84
41 68
41 85
41 53
41 84
41 60
41 52
41 47
42 83
42 55
42 59
42 70
42 97
42 90
43 93
43 93
43 82
43 61
43 45
43 54
43 70
44 94
44 61
44 51
44 85
44 71
44 85
45 77
45 74
46 68
46 76
46 81
46 62
47 99
47 70
47 95
47 71
48 98
48 97
48 61
48 64
49 77
49 96
49 88
50 59
50 53
50 95
50 88
50 85
51 91
51 94
51 61
51 81
52 87
52 83
52 85
52 60
52 59
53 86
53 66
53 83
53 64
53 80
54 94
54 56
55 82
55 84
55 86
55 85
55 59
55 65
56 83
56 74
56 76
56 80
56 72
56 76
56 84
56 74
57 73
57 82
58 95
58 77
58 63
58 79
58 83
58 89
58 60
59 92
59 86
59 84
59 79
59 97
59 66
59 65
59 98
60 97
60 77
60 77
61 96
61 72
61 74
61 62
61 86
62 98
62 85
63 75
63 68
63 86
63 77
63 91
64 74
64 91
64 98
64 77
65 79
65 83
65 81
65 82
65 81
65 77
66 89
66 90
66 78
66 84
66 75
67 71
67 82
67 84
67 76
68 91
68 86
68 94
68 85
68 74
68 76
69 99
69 92
69 99
70 72
71 84
71 89
72 89
72 78
73 81
73 92
74 85
74 82
74 92
74 83
75 94
76 93
76 99
76 80
77 84
77 98
77 98
77 92
81 98
81 96
81 89
82 87
82 86
83 87
84 91
85 97
85 91
87 99
87 96
87 95
88 92
88 93
89 94
91 93
91 97
91 95
93 94
94 98
94 95
