0 67
0 44
0 92
0 29
0 19
0 53
0 31
0 32
0 8
0 71
0 85
0 62
0 1
0 19
0 51
0 36
1 11
1 76
1 75
1 37
1 11
1 5
1 70
1 80
1 28
1 92
1 28
1 4
1 68
1 55
1 69
1 34
2 12
2 54
2 96
2 54
2 31
2 34
2 19
2 33
3 57
3 30
3 97
3 59
4 90
4 41
4 80
4 24
4 25
4 41
4 23
4 85
4 78
4 10
4 91
4 57
5 64
5 21
5 97
5 50
5 61
5 18
6 9
6 76
6 39
6 31
6 73
6 79
6 43
6 72
6 66
6 48
6 19
6 67
6 57
6 7
7 81
7 70
7 52
7 13
7 39
7 33
7 96
7 89
7 22
7 28
8 16
8 43
8 9
8 28
8 39
9 92
9 48
9 14
9 22
9 28
9 42
9 53
10 59
10 94
10 85
10 29
10 94
10 43
10 87
10 90
11 73
11 15
11 93
11 69
11 83
11 78
11 55
11 22
11 58
11 45
11 46
11 82
11 30
12 20
12 96
12 91
12 61
12 15
12 55
12 72
12 67
12 57
12 19
13 48
13 88
13 79
13 90
13 79
14 62
14 92
14 44
14 18
14 51
14 86
14 65
14 33
14 64
15 98
15 75
15 42
15 16
15 63
15 63
16 74
16 55
16 27
16 20
16 38
16 34
16 46
16 76
16 42
17 28
17 78
17 61
17 58
17 90
18 32
18 82
18 57
18 41
18 49
18 84
18 23
18 33
18 71
18 53
19 44
19 88
19 43
19 73
19 82
19 58
20 89
20 72
20 26
20 99
20 66
21 33
21 24
21 39
21 59
21 79
21 58
22 51
22 72
23 35
23 93
23 28
23 78
23 93
24 68
24 80
24 56
24 50
24 55
25 65
25 41
25 72
25 86
25 77
26 69
26 77
26 81
26 31
26 70
26 69
27 68
27 63
27 94
27 91
27 64
27 86
27 43
27 82
28 39
28 87
28 31
28 94
28 66
28 48
29 71
29 33
29 32
29 90
29 83
29 66
29 78
29 52
29 34
29 81
30 47
30 98
30 53
30 36
30 96
30 50
30 84
31 87
31 57
31 97
31 83
31 49
31 39
32 64
32 34
32 59
32 77
32 89
32 37
32 39
33 87
33 43
33 69
33 77
33 96
33 52
33 78
33 49
33 82
33 83
34 36
34 43
34 48
34 77
34 74
35 78
35 87
35 63
35 37
35 62
35 83
36 71
36 56
36 75
36 90
37 67
37 88
37 62
37 50
37 46
38 61
38 72
38 58
38 67
38 69
38 43
38 62
38 72
39 87
39 51
39 57
39 84
40 44
40 84
40 91
40 61
40 75
41 67
41 42
41 68
41 81
41 46
42 61
42 57
42 73
42 60
42 87
43 88
43 98
43 59
43 91
43 71
44 75
44 60
44 59
44 59
44 98
44 72
44 97
45 73
45 66
45 47
45 91
46 88
46 98
46 84
46 54
46 59
46 91
47 48
47 59
47 48
47 88
47 71
48 68
48 64
48 90
48 57
48 98
48 93
49 99
49 54
49 71
49 84
49 90
50 56
50 90
50 57
50 65
51 84
51 52
51 80
51 80
51 56
51 63
51 61
52 66
52 85
52 88
52 63
52 65
53 75
53 88
53 85
53 73
53 71
54 65
54 75
54 89
54 91
55 64
55 87
55 71
55 62
55 66
56 93
56 82
56 60
57 64
57 99
57 98
58 66
58 61
58 74
58 67
58 98
58 60
59 94
59 61
59 72
59 85
59 95
60 75
60 73
60 91
60 65
60 94
61 77
61 72
62 64
62 95
63 77
63 69
63 95
63 80
63 91
63 77
64 84
64 99
65 91
65 71
65 87
65 75
65 87
65 83
65 96
66 96
66 85
67 82
67 70
67 89
67 82
67 87
68 87
68 85
68 72
68 71
68 72
68 94
69 81
69 81
69 88
70 87
70 80
70 99
71 73
71 84
72 83
72 96
72 96
73 77
73 75
74 95
74 79
74 91
74 78
74 83
75 86
75 89
75 78
75 90
75 92
76 90
77 96
77 91
77 79
77 99
78 93
79 85
79 86
79 96
79 88
80 97
80 91
80 96
80 99
81 88
81 87
81 90
82 95
82 92
84 98
84 96
84 90
84 89
84 92
84 89
85 99
85 99
85 98
86 90
86 96
86 90
88 91
88 90
88 99
89 93
89 98
91 98
92 95
92 94
92 98
92 93
