0 97
0 22
0 70
0 70
0 2
0 15
0 76
0 96
0 74
0 23
0 46
0 2
1 22
1 91
1 20
1 90
1 60
1 56
1 22
2 90
2 57
2 55
2 38
2 77
2 68
2 89
2 38
2 20
2 98
2 65
3 99
3 26
3 59
3 13
3 80
3 66
3 68
3 94
3 38
4 46
4 85
4 8
4 18
4 44
4 16
4 19
4 84
4 56
4 51
4 67
4 71
5 81
5 84
5 30
5 65
5 68
5 36
5 92
5 67
5 91
5 14
6 48
6 57
6 48
6 20
6 53
6 97
7 19
7 44
7 21
7 40
7 51
7 84
7 83
7 21
7 51
7 72
7 63
7 94
8 20
8 46
8 71
8 65
8 78
9 98
9 63
9 81
9 41
9 66
9 56
9 41
9 78
9 83
9 19
10 33
10 48
10 24
10 79
10 30
10 99
10 19
10 55
11 73
11 60
11 18
11 41
11 14
11 44
11 50
12 84
12 17
12 94
12 21
12 16
12 60
12 67
12 93
12 28
13 37
13 23
13 25
13 62
13 71
13 20
13 65
13 79
13 84
13 32
13 90
14 88
14 44
14 88
14 18
14 65
14 28
14 93
14 23
14 64
15 69
15 97
15 77
15 95
15 87
15 62
15 85
15 52
15 62
16 55
16 48
16 99
16 61
17 38
17 97
17 54
17 89
17 56
17 77
17 69
17 56
17 49
17 22
17 53
18 40
18 99
18 57
18 25
18 31
18 96
18 58
18 79
19 25
19 82
19 46
19 37
19 43
19 74
19 76
20 67
20 89
20 90
20 23
20 95
20 51
20 72
20 99
20 21
20 84
20 83
20 88
21 88
21 36
21 51
21 88
21 32
21 48
21 36
22 77
22 23
22 69
22 33
22 43
22 42
22 99
22 45
22 44
22 39
23 53
23 31
23 47
23 41
23 69
23 40
23 94
23 96
23 25
23 30
24 83
24 80
24 29
24 75
24 93
24 40
25 41
25 50
25 59
25 78
25 50
25 98
25 59
25 53
26 37
26 97
26 47
26 63
26 45
26 30
27 69
27 43
27 87
27 86
27 88
27 77
27 46
28 66
28 48
28 66
28 89
28 56
28 69
28 49
28 47
29 30
29 75
29 47
29 47
29 74
29 54
29 34
29 83
30 62
30 80
30 60
30 49
30 87
30 69
30 70
30 70
31 88
31 76
31 85
31 71
31 37
31 93
32 58
32 44
32 90
32 42
32 33
32 41
32 65
32 55
32 95
32 47
33 76
33 81
33 71
33 63
33 48
33 95
34 66
34 94
34 54
34 59
35 67
36 44
36 38
36 37
36 51
36 40
36 68
36 66
36 63
37 73
37 38
37 92
37 55
37 63
37 94
38 57
38 52
38 64
38 88
38 96
39 84
39 56
39 41
39 78
39 79
39 99
40 65
40 94
40 67
41 60
41 79
41 79
41 92
41 93
41 75
42 48
42 44
42 97
42 70
42 70
42 88
42 90
43 73
43 50
43 65
43 58
43 90
44 75
44 98
44 55
44 70
44 46
44 85
44 47
45 89
45 85
45 87
45 81
45 97
45 77
46 80
47 80
47 68
47 59
47 51
47 66
47 92
47 59
47 90
48 98
48 66
48 65
48 71
49 84
49 78
49 61
49 73
49 81
50 64
50 98
50 74
50 85
50 68
50 94
50 97
51 63
51 87
51 76
51 60
51 67
52 86
52 58
52 75
52 86
52 80
52 95
52 83
52 73
52 89
52 53
53 86
53 66
53 76
53 75
53 80
54 56
54 92
54 89
54 88
54 82
55 98
55 74
55 90
55 89
55 92
55 81
55 58
56 66
56 87
57 80
57 73
57 78
57 82
57 63
57 93
57 62
57 70
58 79
58 62
58 76
58 95
58 92
59 97
59 85
59 98
59 88
59 86
59 80
59 83
60 61
60 95
60 73
60 67
61 95
61 82
61 70
61 64
61 64
61 80
62 86
62 63
62 96
62 93
63 82
63 80
64 68
64 67
65 71
65 72
65 92
67 94
67 94
67 75
67 84
68 88
68 82
68 77
69 76
69 82
69 80
69 83
70 87
70 74
70 98
70 78
71 90
71 83
71 97
72 84
72 81
73 75
74 75
74 79
74 94
75 97
75 78
76 89
76 78
76 77
77 85
77 82
78 94
80 92
80 92
81 91
81 95
81 87
81 91
82 84
82 83
82 83
83 85
83 99
88 96
89 99
90 99
92 93
