0 94
0 1
0 76
0 4
0 48
0 69
0 56
1 73
1 34
1 21
1 20
1 84
1 51
1 39
1 46
1 75
1 64
1 22
1 60
1 90
2 94
2 30
2 40
2 8
2 85
2 28
2 58
2 56
2 58
3 15
3 13
3 67
3 69
3 76
3 69
3 4
4 99
4 48
4 18
4 37
4 64
4 30
4 23
4 40
4 35
5 38
5 47
5 54
5 58
5 77
5 74
5 61
5 46
5 69
6 86
6 13
6 99
6 79
6 81
6 53
6 58
6 33
6 35
7 76
7 79
7 22
7 70
7 49
7 85
7 68
7 98
7 86
7 50
7 68
7 54
7 85
7 67
7 94
8 30
8 51
8 14
8 55
8 51
8 48
9 50
9 67
9 82
10 35
10 69
10 60
10 84
10 85
10 26
11 90
11 38
11 16
11 57
11 25
11 13
11 89
11 22
12 82
12 46
12 27
12 47
12 24
12 41
12 90
12 78
12 41
12 56
13 52
13 61
13 71
13 32
13 42
13 57
13 93
13 41
13 27
13 57
13 78
13 93
14 98
14 64
14 76
14 95
15 37
15 98
15 76
15 25
15 76
15 82
15 38
15 24
15 41
15 31
15 64
15 59
15 74
15 83
16 52
16 22
16 41
16 59
16 30
16 80
16 55
16 92
16 43
17 86
17 54
17 24
17 67
17 42
17 88
17 54
17 88
17 45
18 24
18 34
18 48
18 28
18 28
18 91
18 92
18 41
18 59
18 40
18 48
18 60
18 22
19 34
19 85
19 89
19 63
19 64
19 38
19 23
19 56
20 62
20 87
20 47
20 67
20 62
20 47
20 32
20 77
20 61
21 32
21 60
21 41
21 48
22 62
22 56
22 66
22 70
22 39
22 37
22 25
22 94
22 95
22 67
23 91
23 99
23 80
23 53
23 74
23 53
23 34
24 87
24 44
24 74
24 41
24 48
25 75
25 72
25 81
25 31
25 45
25 41
25 99
25 94
25 72
25 96
26 69
26 74
26 43
26 79
26 45
26 67
26 63
26 71
26 40
27 76
27 50
27 63
28 87
28 74
28 61
29 80
29 85
29 79
29 53
29 82
29 33
29 76
29 80
29 87
30 95
30 95
30 63
30 75
30 60
30 97
30 60
31 71
31 44
31 42
31 46
31 92
31 36
31 62
32 51
32 47
32 99
32 33
32 78
32 44
32 96
32 81
32 57
33 72
33 88
33 56
33 35
33 68
33 39
34 88
34 91
34 65
34 49
35 46
35 51
35 72
35 48
36 79
37 64
37 87
37 97
37 86
38 89
38 39
38 48
38 68
38 54
38 91
38 91
38 70
39 94
39 95
39 43
39 87
39 72
39 59
40 45
40 58
40 80
40 70
40 79
40 58
40 87
40 52
41 61
41 48
41 51
41 46
42 80
42 54
42 43
42 81
42 66
43 69
43 64
43 75
43 92
43 99
43 89
44 97
44 91
44 55
44 58
44 79
44 87
44 61
44 48
45 76
45 80
45 80
45 46
45 79
45 89
45 47
45 65
45 52
45 56
46 59
46 50
46 49
46 77
47 80
47 79
47 48
47 94
48 53
48 86
48 88
48 76
48 93
49 77
49 59
49 82
49 77
49 67
49 85
50 84
50 96
50 71
50 64
50 76
50 51
51 89
51 89
51 70
51 98
51 84
52 67
52 82
52 98
52 66
52 82
52 99
52 98
52 55
53 75
53 57
53 83
53 80
54 82
55 65
55 62
55 86
55 99
55 93
55 90
56 80
56 69
57 81
57 67
57 79
57 68
58 73
58 75
58 66
58 80
59 82
59 98
59 91
59 60
59 60
59 79
60 69
60 99
61 91
61 73
61 70
61 64
61 94
62 95
63 90
63 68
63 90
63 71
64 99
64 66
64 79
64 85
65 87
65 76
66 90
66 85
66 91
66 92
66 94
66 99
66 95
66 91
66 72
67 97
67 68
67 85
68 85
68 86
68 76
69 93
70 97
70 72
70 93
70 94
70 82
70 84
70 78
71 81
72 82
72 87
72 96
73 81
73 80
73 87
74 84
74 86
74 95
74 93
75 93
75 96
75 91
75 78
76 87
76 80
76 83
77 87
77 96
77 88
78 87
78 93
78 99
80 81
81 89
81 82
82 85
82 94
82 83
83 92
85 87
86 99
86 96
87 94
87 94
89 94
89 94
90 92
91 95
91 94
92 94
93 95
93 95
93 95
94 97
94 97
96 97
