0 34
0 83
0 3
0 75
0 50
1 51
1 93
1 39
1 52
1 40
1 59
1 93
1 47
1 36
1 84
1 51
1 61
1 98
1 40
2 89
2 10
2 46
2 16
2 97
2 11
2 58
2 82
2 77
3 13
3 17
3 4
3 51
3 55
3 7
3 13
3 81
3 38
4 62
4 66
4 93
4 86
4 96
4 22
4 71
4 29
4 19
4 59
4 71
4 96
5 50
5 14
5 16
5 74
5 74
5 70
5 25
5 25
5 81
6 54
6 85
6 99
6 17
6 90
6 92
6 93
6 92
6 44
6 8
6 76
6 8
6 30
6 79
6 21
6 35
7 89
7 80
7 41
7 39
7 41
7 46
7 15
7 59
7 40
8 74
8 80
8 29
8 58
8 96
8 60
8 87
8 36
9 36
9 57
9 79
9 98
9 62
9 34
9 71
9 47
9 54
9 30
9 18
10 58
10 14
10 93
10 61
10 70
10 23
10 26
11 88
11 45
11 89
11 18
11 30
11 99
11 89
11 33
12 87
12 44
12 90
12 65
12 22
12 89
12 91
12 74
12 84
12 85
12 38
12 76
12 21
13 98
13 89
13 68
13 98
13 49
13 73
13 49
13 81
13 25
13 44
13 89
14 23
14 99
14 32
14 42
14 16
14 80
14 19
14 26
14 81
14 91
15 96
15 98
15 77
15 82
15 43
15 26
16 87
16 81
16 29
16 91
16 31
16 79
16 22
16 54
16 54
16 23
16 18
17 61
17 32
17 81
17 33
17 55
18 27
18 62
18 54
18 65
19 66
19 31
19 56
19 71
19 70
19 76
20 84
20 88
20 90
20 27
20 93
20 70
20 28
20 67
21 36
21 52
21 94
21 29
21 42
21 93
21 26
21 56
21 24
21 23
21 85
21 32
22 91
22 26
22 42
22 98
22 73
22 80
22 70
22 83
23 50
23 59
23 61
23 42
23 71
23 96
23 91
24 80
24 33
24 89
24 92
24 54
24 98
24 93
24 89
24 25
25 90
25 61
25 87
25 47
25 29
25 37
26 45
26 37
26 67
26 83
26 97
27 29
27 44
27 51
27 62
27 92
27 57
27 51
28 96
28 79
28 90
28 33
28 42
28 83
29 61
29 74
29 40
29 92
29 79
29 84
29 80
30 97
30 82
31 94
31 99
31 85
31 85
31 83
31 54
32 39
32 60
32 69
32 78
32 88
32 72
32 59
33 54
33 74
33 84
33 48
33 92
33 66
33 78
33 81
33 81
33 63
33 69
33 96
34 63
34 59
34 47
34 86
34 63
34 53
34 95
34 75
34 80
35 93
35 73
35 58
35 95
35 83
35 88
35 44
35 58
36 90
36 37
36 75
36 37
36 77
37 76
37 66
37 47
37 47
37 64
38 83
38 76
38 70
38 50
38 70
38 80
38 55
38 90
38 66
38 42
39 90
39 60
39 77
40 65
40 87
40 72
40 70
40 91
40 69
40 59
40 50
40 97
41 49
41 66
41 99
41 87
41 67
42 99
42 45
42 65
42 93
42 43
42 75
43 50
43 75
43 64
43 76
43 66
43 63
43 91
43 50
44 53
44 51
44 68
44 83
44 82
45 98
45 57
46 59
46 48
46 87
46 64
46 66
46 80
46 95
47 54
47 83
47 93
47 91
48 55
48 92
48 78
48 82
48 95
48 91
48 58
48 69
49 72
49 85
49 75
50 74
50 65
50 89
50 58
50 57
50 51
51 98
51 53
51 82
51 79
51 56
51 97
52 92
52 91
52 62
52 85
52 97
52 67
52 79
53 80
53 97
53 98
53 86
53 96
54 89
54 57
54 61
54 93
54 56
54 89
54 92
55 71
55 93
55 67
55 87
55 81
56 97
56 72
56 67
57 90
57 70
57 61
57 69
57 99
58 71
58 73
58 81
58 91
58 68
59 74
59 80
59 67
60 85
60 80
61 82
61 91
61 91
61 98
62 78
62 88
62 94
62 80
62 77
63 65
63 85
63 86
63 83
63 99
64 82
65 99
65 89
65 67
65 88
65 78
65 70
65 85
65 90
66 76
66 91
66 69
66 70
67 78
67 73
68 75
68 85
71 96
71 88
73 83
74 86
74 85
75 77
75 86
76 92
77 85
77 95
77 98
77 95
78 96
78 91
80 94
81 87
81 90
82 89
82 84
83 84
85 99
86 89
86 97
87 90
88 94
88 91
89 96
90 99
91 92
91 95
91 94
91 99
96 97
