0 24
0 80
0 64
0 58
0 86
0 19
0 38
0 78
0 66
0 52
0 82
0 50
0 33
0 68
0 95
1 92
1 28
1 28
1 89
1 74
1 96
1 83
1 56
2 7
2 96
2 67
2 61
2 4
2 69
2 81
2 64
3 26
3 97
3 98
3 36
3 10
4 85
4 27
4 33
4 58
4 87
4 16
4 90
4 30
4 23
5 55
5 76
5 68
5 85
5 98
5 25
5 33
5 67
5 35
5 54
5 8
5 26
5 95
6 62
6 67
6 55
6 29
6 76
6 74
6 61
6 37
6 48
6 50
6 67
6 31
6 19
6 64
6 43
7 47
7 75
7 96
7 96
7 72
7 11
7 23
7 67
8 91
8 23
8 95
8 96
8 22
8 86
8 66
9 10
9 12
9 92
9 78
9 93
9 72
9 26
9 98
10 91
10 66
10 25
10 35
10 23
10 15
10 78
10 25
10 13
11 57
11 26
11 16
11 40
11 69
11 81
11 74
11 80
11 19
11 58
11 17
11 99
12 49
12 46
12 56
12 30
12 95
12 79
12 26
12 32
12 98
12 40
12 33
12 30
13 79
13 72
13 23
13 30
14 37
14 77
14 58
14 65
14 75
15 88
15 40
15 51
15 77
15 41
15 50
15 39
15 90
15 83
15 70
15 47
15 50
15 97
15 95
15 50
16 38
16 47
16 23
16 77
16 35
16 35
16 65
16 34
16 85
16 27
16 42
17 62
17 20
17 43
17 99
17 41
17 24
17 55
18 73
18 55
18 56
18 35
18 89
18 46
19 95
19 25
19 75
19 98
19 78
19 45
19 28
20 46
20 40
20 25
20 93
21 27
21 52
21 69
21 90
21 23
21 44
21 53
21 63
21 78
22 27
22 45
22 26
22 80
22 30
22 86
22 98
22 52
22 98
22 77
22 59
23 54
23 71
23 40
23 92
23 69
23 27
24 39
24 88
24 38
24 71
24 47
25 72
25 80
25 63
25 80
25 27
26 38
26 89
26 77
27 89
27 71
28 41
28 63
28 62
28 35
28 92
28 96
28 75
28 35
28 35
29 80
29 44
29 97
29 95
29 98
29 79
29 60
29 51
30 86
30 65
30 77
30 36
30 63
30 90
30 90
30 96
30 98
30 39
30 53
30 50
30 94
31 37
31 50
31 47
31 88
31 46
31 38
31 63
31 59
32 68
32 37
32 84
32 34
32 89
32 78
32 57
32 52
32 53
32 97
32 73
33 34
33 48
33 77
33 86
33 51
33 73
34 53
34 87
34 81
34 73
34 51
34 40
34 42
34 42
34 47
34 60
35 51
35 45
35 60
35 80
35 97
35 68
35 76
36 54
36 62
36 49
36 71
36 84
36 96
36 39
36 68
36 38
36 88
37 59
37 55
37 66
38 65
38 73
38 82
38 77
38 60
39 65
39 56
39 92
39 85
39 72
39 71
39 62
39 70
40 42
40 43
40 50
40 85
40 73
40 65
41 44
41 58
41 96
41 78
41 80
42 87
42 48
43 64
43 58
44 52
44 99
44 95
44 75
44 47
44 76
45 96
45 90
45 92
45 97
45 72
45 89
45 94
46 59
46 82
46 60
46 71
47 62
47 79
47 90
48 62
48 59
48 66
48 50
48 96
48 67
48 81
48 59
49 62
49 93
49 99
49 63
49 91
49 89
49 87
50 51
50 83
50 70
51 58
51 54
51 58
51 92
51 76
51 60
52 89
52 76
52 97
53 84
53 93
53 72
53 54
53 82
53 77
54 75
54 60
54 55
54 93
54 88
55 89
55 61
55 96
56 91
56 78
56 68
57 78
57 63
57 61
57 59
57 86
57 79
58 77
58 67
58 71
58 70
58 98
58 63
58 75
59 75
59 76
59 70
60 70
60 74
60 61
60 63
60 84
61 64
61 93
61 69
61 95
62 78
62 73
63 89
64 76
64 87
64 87
65 90
65 69
65 71
65 90
66 82
66 83
67 81
67 97
67 93
68 77
68 86
68 97
69 83
70 75
70 79
70 91
71 75
71 83
71 78
71 94
71 89
72 88
72 83
72 88
72 87
72 88
72 81
73 90
73 81
74 89
74 78
74 89
75 91
75 89
76 92
76 99
77 89
79 94
79 88
79 87
80 88
81 91
81 86
82 94
82 99
83 90
83 98
84 98
84 97
84 93
84 89
85 98
86 91
87 89
88 99
89 93
89 91
91 96
93 99
94 99
95 97
97 99
97 98
