0 19
0 26
0 90
0 66
0 10
0 75
0 65
0 20
0 99
0 13
1 29
1 31
1 92
1 72
1 2
1 42
1 77
1 64
1 59
1 47
1 56
1 8
2 65
2 7
2 85
2 21
2 48
2 62
2 41
2 58
2 46
2 73
2 67
2 92
2 72
2 32
2 40
2 65
3 90
3 23
3 93
3 44
3 82
3 21
3 89
4 92
4 73
4 81
4 54
4 85
5 67
5 36
5 93
5 98
5 17
5 10
5 42
5 23
5 70
5 29
6 55
6 37
6 25
6 81
6 68
6 78
6 31
7 86
7 74
7 12
7 19
7 69
7 12
7 82
7 25
7 87
7 47
7 85
8 57
8 45
8 70
8 52
8 76
8 92
8 27
8 13
8 78
8 45
8 89
9 82
9 55
9 51
9 39
9 29
9 92
9 17
9 93
9 42
9 76
10 78
10 48
10 21
10 14
10 20
10 98
10 55
10 25
10 72
11 35
11 15
11 65
11 56
11 27
11 89
11 55
11 67
12 97
12 48
12 77
12 44
12 78
12 98
12 19
12 57
12 60
12 86
12 84
12 78
13 61
13 24
13 89
13 64
13 76
13 74
13 22
13 47
13 29
13 67
13 28
13 33
14 83
14 38
14 20
14 64
14 74
14 73
14 52
15 37
15 44
15 69
15 90
15 70
15 22
16 44
16 35
16 42
16 48
16 83
17 40
17 62
17 56
17 20
17 69
17 21
17 82
17 65
17 52
17 52
17 20
18 46
18 24
18 72
18 36
18 32
18 35
19 49
19 78
19 41
19 28
20 31
20 96
20 66
20 28
20 22
20 61
20 56
20 23
20 54
20 47
20 97
20 23
20 63
21 91
21 64
21 40
21 24
21 97
21 69
21 41
21 30
21 34
21 74
22 82
22 79
22 84
22 85
22 92
22 65
22 52
23 43
23 62
23 79
23 37
23 66
23 24
23 60
23 63
24 83
24 58
24 34
24 35
24 73
24 89
24 89
24 47
25 61
25 42
25 50
25 31
25 67
26 64
26 80
26 43
26 69
26 30
27 83
27 38
27 99
27 63
28 33
28 69
28 29
28 36
28 45
28 91
28 89
28 77
28 97
29 60
29 57
29 35
29 90
29 76
29 58
29 69
29 80
30 34
30 59
30 75
30 50
30 92
30 82
30 65
30 36
30 85
30 40
30 88
30 74
30 87
31 75
31 74
31 79
31 77
31 85
32 80
32 95
32 71
32 85
32 90
32 58
32 84
32 45
32 92
32 64
33 66
33 88
33 62
33 34
33 90
34 37
34 99
34 89
34 64
35 51
35 56
35 49
36 43
36 59
36 54
36 76
36 79
37 55
37 95
37 65
37 68
37 53
37 90
38 64
38 98
38 82
38 52
38 64
38 71
38 91
38 84
38 51
39 45
39 83
39 92
39 69
40 85
40 89
40 86
40 43
40 99
41 77
41 70
41 73
41 80
41 87
41 94
42 92
42 70
42 44
42 49
42 43
42 87
43 50
43 68
43 79
43 80
43 88
43 91
43 81
44 98
44 85
44 52
44 65
44 58
44 95
45 84
45 62
45 73
45 79
45 59
45 75
46 51
46 78
46 64
46 89
46 65
46 89
46 81
47 88
47 86
47 48
47 95
47 90
47 61
47 89
48 63
48 69
48 58
48 71
48 92
48 78
48 70
48 79
49 90
49 68
49 81
49 62
50 67
50 81
50 65
50 73
50 92
50 91
51 70
51 69
51 65
52 89
52 60
52 57
52 85
52 93
53 81
54 73
54 58
54 83
54 96
54 61
54 61
54 64
54 89
55 94
56 98
56 69
56 93
57 66
57 86
58 83
58 66
58 63
58 83
59 72
59 69
59 98
59 89
60 61
60 97
60 61
60 86
60 67
61 79
61 98
61 63
61 70
61 87
62 96
62 93
62 90
63 93
64 99
64 92
64 94
64 87
65 93
65 78
65 87
65 99
66 79
66 99
66 99
66 90
67 90
67 99
68 95
68 76
68 96
68 76
68 81
69 90
69 76
70 72
70 79
70 78
70 96
70 94
71 73
71 99
71 72
71 94
71 85
72 81
72 73
72 83
73 93
74 97
74 81
75 81
75 84
75 81
76 95
76 80
77 98
78 89
79 86
79 91
80 96
80 81
80 99
80 94
81 92
82 87
84 94
84 86
84 98
85 89
85 88
86 96
86 90
88 96
88 92
89 91
90 94
90 94
92 94
93 98
96 97
