0 12
0 53
0 33
0 54
0 10
0 2
0 98
0 50
1 12
1 4
1 67
1 77
1 57
1 26
1 51
1 36
1 76
1 83
1 66
2 39
2 41
2 89
2 37
2 89
2 79
2 40
3 27
3 88
3 52
3 71
3 65
3 37
3 4
3 21
3 13
3 42
3 53
4 64
4 31
4 38
4 20
4 55
4 66
4 24
4 63
5 71
5 28
5 31
5 53
5 28
5 96
5 75
5 15
5 45
5 70
6 21
6 24
6 55
6 58
6 84
6 88
6 55
7 19
7 79
7 96
7 33
7 80
7 45
7 34
7 50
7 67
8 38
8 43
8 9
8 60
8 40
8 58
8 77
8 50
8 45
8 34
8 24
8 87
8 72
9 52
9 93
9 98
9 26
9 75
9 29
9 96
9 78
9 56
9 97
9 98
10 69
10 72
10 28
10 40
11 37
11 87
11 48
11 57
11 54
11 76
11 82
11 78
11 12
11 39
11 84
11 50
12 83
12 60
12 54
12 56
12 71
12 39
12 51
12 80
12 77
12 43
13 18
13 75
13 23
13 57
13 87
13 16
13 36
14 72
14 58
14 49
14 24
14 87
14 52
15 74
15 89
15 75
15 75
15 25
16 84
16 29
16 61
16 58
16 39
16 68
16 74
16 25
16 85
16 91
16 37
17 75
17 20
17 23
17 78
17 70
17 30
17 94
17 61
17 42
18 40
18 32
18 82
18 76
18 26
18 69
18 71
19 22
19 50
19 49
19 50
19 31
19 81
19 21
19 64
19 77
19 84
19 92
20 36
20 41
20 62
20 55
20 39
20 65
21 58
21 68
21 89
21 56
21 46
21 25
21 95
21 29
21 46
21 99
21 30
22 48
22 81
22 31
22 59
22 30
22 73
22 72
23 43
23 50
23 25
23 41
23 93
24 29
24 34
24 91
25 64
25 42
25 83
25 37
26 50
26 40
26 94
26 99
26 45
27 52
27 98
27 62
28 68
28 87
28 34
28 31
28 51
28 36
28 53
28 42
28 95
28 53
28 99
29 87
29 85
29 58
29 57
29 54
29 57
29 58
29 53
29 92
30 68
30 99
30 96
30 47
30 60
30 84
31 99
31 70
32 62
32 83
32 84
32 46
32 73
32 70
32 70
32 84
32 99
33 97
33 86
33 66
33 74
33 43
33 75
33 35
33 91
33 84
34 88
34 76
34 98
34 92
34 45
34 56
35 73
35 89
35 39
35 37
35 83
35 53
36 99
36 79
36 69
36 67
36 49
36 54
36 93
36 87
36 70
37 65
37 94
37 41
37 78
37 80
37 65
37 64
37 41
38 90
38 55
38 41
38 69
38 53
39 67
39 88
39 78
39 68
39 87
39 65
39 46
40 58
40 89
40 54
41 46
41 77
41 57
41 51
42 50
42 46
42 75
42 72
42 98
42 52
42 46
42 53
42 81
42 73
42 69
43 75
43 68
43 53
43 80
43 53
43 78
43 77
44 51
44 60
44 55
44 60
45 91
45 48
45 56
45 78
45 77
45 70
46 58
46 52
46 64
46 75
46 80
46 98
46 54
47 56
47 49
47 54
47 76
47 72
47 69
48 85
48 65
48 61
48 51
48 95
48 76
48 77
49 95
49 81
49 79
49 76
49 66
49 83
49 77
49 50
50 83
50 96
50 79
50 55
51 96
51 58
51 97
51 54
51 65
52 83
52 85
52 54
52 71
53 76
53 64
53 82
53 74
53 73
54 58
54 86
54 91
54 72
55 59
55 65
56 70
56 78
56 71
56 67
56 97
57 58
57 95
57 86
57 95
57 89
57 79
57 90
57 71
58 99
58 62
58 60
58 73
59 82
59 84
59 71
59 80
59 89
60 67
60 64
60 73
61 79
61 67
61 77
61 74
61 83
62 82
62 86
62 83
63 67
63 77
63 98
63 64
63 70
64 91
65 97
65 90
66 98
66 87
66 86
67 79
68 80
69 83
69 78
69 83
69 91
69 78
70 92
70 96
71 98
71 72
71 87
72 76
72 93
72 87
72 98
72 91
73 91
73 77
74 77
74 82
74 82
75 83
75 78
75 93
75 89
75 94
76 91
76 83
76 80
76 87
77 98
79 88
79 96
79 83
81 95
81 83
81 87
82 98
82 88
82 93
83 85
83 98
83 84
84 91
85 91
86 98
87 93
87 92
88 96
88 96
89 95
89 94
89 95
90 91
90 95
91 97
91 96
94 99
94 96
97 98
