0 13
0 69
0 29
0 71
0 52
0 84
0 57
0 64
1 59
1 88
1 79
1 93
1 11
1 54
1 93
1 75
1 55
1 56
1 55
2 53
2 79
2 12
2 34
2 30
2 36
2 62
2 50
3 50
3 15
3 68
3 23
3 43
3 22
3 87
3 28
3 31
4 76
4 44
4 58
4 66
4 34
4 38
4 37
5 72
5 69
5 11
5 56
5 44
6 51
6 71
6 85
6 8
6 11
6 58
6 49
6 93
6 43
6 27
6 14
6 28
6 84
7 11
7 25
7 17
7 46
7 10
7 21
7 51
7 39
7 37
7 86
7 63
7 29
8 66
8 97
8 41
8 74
8 20
8 57
8 64
9 75
9 88
9 49
9 15
9 71
9 30
9 70
9 94
9 38
9 18
9 25
10 18
10 82
10 94
10 29
10 41
10 64
10 34
10 51
10 25
10 84
10 56
11 63
11 23
11 81
11 83
11 97
11 94
11 16
11 56
11 21
11 92
11 84
12 54
12 74
12 45
12 50
12 20
12 58
12 76
12 59
12 27
12 76
12 25
12 40
12 57
13 39
13 46
13 43
13 48
13 84
13 56
13 65
13 71
14 21
14 25
14 84
14 68
14 97
14 55
14 70
14 27
14 83
14 40
15 96
15 28
15 64
15 34
15 47
15 70
15 82
15 31
15 35
16 60
16 77
16 22
16 89
16 55
17 80
17 69
17 98
17 40
17 29
17 38
17 57
17 38
17 89
17 74
17 18
17 59
18 34
18 39
18 56
18 82
18 24
18 33
18 43
18 47
18 70
18 87
19 24
19 99
19 51
19 86
19 67
19 25
19 83
19 73
19 86
19 28
19 99
20 76
20 87
20 59
20 76
20 80
20 30
20 61
20 25
21 78
21 57
21 62
21 25
21 23
21 42
21 55
21 60
22 92
22 49
22 65
22 40
22 27
22 60
23 29
23 41
23 31
23 69
23 31
23 45
23 50
24 89
24 67
24 81
24 79
24 57
24 57
24 72
24 26
25 61
25 88
25 68
25 38
25 44
25 29
25 66
25 52
26 45
26 34
26 98
26 66
26 56
26 75
26 63
26 90
27 97
27 66
27 86
27 82
27 76
28 83
28 34
28 80
28 30
28 73
28 76
28 59
28 59
28 99
29 59
29 92
29 30
29 66
29 85
29 83
29 93
29 52
29 74
29 98
29 83
30 83
30 87
30 63
30 83
30 82
31 66
31 79
31 46
31 93
31 40
31 34
31 88
31 77
31 97
31 54
31 57
32 90
32 58
32 66
32 83
32 75
32 54
32 62
32 38
32 78
33 85
33 53
33 34
33 63
33 50
33 40
33 63
33 64
33 54
34 45
34 68
34 91
34 80
34 66
34 84
34 81
35 96
35 71
35 41
35 36
35 90
36 37
36 41
36 63
37 83
37 98
37 92
37 81
37 74
38 49
38 97
38 75
38 70
38 71
38 97
39 66
39 54
39 58
39 41
39 93
39 46
39 79
39 87
39 56
39 73
39 87
40 60
40 65
40 59
40 77
41 83
41 76
41 92
42 57
42 67
42 81
42 62
42 98
42 77
42 46
42 57
43 69
43 50
43 89
43 66
43 75
44 95
44 81
44 86
44 48
44 61
44 78
44 63
44 86
45 57
45 77
45 83
45 91
45 54
46 97
46 51
46 72
47 50
47 52
47 57
47 53
47 53
47 92
48 77
48 62
48 53
48 53
48 91
49 90
49 77
49 73
50 97
50 74
50 87
51 83
51 72
51 57
51 79
52 79
52 70
52 63
52 76
53 71
53 64
53 95
53 77
53 88
53 93
53 93
53 79
53 61
54 60
54 83
54 90
55 93
55 87
55 56
56 91
56 85
56 76
56 91
57 88
57 94
57 59
57 90
57 96
59 96
59 82
59 84
59 67
59 68
59 82
60 80
60 62
60 64
60 94
61 95
61 82
61 67
61 90
61 74
62 92
63 76
63 95
63 70
63 98
63 80
64 84
64 69
65 73
65 76
65 90
66 81
67 95
67 98
68 91
68 78
69 78
70 96
70 71
70 76
70 72
71 99
71 88
72 94
72 74
72 90
72 96
72 85
72 99
73 76
73 91
74 94
74 99
74 80
74 96
76 79
76 91
77 98
77 90
77 80
77 80
78 81
79 89
79 82
79 86
79 83
80 92
80 93
81 99
81 92
84 87
87 94
88 96
89 95
89 92
91 98
92 98
92 99
95 99
96 97
