0 99
0 77
0 81
0 74
0 78
0 36
0 50
0 75
0 65
1 66
1 37
1 7
1 4
1 75
1 84
1 40
1 7
1 98
1 90
2 96
2 43
2 91
2 87
2 68
2 22
2 31
2 40
2 72
2 5
2 90
2 14
2 87
2 5
2 98
2 44
3 31
3 46
3 81
3 21
3 97
3 68
3 44
3 6
3 86
4 55
4 47
4 7
4 99
4 14
4 59
4 53
5 37
5 80
5 68
5 64
5 77
5 34
5 35
5 28
5 73
5 26
5 25
5 64
6 37
6 76
6 93
6 21
6 58
6 38
7 78
7 96
7 50
7 63
7 8
7 21
7 35
7 36
7 36
7 86
8 13
8 65
8 60
8 30
8 30
8 41
8 54
9 46
9 72
9 55
9 35
9 99
9 24
10 52
10 36
10 42
10 83
10 44
10 25
11 83
11 21
11 41
11 48
11 79
11 28
11 79
11 46
11 94
11 87
11 65
12 47
12 16
12 86
12 44
12 49
12 39
12 39
12 37
12 52
12 60
12 52
12 13
13 84
13 79
13 53
13 34
13 70
14 53
14 90
14 15
14 91
14 94
14 98
14 87
15 90
15 47
15 33
15 19
15 47
16 88
16 23
16 64
16 83
16 27
16 66
16 45
16 56
16 37
16 73
16 19
16 53
16 30
17 80
17 94
17 66
17 51
17 83
17 76
17 45
17 84
18 75
18 65
18 79
18 67
18 37
18 48
18 37
18 26
18 66
18 99
19 63
19 69
19 91
19 53
19 87
19 74
19 33
19 78
20 22
20 55
20 68
20 41
20 81
20 32
20 92
20 87
20 94
21 62
21 44
21 98
21 39
22 87
22 34
22 71
22 96
22 69
22 84
22 77
22 81
22 87
23 97
23 50
23 39
23 91
23 67
23 43
23 88
23 49
23 68
24 95
24 74
24 48
24 67
24 94
24 36
24 37
25 98
25 84
25 78
25 90
25 46
25 99
25 71
26 43
26 73
26 63
26 78
26 75
27 77
27 95
27 71
27 52
27 91
27 59
27 89
27 86
28 91
28 99
28 89
28 52
28 88
28 47
29 87
29 53
29 66
29 30
30 55
30 57
30 70
30 76
30 60
30 97
31 83
31 87
31 61
31 37
31 97
31 87
31 51
31 90
31 97
31 40
32 65
32 75
32 38
32 43
32 88
32 66
32 91
32 47
32 56
33 86
33 67
33 40
33 34
33 69
33 73
33 39
33 52
33 74
33 73
33 72
33 44
33 53
33 93
33 60
33 68
34 69
34 92
35 87
35 98
35 72
35 68
35 87
35 66
36 75
36 45
36 86
36 98
37 72
37 93
37 89
37 40
38 99
38 88
38 86
39 55
39 83
39 55
39 71
39 61
39 60
39 94
39 59
39 75
40 49
40 64
41 84
41 63
41 64
41 47
41 65
42 49
42 57
42 81
42 45
42 71
42 72
43 90
43 62
43 80
43 73
43 44
44 46
44 77
44 74
44 65
44 91
44 98
44 85
44 85
44 97
44 84
45 97
45 65
45 62
45 79
45 88
45 50
45 97
45 80
46 99
46 76
46 95
46 92
47 62
47 71
47 72
47 84
47 48
47 49
47 56
47 75
48 51
48 82
48 93
48 69
48 56
48 72
48 65
48 75
48 66
49 89
49 72
49 89
49 96
50 64
50 76
50 75
50 66
50 79
50 60
51 68
51 62
51 94
51 89
51 89
51 61
52 67
52 75
52 85
52 55
52 72
52 98
53 74
53 88
53 64
53 87
53 75
54 89
54 65
54 76
55 66
55 83
55 80
55 92
55 94
56 94
56 87
56 65
56 64
57 82
57 91
57 87
58 91
58 65
58 63
58 84
59 93
59 79
59 66
59 61
60 94
60 92
60 77
60 75
60 92
60 81
60 79
60 75
60 61
61 63
61 85
61 83
61 86
62 77
62 74
63 76
63 85
64 71
65 86
65 81
65 95
66 84
66 91
66 74
67 77
67 73
67 83
68 70
69 71
69 81
69 74
69 78
69 78
69 79
70 97
70 76
70 73
70 86
70 75
70 98
70 88
71 72
71 98
71 80
72 96
72 86
72 96
73 74
73 96
73 98
73 82
74 85
74 97
75 83
75 84
75 78
75 95
76 80
77 94
77 89
78 87
78 83
78 90
78 81
80 85
82 94
82 83
82 97
82 83
83 98
84 87
84 89
84 97
87 93
90 94
91 94
92 93
93 95
95 97
