0 63
0 38
0 51
0 7
0 8
0 49
0 31
0 50
1 70
1 38
1 28
1 47
1 96
1 39
1 35
1 5
1 34
2 11
2 87
2 67
2 90
2 9
2 12
2 95
2 70
2 40
2 25
2 94
2 92
3 67
3 45
3 45
3 63
3 10
3 22
4 95
4 98
4 57
4 33
4 43
4 70
5 24
5 85
5 37
5 7
5 41
5 75
5 18
5 54
5 60
5 29
5 24
5 40
6 91
6 37
6 50
6 92
6 35
6 15
6 78
6 62
6 53
6 17
6 19
6 69
6 96
7 52
7 91
7 59
7 64
7 71
7 38
7 56
7 86
7 82
7 91
8 77
8 44
8 63
8 26
9 29
9 82
9 74
9 22
9 23
9 24
9 14
9 95
9 34
9 57
10 48
10 88
10 64
10 48
10 28
10 20
11 78
11 62
11 71
11 71
11 28
11 93
11 91
11 41
11 71
11 12
11 16
12 92
12 88
12 69
13 20
13 91
13 72
13 51
13 20
13 95
13 41
13 92
14 34
14 84
14 36
14 55
14 65
14 97
14 35
14 44
14 94
15 74
15 92
15 31
15 79
16 67
16 21
16 33
16 56
16 53
16 78
16 88
17 35
17 63
17 42
17 25
17 76
17 47
18 28
18 82
18 50
18 99
18 59
18 58
18 21
18 49
18 50
18 34
19 58
19 84
19 83
19 68
19 84
19 87
19 81
19 93
19 29
20 41
20 49
20 93
20 74
20 22
20 33
21 50
21 74
21 90
21 74
21 96
21 44
21 49
21 99
22 62
22 27
22 38
22 84
22 43
22 85
22 57
22 27
22 94
23 29
23 56
23 49
23 46
23 25
23 66
24 31
24 31
24 40
24 74
24 37
24 73
24 35
24 43
24 33
25 33
25 70
25 97
26 98
26 99
26 48
26 84
26 40
26 67
27 58
27 82
27 95
27 59
28 76
28 32
28 88
28 57
29 82
29 37
29 95
29 50
29 79
29 43
29 34
30 83
30 67
30 32
30 62
30 67
30 37
30 43
30 58
30 85
30 67
30 41
30 70
30 73
31 91
31 68
31 50
31 33
31 81
31 45
31 52
31 74
31 92
32 40
32 98
32 36
32 41
32 97
32 58
32 76
32 82
33 63
33 79
33 42
33 43
33 74
33 34
34 60
34 59
34 95
35 72
35 65
35 70
35 51
35 84
35 39
35 88
35 89
36 49
36 54
36 77
36 51
36 51
36 63
37 50
37 83
37 49
37 66
37 92
37 86
37 49
37 83
37 46
37 45
37 75
37 75
37 53
38 94
38 53
38 47
38 59
38 57
38 76
38 54
38 49
38 57
39 87
39 86
39 57
39 65
39 91
40 73
40 76
40 71
40 42
40 52
40 69
40 77
41 69
41 53
41 85
41 43
41 49
42 51
42 67
42 85
42 94
42 60
42 92
42 91
42 98
42 92
43 56
43 91
43 49
43 73
43 47
44 97
44 56
44 99
44 47
45 94
45 53
45 78
45 54
45 46
45 90
45 64
46 97
46 98
46 89
46 71
46 96
47 79
47 82
47 53
47 90
47 80
47 86
47 75
47 89
47 88
48 75
48 91
48 77
48 63
48 68
49 90
49 53
49 95
49 62
50 98
50 88
50 63
50 73
50 54
50 97
50 90
51 57
51 95
51 58
51 81
51 60
52 70
52 71
52 54
53 98
53 77
53 93
53 90
53 69
54 65
55 70
55 70
55 56
55 89
55 76
55 84
55 96
56 99
56 83
56 77
56 98
57 66
57 65
57 61
58 68
58 91
58 92
58 83
59 76
59 80
59 72
59 76
59 64
60 74
60 97
60 65
61 86
61 78
61 73
62 81
62 82
63 73
63 82
64 80
64 65
64 85
64 68
64 81
65 91
65 84
65 76
65 72
65 75
65 78
65 70
66 75
66 94
66 77
66 95
66 96
66 71
67 95
67 93
67 92
68 77
68 92
68 70
69 96
69 75
70 72
70 94
70 89
70 80
70 90
71 84
72 85
72 74
72 94
72 97
73 85
74 91
74 83
74 93
74 96
75 89
75 81
76 82
76 80
76 79
76 90
76 89
77 88
77 86
77 88
78 86
78 89
79 92
79 95
79 92
80 83
80 90
80 92
80 93
80 82
81 86
81 87
81 84
81 99
81 82
82 95
83 96
84 85
86 99
86 88
86 88
87 96
88 89
88 92
89 96
89 94
91 96
92 97
93 96
95 96
