0 82
0 39
0 77
0 44
0 99
0 55
0 59
0 63
0 2
0 87
1 7
1 92
1 71
1 94
1 22
1 32
1 61
1 42
1 11
1 2
1 34
1 86
2 78
2 91
2 3
2 78
2 23
2 16
2 96
2 10
3 19
3 22
3 6
3 43
3 41
3 36
3 41
3 61
3 42
3 24
3 22
4 86
4 13
4 26
4 54
4 45
4 33
4 9
4 92
4 17
4 17
4 58
4 77
4 63
4 32
5 51
5 67
5 73
5 28
5 9
5 68
5 22
6 71
6 35
6 65
6 56
6 14
6 59
6 22
6 46
6 65
7 26
7 95
7 41
7 76
7 26
7 85
7 19
7 39
7 19
7 98
8 35
8 16
8 20
8 31
8 53
8 55
8 90
8 99
8 73
8 60
8 27
8 78
8 48
8 91
8 52
9 45
9 23
9 74
9 82
9 32
9 67
9 23
9 99
9 17
10 28
10 37
10 67
10 85
10 67
10 47
10 73
10 48
10 66
10 67
10 67
10 23
11 14
11 50
11 58
11 74
11 70
11 37
11 88
11 62
11 51
11 35
11 94
11 59
11 64
12 83
12 60
12 18
12 29
12 87
13 98
13 61
13 37
13 14
13 85
13 73
13 70
13 20
14 31
14 51
14 63
14 55
14 28
14 42
14 71
14 57
14 40
14 16
14 23
15 36
15 89
15 87
15 56
16 42
16 22
16 27
16 40
16 31
16 65
16 80
16 48
16 90
16 22
17 68
17 62
17 41
17 54
17 98
17 20
17 48
17 32
17 31
17 92
18 46
18 93
18 22
18 27
18 84
18 29
18 52
18 92
18 67
18 90
18 43
18 95
18 64
18 37
19 43
19 28
19 33
19 52
19 32
19 80
20 74
20 57
20 66
20 95
20 36
20 50
20 46
21 99
21 31
21 95
21 85
21 52
21 51
21 69
21 96
22 31
22 44
22 76
22 99
22 98
22 96
23 67
23 61
23 49
23 28
23 49
23 58
23 50
24 36
24 79
24 41
24 39
24 45
25 59
25 90
25 51
25 85
25 41
25 28
25 91
25 66
25 84
25 26
25 85
25 41
25 31
25 31
26 70
26 95
26 56
27 96
27 74
28 65
28 78
28 81
28 77
28 38
28 36
28 84
28 73
28 97
29 59
29 39
29 33
29 31
29 87
29 70
29 57
30 77
30 77
30 37
30 40
30 82
30 51
30 64
30 42
30 56
30 42
31 64
31 73
31 56
31 97
31 98
31 67
31 78
31 43
31 71
31 34
31 65
32 89
32 85
32 77
32 89
32 54
33 70
33 49
33 43
33 72
33 52
34 55
34 46
34 57
34 89
34 74
34 56
35 44
35 81
35 38
35 67
36 92
36 98
36 65
37 88
37 75
37 76
37 48
37 58
37 57
37 54
38 90
38 75
38 58
38 72
38 89
38 95
38 49
38 90
39 69
39 46
39 75
39 69
39 84
40 89
40 63
40 58
40 87
40 74
40 68
41 74
41 45
41 57
41 57
41 75
41 88
42 78
42 78
42 73
42 99
42 81
42 56
42 60
43 47
43 74
43 63
43 46
43 56
43 67
44 93
44 93
44 87
44 99
44 93
44 53
45 56
45 99
45 47
45 90
45 82
45 63
46 69
46 60
46 51
47 90
47 52
47 94
47 86
47 99
48 66
48 95
48 95
48 68
49 59
49 68
49 61
49 72
49 65
49 67
49 60
50 83
51 81
51 68
51 91
51 83
52 74
52 62
52 97
52 61
53 68
53 91
54 65
55 64
55 97
55 86
56 76
56 79
56 82
56 69
56 59
57 98
57 88
57 71
57 74
57 61
57 93
57 70
57 96
58 88
58 67
58 89
58 76
58 98
58 81
59 89
59 98
60 77
60 70
61 63
61 80
61 63
61 82
62 88
62 99
62 79
62 77
63 71
63 88
63 89
63 91
64 85
64 78
65 73
65 94
65 82
65 86
65 84
65 82
65 84
66 77
68 88
69 70
69 86
69 83
69 93
70 94
70 76
70 97
70 79
70 90
70 73
70 80
71 82
71 73
72 81
72 98
72 78
72 89
73 74
73 99
74 95
74 92
74 92
74 94
74 80
74 89
75 92
75 98
78 98
78 88
79 81
79 96
80 81
80 88
81 90
81 91
82 86
82 91
82 85
83 97
83 88
83 95
84 90
84 85
85 99
86 95
86 95
87 95
87 94
88 92
88 96
89 96
92 94
95 98
