0 46
0 53
0 4
0 77
0 21
0 79
0 44
0 43
0 48
0 49
1 18
1 6
1 42
1 38
1 81
1 40
1 80
1 63
1 6
1 52
1 99
2 56
2 19
2 36
2 67
2 29
2 13
2 12
2 94
2 45
2 52
2 3
2 91
3 40
3 25
3 75
3 65
3 65
3 84
3 18
3 78
3 97
3 70
3 70
3 94
3 94
3 86
4 97
4 67
4 53
4 99
4 10
4 44
4 21
4 23
4 63
4 17
5 57
5 50
5 63
5 62
5 54
5 27
5 28
5 33
5 14
6 24
6 89
6 66
6 18
6 49
6 38
6 92
6 67
6 52
7 58
7 23
7 14
7 85
7 40
8 14
8 37
8 90
8 21
8 79
8 51
8 55
8 97
8 24
8 40
8 26
8 14
8 82
8 88
9 90
9 27
9 67
10 67
10 19
10 26
10 20
10 35
10 41
10 76
10 56
10 22
10 93
11 17
11 77
11 42
11 60
11 15
11 95
11 37
11 73
11 32
11 94
11 72
11 20
12 89
12 70
12 51
12 27
12 33
12 57
12 34
12 48
12 21
12 21
12 65
13 28
13 29
13 99
13 52
13 65
13 91
13 63
13 61
13 34
13 87
13 20
13 46
13 87
13 37
13 24
13 80
13 39
14 20
14 81
14 85
14 24
14 50
14 53
14 88
14 74
14 95
15 99
15 33
15 60
15 77
15 40
15 91
15 23
15 74
15 48
15 70
16 79
16 60
16 40
16 78
16 50
16 95
17 20
17 98
17 97
17 69
17 94
17 23
17 63
17 75
17 35
17 90
17 38
17 46
17 91
18 95
18 21
18 89
18 93
18 34
18 20
18 42
18 45
18 94
18 46
18 31
19 53
19 68
19 35
19 80
20 75
20 76
20 65
20 93
20 62
20 81
21 81
21 92
21 90
21 76
21 88
21 88
21 45
21 51
21 98
22 77
22 60
22 86
22 70
22 30
23 29
23 82
23 71
23 64
23 40
23 71
23 73
23 63
24 39
24 57
24 51
24 60
24 54
24 29
24 62
24 69
24 28
24 31
24 60
24 89
25 47
25 76
25 94
25 32
25 38
25 26
25 76
25 68
26 77
26 95
26 48
26 40
26 65
26 81
26 43
26 48
27 41
27 43
27 84
27 93
28 76
28 87
28 70
28 86
29 68
29 56
29 56
30 67
30 48
30 64
30 81
30 32
30 34
30 65
30 52
30 91
30 46
31 88
31 32
31 61
31 33
31 33
31 38
31 40
32 78
32 65
32 54
32 49
32 87
32 91
33 45
33 56
33 65
33 58
33 68
33 80
34 45
34 69
34 55
34 88
34 54
34 82
34 38
35 85
35 94
35 36
35 64
35 70
35 95
36 59
36 59
36 86
36 76
36 48
36 46
36 48
36 71
37 60
37 95
37 72
37 86
37 56
38 39
38 48
38 47
38 83
38 64
39 45
39 43
39 42
39 97
39 41
40 74
40 69
40 95
40 73
41 82
41 81
41 97
41 47
41 46
41 86
42 72
42 72
42 82
42 96
43 72
43 45
43 96
43 54
44 80
44 68
44 74
44 55
45 61
45 79
45 74
45 48
45 86
45 66
45 95
45 60
46 55
46 97
46 96
46 55
47 93
47 79
47 90
48 94
48 58
48 53
48 96
48 67
49 98
49 99
49 77
50 90
50 92
50 83
50 95
50 85
50 84
50 69
51 93
51 99
51 76
51 96
51 77
52 86
52 66
52 53
52 63
53 96
53 94
53 59
53 69
53 78
54 76
54 90
54 63
54 99
54 76
55 60
55 63
55 99
56 72
56 86
56 89
56 71
56 77
57 88
57 63
57 84
57 93
57 71
58 90
58 70
58 70
58 65
59 74
59 99
59 69
59 74
59 95
60 81
61 93
61 86
61 86
61 68
61 87
62 78
62 94
62 75
62 96
62 99
63 87
63 81
63 96
63 64
64 69
65 99
65 84
66 93
66 76
67 86
67 86
68 78
68 89
68 74
68 74
68 89
69 92
69 74
69 74
69 90
70 93
70 79
70 81
71 80
72 95
72 75
73 92
73 91
73 88
73 81
73 77
73 78
73 94
73 94
74 98
74 87
75 97
75 76
76 88
77 88
77 82
77 98
78 98
79 97
79 81
79 93
80 82
80 98
81 84
82 95
83 95
84 93
84 92
84 85
88 95
88 95
88 98
89 98
90 97
91 95
94 95
95 96
95 98
97 99
