0 23
0 79
0 82
0 90
0 64
0 91
0 92
0 48
0 29
0 35
0 47
0 83
0 44
1 16
1 81
1 66
1 87
1 35
1 49
1 27
1 6
1 16
1 48
1 70
1 77
1 35
1 62
2 18
2 84
2 84
2 97
2 32
2 5
2 71
2 91
2 39
3 85
3 44
3 32
3 56
3 9
4 16
4 72
4 82
4 22
4 57
4 48
4 25
4 83
4 67
4 85
4 83
5 29
5 59
5 98
5 54
5 72
5 68
5 72
5 97
5 77
5 44
5 87
5 46
5 87
5 98
5 21
6 40
6 87
6 85
6 43
6 24
6 93
6 41
6 72
6 24
6 75
6 25
7 17
7 96
7 16
7 32
7 75
7 11
7 88
7 90
8 96
8 29
8 77
8 82
8 96
8 52
8 71
8 21
8 73
8 23
8 63
8 51
8 20
8 14
9 71
9 72
9 52
9 89
9 30
9 28
9 16
9 37
9 46
9 11
10 58
10 66
10 63
10 53
10 76
10 69
10 68
10 20
10 42
10 57
10 64
10 14
10 12
10 84
10 63
11 58
11 57
11 80
11 35
11 80
11 35
11 70
11 15
11 63
11 60
11 57
11 40
11 81
11 24
11 32
11 39
11 85
11 91
11 60
12 32
12 59
12 81
12 55
12 44
12 53
12 99
12 39
12 43
12 79
12 74
12 34
13 82
13 52
13 33
13 34
13 41
13 93
13 90
13 32
13 75
13 72
14 46
14 60
14 95
14 76
14 95
14 98
14 39
14 69
14 91
14 24
15 47
15 30
15 54
15 24
15 86
15 39
15 76
15 89
15 57
15 34
15 27
16 45
16 61
16 92
16 67
16 35
16 79
16 28
16 39
16 35
16 22
17 39
17 23
17 58
17 46
17 83
17 24
17 85
17 33
18 66
18 82
18 91
18 35
18 98
18 69
18 62
18 69
19 74
19 84
19 70
19 90
19 40
19 73
20 43
20 90
20 65
20 22
20 24
20 38
20 51
20 36
20 88
20 38
21 24
21 24
21 50
21 38
21 87
22 75
22 76
22 78
22 81
22 74
22 91
22 93
22 93
23 72
23 32
23 48
23 45
23 26
24 52
24 60
25 90
25 41
25 52
25 36
25 89
25 76
25 92
26 89
26 93
26 93
26 65
26 56
26 63
26 36
26 37
26 74
26 56
26 61
26 36
26 52
27 47
27 37
27 46
27 59
27 60
27 67
27 49
28 67
28 79
28 97
28 90
29 58
29 87
29 56
29 57
30 93
30 53
30 58
30 83
30 44
30 54
31 68
31 64
31 73
31 58
31 54
32 91
32 92
32 89
32 88
32 86
32 69
32 43
32 87
33 75
34 97
34 55
34 79
34 95
35 49
35 53
35 81
35 50
36 93
37 69
37 89
37 62
37 91
37 49
38 49
38 50
38 90
38 91
38 61
38 42
38 46
38 99
39 86
39 86
39 95
39 74
40 83
40 77
40 54
40 41
41 89
41 57
41 64
41 58
41 79
41 67
41 52
41 86
41 80
42 90
42 65
42 69
42 59
42 45
42 53
42 83
42 69
43 65
43 81
43 75
43 85
43 78
44 71
44 80
44 48
44 48
44 96
44 97
45 52
45 84
46 86
46 68
46 86
46 50
47 71
47 88
47 67
47 51
47 57
47 70
48 60
48 52
48 61
48 55
49 81
49 94
49 98
49 92
50 51
50 62
50 79
50 72
50 60
51 66
51 80
51 61
51 82
52 88
52 86
52 54
52 59
52 54
53 70
53 62
53 79
53 75
54 58
54 72
54 95
55 61
55 72
56 98
56 75
56 89
56 71
57 96
57 99
57 97
57 96
58 86
59 80
59 77
59 61
59 62
59 91
59 97
59 87
59 73
60 94
60 64
60 92
60 97
60 87
60 89
61 77
61 79
61 97
61 83
61 99
62 76
62 73
62 76
63 97
63 72
64 77
64 82
64 87
64 72
65 91
65 80
66 75
66 92
67 70
67 74
68 84
68 70
68 91
68 79
69 78
69 84
69 92
69 98
69 76
69 78
70 90
70 80
71 77
71 94
71 81
71 74
71 77
72 81
72 84
72 91
73 99
73 79
73 84
73 95
73 76
73 92
74 91
74 88
75 84
76 95
77 98
77 95
77 88
77 89
78 97
78 81
78 80
78 97
79 95
80 82
81 98
82 83
84 91
87 99
87 93
87 90
87 92
87 97
92 99
92 93
92 99
93 97
