0 86
0 72
0 1
0 65
0 22
0 98
0 61
0 1
0 59
0 43
0 21
1 42
1 4
1 95
1 6
1 39
1 85
1 65
1 15
1 77
1 79
1 36
2 80
2 66
2 72
2 16
2 71
2 11
2 83
2 11
2 17
2 38
3 9
3 79
3 12
4 31
4 40
4 54
4 41
4 66
4 16
4 45
4 38
4 80
5 6
5 9
5 96
5 54
5 11
5 92
5 22
5 28
5 20
5 22
5 93
5 89
5 56
6 37
6 69
6 89
6 65
6 9
6 14
6 92
6 71
6 74
6 40
6 86
6 61
6 87
6 31
7 60
7 80
8 96
8 94
8 16
8 46
8 81
8 17
8 76
9 16
9 87
9 76
9 53
9 26
9 89
10 19
10 91
10 49
10 71
10 76
10 29
10 98
10 23
10 15
10 95
10 71
10 46
11 53
11 16
11 79
11 45
12 57
12 20
12 39
12 88
12 91
12 17
12 36
12 87
12 23
13 98
13 71
13 17
13 76
13 42
13 78
13 39
13 65
13 52
14 17
14 43
14 90
14 39
15 17
15 30
15 28
15 79
15 37
15 26
15 61
15 56
16 66
16 45
16 41
16 18
17 49
17 41
17 85
17 59
17 72
18 79
18 72
18 72
18 96
18 99
18 38
18 50
18 83
18 63
18 88
18 43
18 24
18 79
19 30
19 40
19 95
19 77
19 28
19 84
19 44
20 41
20 40
20 66
20 99
21 40
21 78
21 67
21 29
21 77
21 32
21 93
22 25
22 55
22 35
22 97
22 66
23 57
23 31
23 43
23 31
23 82
24 42
24 47
24 59
24 48
24 46
25 89
25 77
25 65
25 43
25 91
25 57
25 98
25 91
25 98
25 55
25 66
26 48
26 91
26 42
26 40
26 82
26 68
26 53
26 60
26 83
26 63
27 41
27 77
27 39
27 51
27 45
27 86
27 85
27 76
27 52
27 63
28 66
28 50
28 41
28 85
28 46
28 45
28 88
28 32
28 78
28 48
28 94
28 75
28 77
29 94
29 35
29 40
29 53
29 85
29 69
29 99
29 33
30 33
30 92
30 71
30 92
30 80
30 41
30 40
30 53
30 45
30 67
30 90
30 87
31 66
31 81
31 94
31 32
32 86
32 72
32 71
32 70
32 70
32 93
32 57
33 91
33 65
33 88
33 47
34 51
34 93
34 51
34 41
35 89
35 73
35 90
36 46
36 58
36 90
36 86
36 84
36 40
36 41
36 91
37 45
37 40
37 72
37 41
37 78
37 70
37 41
38 88
38 91
38 50
39 70
39 61
39 86
39 58
39 80
39 88
39 75
39 60
40 79
40 63
40 48
40 86
40 71
40 72
41 43
41 99
41 84
41 58
41 78
41 44
42 96
42 50
42 89
42 86
42 52
42 73
42 98
42 74
42 94
42 76
43 50
43 89
43 53
44 78
44 55
44 52
44 81
44 63
44 67
45 52
45 94
45 96
45 68
45 82
45 63
45 50
45 61
46 77
46 94
46 98
46 97
46 58
46 70
47 88
47 69
47 61
47 86
47 70
47 74
47 94
47 96
47 78
48 84
48 77
48 92
48 80
48 94
48 88
48 78
48 57
48 85
49 77
49 93
49 79
49 51
49 50
50 77
50 51
50 62
50 85
50 72
51 58
51 73
51 66
51 73
51 70
51 52
51 78
51 75
52 85
52 92
52 78
52 82
52 61
52 94
53 80
53 93
53 67
53 71
53 92
53 64
53 90
53 75
53 57
53 57
54 92
54 64
54 66
54 57
54 81
55 84
55 80
55 56
56 99
56 65
57 71
57 72
57 86
57 66
57 73
57 88
58 96
58 59
58 72
59 68
59 99
59 60
59 70
59 88
59 95
60 98
60 80
60 98
60 89
61 67
61 83
61 88
61 88
61 84
61 96
61 80
61 68
62 70
62 79
62 72
62 91
62 88
63 94
63 86
63 94
63 80
63 71
63 97
63 65
64 66
64 69
64 87
65 98
65 94
65 84
66 73
66 90
66 80
67 74
67 93
67 91
68 96
68 90
68 82
70 80
70 95
70 74
70 95
71 85
71 77
72 97
72 87
72 97
73 81
73 77
73 83
74 76
75 78
75 97
75 98
76 88
76 94
77 83
78 80
78 96
79 96
79 95
79 93
79 83
80 95
81 91
83 90
83 88
84 95
85 99
85 92
89 93
89 93
89 95
90 91
90 98
90 98
91 94
93 96
