0 23
0 68
0 74
0 97
0 94
0 90
0 99
0 15
0 95
0 6
0 88
1 13
1 73
1 61
1 56
1 39
1 16
1 93
2 60
2 17
2 77
2 17
2 96
2 77
2 68
2 11
3 11
3 81
3 74
3 62
3 4
3 95
4 48
4 42
4 35
4 69
4 54
4 43
4 97
4 73
4 13
4 62
5 61
5 17
5 29
5 38
5 20
5 36
5 27
5 55
5 69
5 37
5 76
5 54
5 61
5 12
5 35
5 36
6 74
6 54
6 9
6 28
6 86
6 64
6 57
6 34
6 74
7 64
7 41
7 57
7 67
7 57
7 28
7 76
7 82
7 86
7 44
7 71
8 93
8 76
9 25
9 82
9 58
9 74
10 85
10 24
10 39
10 78
10 20
11 73
11 88
11 45
11 60
11 34
12 21
12 56
12 91
12 83
12 82
12 92
12 73
12 19
12 15
12 74
13 36
13 60
13 93
13 15
13 60
14 40
14 86
14 76
14 45
14 63
14 56
14 26
15 73
15 81
15 30
15 37
15 51
15 84
15 29
15 58
15 70
15 38
16 98
16 63
16 81
16 87
16 20
16 21
17 61
17 56
17 58
17 74
17 44
17 47
17 28
18 28
18 90
18 96
18 32
18 76
18 72
18 76
18 38
18 28
18 90
19 82
19 48
19 43
19 77
19 96
19 80
19 43
19 93
19 47
20 58
20 97
20 28
20 28
21 90
21 80
21 67
21 95
21 68
21 70
21 84
21 94
21 77
21 94
21 50
22 53
22 56
22 72
22 53
22 39
22 83
22 44
22 68
22 26
22 72
22 52
23 42
23 86
23 41
23 24
23 56
23 84
24 38
24 57
24 73
24 71
24 57
24 41
24 57
24 33
24 43
24 57
24 66
24 80
25 42
25 79
25 63
25 28
25 85
25 39
25 70
25 75
25 56
26 71
26 93
26 55
26 98
27 76
27 75
27 57
27 59
27 53
27 52
27 44
27 76
27 80
28 76
28 49
28 89
28 43
28 89
28 90
28 54
28 37
28 71
29 75
29 76
29 70
29 96
29 77
29 91
29 89
29 63
29 85
30 60
30 86
30 97
30 32
30 85
30 45
30 96
30 40
30 82
30 41
31 39
31 95
31 85
31 33
31 70
31 84
31 85
31 96
32 64
32 59
32 72
32 60
32 78
32 44
32 38
32 76
32 92
32 75
32 34
33 79
33 64
33 86
33 89
34 77
34 38
34 58
34 44
34 80
34 66
34 89
34 79
34 53
34 82
35 81
35 77
35 81
35 39
35 39
35 82
35 40
35 91
36 37
36 59
36 59
36 84
36 65
36 71
36 49
37 59
37 88
37 38
37 54
37 83
37 92
37 42
38 47
38 83
38 60
39 93
39 90
39 63
39 41
40 59
40 68
40 72
40 76
40 67
40 42
40 63
40 86
40 83
41 44
41 96
41 93
41 96
42 85
42 65
42 92
42 60
42 70
42 49
42 82
42 85
43 97
43 66
43 89
44 68
44 97
45 54
45 70
45 51
45 79
45 57
45 73
46 68
46 71
46 85
46 70
47 67
47 72
47 48
47 93
48 71
48 51
48 62
48 59
48 74
49 91
49 56
49 86
49 73
49 70
50 68
50 54
50 84
50 80
50 61
51 76
52 87
52 70
52 81
53 90
53 88
53 63
53 66
53 54
54 98
54 89
54 89
54 76
54 65
54 82
54 56
54 93
54 65
54 65
55 90
55 93
55 96
55 68
55 95
56 81
56 77
56 62
56 74
56 76
57 94
57 74
57 73
58 89
58 81
58 71
58 85
58 74
59 65
59 97
59 67
59 77
60 78
60 99
60 80
61 78
61 96
61 86
61 63
62 94
62 97
62 74
63 84
63 66
63 64
63 67
63 85
63 65
63 97
64 88
64 89
64 87
64 73
64 84
65 94
65 71
65 76
66 70
66 81
66 84
66 78
66 87
67 97
67 93
67 83
67 71
67 97
67 93
68 94
68 72
69 92
69 87
69 82
69 91
70 89
70 75
70 82
71 73
71 80
71 72
71 76
72 91
72 77
72 84
72 92
72 76
72 97
73 82
73 95
73 95
73 86
74 94
74 77
74 84
75 85
75 83
76 84
76 93
76 79
77 97
78 97
78 89
79 80
79 99
80 96
81 94
81 84
82 86
82 92
82 87
83 94
84 93
85 93
86 90
88 92
88 96
88 89
89 92
89 98
90 93
96 99
96 99
