0 65
0 83
0 91
0 19
0 2
0 42
1 61
1 15
1 99
1 5
1 24
1 56
1 75
1 83
2 6
2 22
2 56
2 21
2 69
2 46
2 4
2 55
2 13
3 8
3 5
3 13
3 29
3 83
3 41
3 16
3 71
3 9
3 23
3 93
3 95
3 56
3 76
3 5
4 99
4 61
4 92
4 34
4 75
4 66
4 94
4 93
4 64
4 58
5 57
5 52
5 41
5 60
5 24
5 92
5 87
5 77
5 17
5 77
5 32
6 62
6 60
6 53
6 73
6 67
6 25
6 36
7 38
7 93
7 97
7 34
7 69
7 41
7 55
7 79
7 80
8 50
8 56
8 50
8 42
8 44
9 49
9 81
9 15
9 61
9 73
9 64
9 55
9 19
9 62
9 32
9 86
10 19
10 83
10 16
10 40
10 29
10 26
10 35
10 12
10 78
10 42
10 32
10 40
10 94
10 18
10 77
10 24
10 47
10 98
11 47
11 56
11 92
11 40
11 70
11 76
11 37
11 34
11 26
11 37
12 30
12 23
12 31
13 95
13 79
13 33
13 62
13 21
13 18
14 53
14 15
14 55
14 54
14 55
14 22
14 51
14 56
15 21
15 51
15 95
15 55
15 81
15 39
16 21
16 38
16 53
16 54
16 48
16 54
16 71
16 37
16 56
16 62
17 69
17 83
17 44
17 97
17 70
17 84
17 74
17 61
17 71
17 19
17 18
17 26
17 24
18 26
18 38
18 46
18 66
18 87
18 35
19 58
19 44
19 74
19 94
19 72
19 99
19 35
19 59
19 83
19 39
19 30
19 53
19 71
20 96
20 28
20 64
20 62
20 60
20 61
20 65
21 47
21 23
21 86
21 46
21 92
21 48
21 73
21 78
22 62
22 70
22 60
22 66
22 23
22 51
23 61
23 82
24 40
24 44
24 80
24 36
24 36
24 97
24 37
24 85
25 88
25 64
25 51
25 68
25 54
25 46
25 96
25 74
25 46
25 47
26 62
26 77
26 99
26 50
26 47
26 76
26 84
27 43
27 71
27 69
27 28
27 76
27 28
27 40
28 86
28 92
28 81
28 51
28 87
28 36
28 38
28 84
29 68
29 83
29 74
29 62
29 55
29 58
29 52
29 85
30 57
30 94
30 83
30 36
30 46
30 40
30 67
31 35
31 97
31 97
32 99
32 80
32 83
32 95
32 98
32 36
32 48
33 37
33 51
33 94
33 92
33 70
33 69
33 80
33 60
34 98
34 66
34 63
34 67
34 48
34 53
34 98
35 37
35 99
36 97
36 39
36 77
36 54
37 84
37 80
37 82
37 48
37 44
37 56
37 83
37 40
39 64
39 42
39 75
39 60
39 78
39 73
39 55
40 73
40 86
41 56
41 47
41 62
41 54
41 75
41 91
41 89
41 47
41 51
41 93
41 80
42 72
42 55
42 80
42 81
42 80
42 65
42 72
43 59
43 56
43 91
43 44
43 56
43 74
43 56
43 58
43 49
43 59
43 44
43 89
44 84
44 96
44 65
44 61
44 59
44 82
44 67
45 92
45 99
45 87
45 77
45 66
46 55
46 98
46 53
47 77
47 71
47 55
47 79
48 92
48 57
48 52
48 75
48 68
48 99
49 86
49 68
49 94
49 68
49 73
50 94
50 63
51 83
51 70
51 98
52 93
52 69
52 70
52 59
52 57
52 58
53 72
53 95
53 84
53 61
53 82
53 98
54 76
54 62
54 96
54 94
54 95
54 58
54 94
54 98
55 69
55 69
55 82
55 74
55 85
55 65
55 75
56 81
57 72
58 66
58 75
59 87
59 89
59 60
60 70
60 63
60 71
61 96
61 80
61 80
62 87
62 80
63 97
63 83
63 81
63 83
64 96
64 84
64 74
64 80
64 88
65 79
65 80
65 95
67 93
67 87
67 69
67 73
67 98
67 89
68 78
68 99
69 98
69 92
69 75
70 71
70 96
70 98
70 86
70 79
71 80
71 83
71 98
72 86
72 77
73 99
73 77
73 76
73 94
74 75
74 84
75 83
75 82
75 82
75 91
76 91
76 82
76 87
76 88
76 87
77 86
77 96
77 98
77 84
77 99
77 78
78 86
78 90
78 92
79 88
79 89
80 81
80 94
81 93
82 93
84 86
84 99
84 87
86 98
86 91
86 96
87 90
87 90
88 99
88 90
88 94
89 92
89 97
89 95
90 93
90 92
91 92
94 97
94 95
96 97
