0 99
0 24
0 85
0 89
0 50
0 65
0 21
0 4
1 30
1 37
1 4
1 15
1 38
1 45
1 51
1 75
2 30
2 68
2 42
2 71
2 78
2 59
2 90
2 10
2 23
2 34
2 88
3 70
3 5
3 43
3 6
3 78
3 63
3 60
3 54
3 8
3 57
3 86
3 77
3 16
4 70
4 55
4 76
4 12
4 37
4 55
4 95
4 67
4 24
4 10
4 64
4 25
5 44
5 58
5 23
5 9
5 23
5 86
5 76
5 38
5 25
5 81
5 89
5 77
5 12
6 79
6 76
6 93
6 50
6 54
6 82
6 23
6 68
6 25
6 21
6 85
6 54
6 24
6 19
6 77
7 61
7 14
7 98
7 23
8 77
8 79
8 60
8 99
8 90
8 12
8 31
8 15
8 83
9 23
9 34
9 79
9 68
9 36
9 55
9 96
9 33
9 14
10 31
10 14
10 93
10 87
10 83
10 20
10 97
10 71
10 84
10 12
10 72
10 57
10 94
11 24
11 55
11 39
11 50
11 74
11 66
11 72
11 15
11 30
11 94
12 29
12 88
12 31
12 72
12 41
12 16
12 47
12 40
13 89
13 29
13 42
13 85
13 67
13 54
13 42
13 50
14 46
14 94
14 39
14 22
14 78
14 60
14 32
15 17
15 86
15 78
15 65
15 76
15 80
15 69
15 91
15 28
15 36
15 64
15 62
15 93
15 51
16 98
16 59
16 46
16 62
17 35
17 65
17 48
17 46
18 21
18 30
18 91
18 74
18 30
18 36
18 94
18 55
18 59
18 48
18 92
18 45
18 97
18 90
19 47
19 66
19 82
19 74
19 96
19 25
19 46
19 53
19 39
19 87
19 44
19 83
20 78
20 87
20 31
20 33
20 86
20 21
21 66
21 49
21 94
21 71
21 70
21 33
21 83
21 74
21 75
21 72
22 63
22 37
22 49
22 93
22 93
22 34
22 78
22 33
23 91
23 80
23 24
23 90
23 56
23 41
23 30
24 59
24 94
24 40
24 92
25 72
25 84
25 91
25 76
25 40
25 49
25 36
25 59
25 62
25 62
25 80
25 67
25 55
25 75
25 40
26 74
26 35
26 36
27 43
27 43
27 85
27 72
27 42
28 80
28 85
28 88
28 57
28 85
28 46
28 41
28 74
29 76
29 90
29 88
29 35
29 81
29 65
29 66
30 67
30 32
30 54
31 94
31 75
31 75
32 93
32 70
32 93
32 68
32 74
32 88
32 98
32 96
32 57
32 81
33 47
33 65
33 34
33 64
33 94
33 59
33 78
33 83
33 94
34 48
34 96
34 89
34 50
34 44
35 60
35 73
35 94
35 67
35 58
35 54
35 69
35 77
35 54
35 45
35 36
36 51
36 48
36 77
36 73
37 95
37 83
37 45
37 91
38 54
38 64
38 89
38 94
38 77
38 48
38 56
38 67
38 66
39 92
39 57
39 87
39 46
39 64
39 45
39 51
40 60
40 52
40 96
40 62
41 42
41 66
41 90
41 55
41 83
41 81
41 53
41 51
41 80
42 84
42 63
42 68
42 60
42 68
43 69
43 86
43 99
43 49
43 98
44 57
44 55
44 82
44 80
44 95
44 52
44 80
45 91
45 85
45 59
45 51
45 47
45 79
46 64
46 86
46 85
47 71
47 48
47 54
48 83
48 64
48 69
48 87
48 87
49 68
49 51
49 78
49 62
49 99
49 89
50 63
50 92
50 97
50 57
50 58
50 58
51 59
51 74
51 57
51 60
53 95
53 73
53 87
54 89
54 96
54 84
54 82
54 94
54 76
54 57
55 63
55 62
55 83
55 99
56 69
56 69
56 85
56 86
56 61
57 62
57 67
57 86
57 70
57 65
57 88
58 64
58 71
58 87
59 73
59 73
59 84
59 61
59 75
59 82
60 85
60 85
60 98
60 77
61 82
61 71
61 69
61 89
62 90
63 64
63 67
63 73
64 65
64 68
64 87
65 67
65 97
65 71
65 72
66 78
66 91
66 86
66 97
67 88
67 83
67 93
67 70
68 90
68 91
68 99
70 94
70 89
70 80
70 75
71 77
72 99
73 95
73 96
73 75
73 96
73 97
74 90
75 94
75 81
75 87
75 89
75 79
77 88
77 93
78 91
78 86
78 86
78 95
79 94
80 82
80 92
80 87
80 96
81 83
83 92
86 87
86 96
87 96
87 90
87 88
91 92
93 95
94 95
97 99
