0 78
0 33
0 88
0 71
0 29
0 31
0 38
0 1
1 77
1 91
1 25
1 32
2 23
2 52
2 29
2 95
2 77
2 16
2 22
2 65
2 3
2 63
3 4
3 28
3 97
3 44
3 50
3 98
3 7
3 68
3 46
3 4
3 4
3 34
3 42
3 6
3 50
3 9
3 45
4 96
4 85
4 14
4 36
4 61
4 98
4 94
4 81
4 65
4 48
5 79
5 62
5 51
5 41
6 72
6 85
6 52
6 69
6 23
6 58
6 78
6 70
6 65
6 30
6 77
6 71
6 80
7 53
7 45
7 86
7 22
7 73
7 72
7 31
7 38
7 99
7 71
7 39
8 85
8 79
8 34
8 37
8 75
8 38
8 99
8 99
9 32
9 40
9 55
9 21
9 14
9 50
9 97
9 76
9 27
9 88
9 23
9 36
9 69
9 32
9 44
9 12
9 52
9 97
9 85
9 95
9 95
10 11
10 94
10 90
10 64
10 56
10 42
11 21
11 22
11 67
11 13
11 19
11 16
11 13
11 72
11 87
11 74
11 37
11 88
11 67
11 63
12 23
12 71
12 77
12 85
12 81
12 52
12 76
12 36
13 84
13 22
13 59
13 25
13 62
13 53
13 78
13 21
14 44
14 94
14 53
14 47
14 86
14 45
14 30
14 28
14 97
14 94
15 83
15 56
15 76
15 34
15 92
15 97
15 25
16 58
16 56
16 62
16 49
16 35
16 38
16 83
16 93
16 91
17 81
17 45
17 82
17 37
17 97
17 91
17 28
17 49
17 83
18 98
18 48
18 58
18 28
18 61
18 22
18 26
18 33
19 72
19 57
19 26
19 49
20 66
20 93
20 59
20 93
20 39
20 88
20 62
20 31
21 84
21 86
21 60
21 82
21 66
21 51
22 85
22 29
22 79
22 28
22 30
22 56
22 75
22 43
23 47
23 60
23 93
23 63
23 98
23 77
24 37
24 46
24 50
24 50
24 58
24 62
24 75
25 40
25 35
25 39
25 62
25 92
25 49
25 68
25 32
25 76
25 43
25 52
25 28
25 82
25 36
26 96
26 87
26 44
26 48
27 41
27 97
27 64
27 59
27 48
28 75
28 50
28 65
28 84
28 64
29 92
29 43
29 90
29 86
29 38
29 31
29 58
29 72
29 85
29 60
30 36
30 41
30 31
30 33
30 48
30 36
31 71
31 33
31 69
31 44
31 80
32 52
33 99
33 37
33 85
33 46
33 53
33 99
33 42
33 77
33 53
33 96
34 56
34 39
34 56
34 80
34 43
34 76
34 66
34 74
34 43
34 89
35 94
35 52
35 38
35 85
35 72
36 41
36 37
37 96
37 43
37 46
37 75
38 76
38 54
38 40
38 81
39 53
39 58
39 50
39 74
40 48
40 46
40 73
40 75
40 97
40 52
40 46
40 64
40 75
40 98
41 53
41 94
41 84
41 64
41 69
41 94
42 64
42 86
42 93
42 64
42 75
43 90
43 86
43 97
43 76
43 54
43 98
44 55
44 71
44 82
45 83
45 97
45 70
45 77
45 92
45 91
45 50
45 98
45 46
46 65
46 51
46 92
46 48
47 53
47 48
47 54
47 86
47 74
48 62
48 69
48 53
48 53
48 91
48 64
48 72
49 92
49 65
49 75
49 72
50 80
50 55
50 86
50 62
51 63
51 78
51 57
52 69
52 55
52 94
52 75
52 82
52 86
53 74
53 73
54 84
54 63
54 98
54 89
54 61
55 74
55 72
55 77
56 71
56 67
56 90
56 78
56 92
56 82
56 98
57 95
57 65
57 69
58 62
58 68
58 82
58 95
58 80
58 82
59 74
59 90
59 87
60 74
60 93
60 74
61 80
61 84
61 93
61 73
61 71
62 85
62 91
62 79
62 71
62 99
62 66
63 84
63 66
63 94
63 79
63 80
63 85
64 88
64 71
64 95
64 83
65 89
65 77
65 92
65 99
66 98
66 89
66 86
66 74
66 99
66 92
67 71
67 75
67 76
67 78
67 84
68 87
68 77
68 89
68 72
69 75
69 94
70 87
70 73
71 82
71 76
72 81
72 82
73 76
73 89
74 76
74 82
74 95
74 91
75 92
75 90
76 93
77 99
77 80
77 79
78 95
78 96
79 97
80 92
80 91
80 92
81 95
81 98
81 84
81 96
84 94
84 93
85 91
86 89
86 97
87 96
88 99
88 90
90 98
91 99
91 92
91 97
95 98
