0 46
0 99
0 10
0 13
0 59
0 89
0 5
0 27
0 95
1 15
1 29
1 36
1 18
1 95
1 84
1 13
1 88
1 72
1 49
1 46
1 89
1 5
2 10
2 10
2 63
2 20
2 46
2 34
2 75
2 78
2 58
2 38
2 15
2 56
2 93
2 78
3 79
3 78
3 27
3 54
3 61
3 56
3 43
4 11
4 15
4 20
4 73
4 31
4 91
4 6
4 54
5 72
5 84
5 29
5 62
5 45
5 93
5 64
5 43
6 24
6 66
6 97
6 8
6 73
6 28
6 94
6 15
6 38
6 87
6 38
6 10
7 54
7 13
7 24
7 58
7 56
7 92
7 49
8 80
8 73
8 88
8 16
8 25
8 12
8 21
8 83
8 39
8 67
9 15
9 97
9 37
9 21
9 28
9 86
9 73
9 59
9 15
10 15
10 76
10 78
10 82
10 20
10 80
10 56
10 85
11 77
11 80
11 44
11 76
11 65
11 66
11 31
12 25
12 16
12 24
12 24
12 96
12 84
12 82
13 42
13 27
13 36
13 70
13 30
13 54
13 58
13 33
13 33
13 72
13 80
13 90
13 65
13 93
14 57
14 94
14 19
14 40
14 18
14 68
14 86
14 74
14 57
15 49
15 84
15 47
15 91
15 63
15 81
15 53
15 78
15 29
15 83
15 29
15 56
15 19
15 82
15 42
16 59
16 68
16 25
16 42
16 68
16 52
16 66
16 49
16 73
16 71
16 38
17 54
17 64
17 87
17 91
17 86
17 69
17 93
17 45
18 96
18 92
18 77
18 27
18 59
18 22
18 92
18 43
18 45
18 66
19 52
19 25
19 78
19 21
19 20
19 26
19 93
19 41
20 51
20 87
20 82
20 46
20 74
20 57
20 86
20 82
20 28
21 95
21 24
21 85
21 70
21 38
21 27
21 95
22 99
22 85
22 38
22 66
22 47
22 82
22 92
22 29
22 63
22 39
23 97
23 55
23 54
23 92
23 88
23 76
23 58
24 65
24 74
24 90
24 31
24 51
24 30
24 59
24 86
24 85
25 27
25 64
25 29
25 53
25 95
26 85
26 64
27 83
27 60
27 64
27 33
28 52
29 47
29 86
29 57
29 80
29 94
29 94
29 42
30 49
30 50
30 83
30 36
30 48
30 61
30 74
30 82
31 52
31 82
31 48
31 62
31 48
31 59
31 46
31 35
31 45
31 64
32 48
32 99
32 57
32 36
32 82
33 39
33 90
33 41
33 36
34 66
34 86
34 35
34 40
35 49
35 40
35 80
35 71
35 43
35 51
35 43
35 75
36 95
36 85
36 83
36 43
36 56
36 75
37 81
37 74
37 97
37 83
37 64
38 76
38 89
38 98
38 64
38 76
38 53
38 65
38 42
38 42
38 93
39 47
39 91
39 59
39 41
39 47
39 78
39 61
39 46
39 61
40 72
40 86
40 62
40 53
41 43
41 65
41 96
41 94
41 42
41 84
41 87
42 61
42 52
42 80
42 74
42 98
43 73
43 92
43 71
43 97
43 98
43 64
43 51
44 72
44 84
44 97
44 49
45 85
45 81
45 49
46 96
46 56
46 48
46 80
46 65
46 82
47 67
47 82
47 64
47 65
47 89
47 70
47 52
47 79
47 66
48 63
48 70
49 85
49 64
49 65
49 82
49 53
49 88
49 61
50 66
50 85
50 86
50 78
51 80
51 89
51 53
51 78
51 84
51 95
51 94
51 73
51 78
51 64
52 83
52 67
52 86
52 78
52 97
53 56
53 65
54 64
54 88
54 55
54 99
55 89
55 89
55 62
56 73
56 68
56 96
56 70
56 57
56 58
57 90
58 81
58 83
58 92
58 99
58 91
59 99
59 97
59 64
59 64
59 63
60 70
60 80
60 75
60 82
60 81
61 90
61 64
61 67
61 78
61 73
61 96
61 99
63 78
63 92
63 82
64 98
64 76
64 81
64 67
64 93
64 71
65 85
65 90
65 74
65 71
65 80
65 84
66 72
66 74
67 98
67 79
69 88
69 80
69 80
69 74
69 80
70 98
70 76
70 92
70 96
70 86
71 73
72 99
72 98
72 79
72 80
72 83
73 97
73 88
73 84
73 98
73 99
73 81
74 83
74 94
75 84
77 80
77 78
77 79
77 90
78 92
78 90
79 94
79 95
80 98
80 93
81 83
81 83
83 93
83 94
84 89
84 98
86 98
86 87
91 97
91 97
93 98
