0 10
0 36
0 21
0 15
0 71
0 46
0 50
0 79
0 46
0 91
0 34
0 87
1 41
1 85
1 12
1 24
1 56
1 89
1 62
1 84
1 75
1 75
1 48
1 55
1 58
1 52
2 42
2 92
2 93
2 97
2 16
2 63
2 27
2 77
2 93
3 29
3 90
3 87
3 58
3 61
3 70
3 34
3 34
3 54
3 93
4 9
4 93
4 40
4 53
4 94
4 11
4 34
4 52
4 89
5 26
5 24
5 78
5 42
6 30
6 91
6 73
6 55
6 90
6 50
6 65
6 24
6 54
6 77
6 57
6 43
6 86
6 20
7 39
7 24
7 93
7 63
7 72
7 52
7 96
7 49
7 14
7 45
7 71
8 80
8 36
8 13
8 27
8 82
8 24
8 67
9 12
9 38
9 67
9 44
9 94
10 67
10 57
10 44
10 22
10 41
10 98
10 69
10 31
10 92
10 31
10 36
10 12
11 52
11 63
11 45
11 25
11 29
12 15
12 88
12 78
12 47
12 37
12 55
12 20
12 87
12 77
13 28
13 56
13 72
13 45
13 84
13 92
13 87
14 73
14 70
14 52
14 78
14 47
14 49
14 48
14 73
15 31
15 63
15 32
15 68
15 58
15 93
15 35
16 42
16 37
16 89
16 80
16 43
16 88
16 56
16 41
16 37
16 29
17 91
17 83
17 35
17 76
17 74
17 64
18 37
18 84
18 98
18 41
18 46
18 72
18 44
18 99
19 51
19 56
19 72
19 83
19 92
19 38
19 46
19 71
19 41
20 32
20 85
20 77
20 83
20 64
20 73
20 49
20 78
20 41
20 45
21 81
21 96
21 80
21 53
21 43
22 96
22 65
22 97
22 50
22 57
22 58
22 59
23 87
23 34
23 31
23 31
23 38
23 53
23 76
24 48
24 81
24 88
24 49
24 69
24 57
24 88
25 71
25 52
25 59
25 37
25 85
25 83
25 87
26 60
26 77
26 39
26 49
26 94
26 32
26 70
26 83
26 49
26 52
27 75
27 96
27 71
27 69
28 83
28 85
28 64
28 87
28 97
28 48
28 34
28 77
28 40
28 99
28 97
29 44
29 60
29 31
29 94
29 49
30 42
30 66
30 85
30 65
30 49
30 41
30 88
30 87
30 75
30 57
30 90
30 97
30 59
31 66
31 75
31 43
31 56
32 39
32 75
32 65
32 69
32 87
32 86
32 42
33 98
33 93
33 95
33 97
33 97
33 70
34 59
34 40
34 48
34 86
34 84
34 39
35 99
35 87
35 79
35 42
35 44
36 41
36 49
36 82
36 77
37 51
37 66
37 80
37 70
37 62
38 79
38 80
38 65
39 68
39 51
39 67
39 87
39 78
39 79
40 81
40 90
40 94
40 68
40 96
41 89
41 71
41 87
41 94
41 65
41 73
41 60
42 47
42 50
42 45
42 47
42 55
42 69
42 53
42 50
42 95
43 64
43 75
43 86
43 47
43 63
43 92
43 64
43 63
43 46
44 48
44 85
44 71
44 78
44 67
44 81
45 90
45 61
45 78
45 51
45 65
45 52
45 68
45 79
45 91
46 58
46 92
46 85
46 81
46 70
46 68
47 68
47 96
47 51
48 58
48 57
48 70
49 63
49 58
49 56
49 68
49 60
49 59
49 62
49 81
51 76
51 92
51 59
51 87
51 77
52 61
52 55
52 81
53 88
53 89
53 99
54 97
54 88
55 68
55 97
55 59
55 57
55 61
55 97
56 65
56 77
56 98
56 77
56 90
57 88
57 81
57 64
57 99
57 77
57 73
58 92
58 87
58 67
58 65
58 98
58 84
58 90
59 97
59 96
59 96
59 75
60 73
60 67
60 69
60 71
60 71
61 85
61 97
61 97
61 64
63 76
63 80
63 69
63 71
64 74
64 89
64 81
65 67
65 83
66 88
66 99
66 97
66 79
67 82
67 70
67 68
68 97
68 90
68 98
68 93
68 92
69 96
69 70
69 95
69 75
69 85
70 75
70 77
70 73
70 83
70 78
71 82
72 79
72 75
72 99
72 74
72 86
72 73
72 96
73 92
73 90
74 95
74 92
74 79
74 86
75 86
75 83
75 89
75 95
75 88
76 81
78 89
79 91
79 89
79 89
79 85
79 86
80 84
80 90
81 83
82 97
82 86
82 87
82 93
82 87
82 89
83 98
83 89
83 90
84 85
86 90
88 99
88 94
88 99
91 98
92 98
92 98
