0 58
0 46
0 54
0 97
0 78
0 68
0 45
0 79
0 35
0 29
0 73
0 44
0 41
0 10
1 22
1 13
1 8
1 85
1 89
1 34
1 94
1 53
1 93
2 6
2 97
2 27
2 78
2 20
2 40
2 41
2 62
2 60
2 85
2 11
3 33
3 4
3 92
3 94
3 35
3 91
3 37
3 63
3 30
4 85
4 88
4 69
4 87
4 50
4 61
4 20
4 42
4 33
4 38
5 12
5 53
5 51
5 43
5 76
5 38
5 30
5 99
5 9
5 49
6 50
6 56
6 49
6 80
6 11
6 54
6 99
6 63
6 87
6 57
6 45
7 27
7 37
7 97
7 26
7 98
8 47
8 13
8 58
8 9
8 70
8 38
8 17
8 33
8 83
8 36
9 28
9 51
9 72
9 82
9 41
9 21
9 92
9 94
9 85
10 28
10 23
10 33
10 53
10 84
11 91
11 88
11 83
11 70
11 60
11 95
11 39
11 98
12 59
12 69
12 24
12 43
12 66
12 60
12 83
12 74
12 89
12 74
12 78
12 97
12 89
12 15
12 51
12 32
13 28
13 32
13 96
13 32
13 78
13 42
13 14
13 70
13 37
13 32
13 56
13 59
13 63
14 64
14 76
14 82
14 48
14 66
15 28
15 57
15 45
15 42
15 35
15 72
15 33
16 63
16 69
16 38
16 90
16 70
17 83
17 85
17 48
17 46
17 21
17 85
18 63
18 89
18 31
18 23
19 47
19 52
19 67
19 44
19 52
19 73
19 44
19 67
19 39
19 98
19 23
20 32
20 68
20 38
20 56
20 93
21 90
21 97
21 39
22 56
22 49
22 91
22 50
22 80
22 40
22 89
22 95
23 65
23 51
23 25
23 41
23 28
23 31
24 47
24 39
24 51
24 46
24 29
24 97
24 47
24 68
25 34
25 53
25 87
25 85
25 94
25 60
25 35
25 75
26 52
26 29
26 50
26 41
27 65
27 65
27 32
27 70
27 63
27 32
27 34
28 58
28 89
28 96
28 51
28 47
28 60
28 60
28 67
28 41
29 94
29 84
29 59
29 52
29 81
29 91
29 87
29 53
29 45
29 38
29 81
30 74
30 36
30 42
30 79
30 86
30 65
30 35
30 72
30 86
31 65
31 63
31 74
31 48
31 96
31 99
31 91
31 53
32 70
32 77
32 76
32 90
32 48
32 94
32 98
32 78
33 59
33 56
33 96
33 85
33 95
33 48
33 42
33 82
33 51
33 58
34 85
34 87
34 42
34 43
34 68
34 54
34 85
34 36
34 63
35 48
35 92
35 92
35 54
35 39
35 98
35 46
35 62
35 65
36 46
36 87
36 40
36 52
37 53
37 87
37 65
37 47
37 56
37 67
37 58
37 82
38 49
38 64
38 52
38 75
38 63
38 84
39 77
39 43
39 61
39 49
39 87
39 93
40 94
40 52
40 44
40 86
40 62
40 89
40 46
40 52
40 51
40 76
40 97
41 44
41 53
41 88
41 60
41 60
42 83
42 62
42 53
42 65
42 78
42 54
42 99
42 94
43 67
43 63
43 81
43 53
43 60
43 91
43 94
43 56
44 88
44 86
44 75
44 66
44 54
44 65
44 85
44 48
44 87
44 47
44 94
45 50
45 83
46 56
46 90
46 59
46 82
46 82
46 75
47 72
47 59
47 49
47 63
47 67
47 56
47 50
48 75
48 88
48 89
48 51
49 56
49 69
50 97
50 53
50 60
50 86
51 91
51 52
51 98
51 96
52 74
52 68
52 55
53 69
53 89
53 58
53 62
54 96
54 71
54 79
55 85
55 75
55 56
56 90
56 75
56 63
56 78
56 84
57 94
57 96
57 82
57 86
58 75
59 71
59 94
59 73
59 85
59 81
60 87
60 74
60 76
61 63
61 96
61 96
61 74
62 91
62 88
62 69
62 65
62 90
63 89
63 87
64 90
64 93
64 93
64 69
64 80
65 86
66 76
66 70
66 77
66 93
67 97
67 91
68 98
68 94
68 91
68 88
68 69
68 82
68 78
68 87
69 75
70 74
70 79
70 73
71 90
72 98
72 78
73 87
74 90
76 79
76 79
77 88
77 87
77 97
78 96
79 85
80 92
80 92
80 97
80 86
81 92
81 93
82 90
82 86
82 99
82 84
83 92
83 97
83 96
84 90
84 96
84 88
85 93
87 88
87 97
87 97
87 98
87 96
88 96
90 95
91 92
93 99
