0 15
0 77
0 91
0 58
0 83
0 84
0 89
0 70
0 5
1 85
1 53
1 21
1 6
1 49
1 11
1 82
1 46
1 26
1 77
1 53
1 38
1 15
1 67
1 22
1 22
2 34
2 66
2 52
2 98
2 64
2 43
2 27
2 51
2 88
2 41
2 87
3 14
3 81
3 49
3 61
3 66
3 50
3 46
3 88
3 94
3 65
3 29
3 66
3 94
3 37
3 59
3 95
3 63
3 63
4 69
4 16
4 44
4 31
4 43
4 68
4 12
4 20
4 10
4 12
5 24
5 53
5 11
5 82
5 57
5 79
5 70
5 55
6 53
6 39
6 80
6 74
6 51
6 46
6 80
6 30
6 71
6 61
6 53
6 79
6 63
6 39
7 22
7 69
7 31
7 70
7 67
7 72
7 8
7 47
7 69
7 60
8 15
8 43
8 88
8 98
8 78
8 32
8 55
8 87
8 23
9 70
9 50
9 88
9 50
9 11
9 63
9 84
9 47
9 68
9 70
9 43
9 31
9 54
10 68
10 15
11 93
11 14
11 67
11 25
11 71
11 25
11 42
11 61
11 88
12 55
12 58
12 99
12 19
12 45
12 27
12 90
12 29
12 32
12 72
13 32
13 67
13 70
13 28
13 84
13 24
13 92
13 19
13 63
13 16
13 96
13 32
14 82
14 18
14 52
14 94
14 90
15 90
15 73
15 93
15 74
15 39
15 91
15 16
15 43
15 75
15 84
15 85
15 62
15 19
15 76
15 98
16 87
16 84
16 50
16 78
16 79
16 62
16 72
16 91
16 59
16 77
16 80
16 87
17 78
17 48
17 84
17 63
17 80
17 34
17 70
17 18
18 41
18 95
18 98
18 59
18 53
18 91
18 68
19 48
19 28
19 65
19 30
19 65
20 76
20 52
20 77
20 44
20 81
20 84
20 50
20 37
20 68
21 62
21 99
21 33
21 45
21 34
21 46
21 79
22 76
22 92
22 52
22 33
22 72
22 90
22 58
22 52
22 54
22 97
22 48
22 55
22 34
22 51
23 24
23 43
23 41
23 94
23 85
23 41
23 91
23 27
23 90
24 42
24 50
24 83
24 63
24 72
24 62
25 59
25 89
25 63
25 37
25 47
25 58
25 81
25 45
25 56
26 41
26 27
26 87
27 79
27 99
27 47
27 81
27 77
27 77
27 34
27 98
27 96
27 76
28 92
28 99
28 84
29 94
29 50
29 44
29 93
29 50
30 78
30 48
30 58
30 96
30 87
30 42
31 98
31 47
31 35
31 97
31 91
32 74
32 62
32 81
32 88
32 56
32 54
32 34
32 42
32 65
32 54
33 93
33 82
33 48
33 64
33 71
33 36
34 90
34 63
34 77
34 94
34 58
35 81
35 57
35 43
35 67
35 96
36 68
36 38
36 56
36 84
36 81
36 54
37 63
37 73
37 88
37 92
37 67
37 99
37 40
37 97
37 96
37 75
38 66
38 51
38 61
38 93
38 51
38 65
38 85
38 77
39 77
39 66
39 40
39 82
39 46
39 60
39 98
40 79
40 85
40 53
40 89
40 43
41 94
41 51
41 72
41 66
42 58
42 74
42 65
42 93
43 77
43 49
43 90
43 88
43 68
43 47
44 53
44 82
45 82
45 96
45 99
45 82
45 87
45 50
45 51
45 92
46 68
46 83
46 82
46 61
46 59
47 95
48 91
48 67
48 59
48 91
49 61
49 64
49 64
49 50
49 75
49 52
50 85
50 77
50 76
50 74
50 71
50 92
51 69
51 74
51 53
52 65
53 78
53 68
54 95
54 55
55 65
55 77
55 59
55 92
55 66
55 99
55 56
56 73
56 88
56 60
56 92
56 60
56 68
56 74
57 73
57 68
57 83
57 92
57 97
57 98
58 93
58 59
58 90
58 63
58 74
59 80
59 60
59 91
59 67
59 69
60 83
60 75
61 96
61 67
62 84
62 95
62 78
62 68
63 92
64 86
64 80
64 67
64 70
64 74
65 82
65 78
65 75
65 84
65 69
66 90
66 81
66 99
66 89
67 77
68 80
68 99
68 87
68 69
68 83
68 80
69 97
69 87
69 75
70 96
70 93
71 86
71 99
72 90
72 83
73 76
73 86
74 75
74 80
74 85
75 96
75 78
76 92
77 87
79 99
80 88
80 82
81 83
82 88
82 87
82 86
83 86
83 91
84 99
84 92
85 89
89 90
92 97
94 97
95 97
97 98
