0 46
0 26
0 61
0 95
0 71
0 50
0 96
0 45
0 52
0 23
0 50
0 81
0 89
0 88
1 5
1 67
1 46
1 3
1 23
1 26
1 85
1 96
1 12
2 60
2 39
2 61
2 61
2 21
2 80
2 70
2 72
2 76
2 37
3 27
3 69
3 18
3 26
3 73
3 79
3 92
3 82
3 81
3 64
3 9
4 75
4 68
4 14
4 84
4 70
4 69
4 28
4 59
4 36
4 72
5 83
5 19
5 96
5 68
5 45
5 52
6 29
6 63
6 66
6 85
6 17
6 89
6 45
7 57
7 33
7 96
7 99
7 76
7 31
7 50
7 65
7 64
7 75
7 60
7 52
8 99
8 90
8 36
8 55
8 79
8 10
8 25
8 70
8 57
9 78
9 48
9 74
9 80
9 16
9 37
9 97
9 50
9 92
9 20
9 35
9 31
9 97
10 75
10 45
10 41
10 17
10 62
11 38
11 52
11 54
11 33
11 41
11 26
12 69
12 18
12 46
13 72
13 91
13 88
13 68
13 78
13 80
13 99
14 75
14 19
14 91
14 70
14 96
14 72
14 82
15 86
15 37
15 76
15 70
15 77
16 99
16 79
16 28
16 17
16 21
16 23
16 42
16 90
16 23
17 70
17 29
17 56
17 71
17 92
17 38
18 55
18 30
18 45
18 79
18 25
18 49
18 54
18 37
19 31
19 90
19 98
19 79
19 76
19 73
19 35
20 61
20 80
20 57
20 31
21 81
21 54
21 37
21 95
21 72
21 97
21 81
21 23
21 82
21 38
22 41
22 47
22 81
22 49
22 39
22 70
22 45
23 31
23 54
23 52
23 24
23 99
23 32
24 62
24 92
24 57
24 91
24 36
24 66
25 47
25 51
25 86
25 61
25 74
25 41
25 31
25 70
25 75
25 45
25 94
25 78
25 37
26 33
26 51
26 75
26 47
27 54
27 31
27 92
27 60
27 47
27 83
27 58
27 74
27 32
27 87
27 62
28 38
28 72
28 49
28 65
28 45
28 42
28 56
28 89
28 46
28 65
29 57
29 84
29 43
29 56
29 77
29 95
29 60
29 89
29 76
30 59
30 86
30 60
30 96
30 66
30 36
30 34
30 44
30 56
31 68
31 46
31 87
31 80
31 81
31 57
32 46
32 98
32 48
32 85
32 58
33 53
33 66
33 57
33 85
33 93
33 70
33 81
34 37
34 60
34 36
34 80
34 92
34 60
34 86
35 80
35 98
35 52
35 37
36 51
36 57
36 74
36 81
36 43
36 39
36 97
36 44
36 61
37 59
37 61
37 49
37 43
37 84
37 69
37 76
38 52
38 60
38 57
38 45
38 99
38 83
39 49
39 94
39 45
39 49
39 55
39 53
39 96
39 87
40 94
40 73
40 48
40 98
40 78
41 49
41 50
42 58
42 66
42 72
42 93
42 91
43 55
43 49
43 59
43 70
43 59
43 82
43 93
43 93
44 76
44 63
44 96
44 84
44 79
44 45
44 76
44 61
44 77
44 62
44 46
44 62
45 50
45 50
45 53
45 84
46 94
46 65
46 97
46 71
46 94
46 88
46 93
47 99
47 74
47 87
47 72
47 67
47 99
47 75
48 91
48 65
48 97
48 94
48 87
48 80
48 72
49 76
49 85
49 53
50 57
50 80
50 72
50 71
51 63
51 63
51 96
51 82
52 54
52 79
52 77
52 92
52 82
53 83
53 79
54 61
54 60
55 97
55 83
56 95
56 68
56 90
56 83
56 99
57 77
57 86
57 74
57 62
57 67
58 96
58 77
59 69
60 95
60 61
60 80
60 62
62 94
62 93
62 99
62 91
62 94
62 79
62 99
62 73
62 76
63 78
63 64
63 99
63 96
63 66
63 91
64 81
64 77
64 85
65 77
65 94
65 66
65 76
65 90
66 92
66 89
66 89
67 68
67 77
68 82
68 82
68 75
68 87
69 93
69 88
69 84
69 95
70 86
70 76
70 75
71 74
71 91
71 79
71 93
72 84
73 84
73 89
73 81
74 94
74 76
74 93
74 89
74 82
75 77
75 90
75 90
75 94
75 82
76 90
76 93
76 92
77 90
78 88
78 88
78 79
78 79
79 80
79 99
79 84
80 86
80 94
80 97
82 89
82 92
83 99
84 87
85 96
85 93
85 98
85 92
87 96
87 96
87 94
87 98
88 99
88 94
89 93
90 96
91 92
91 97
92 99
93 99
96 97
