0 66
0 63
0 98
0 20
0 96
0 96
0 25
0 65
0 95
0 94
0 3
0 42
0 9
0 21
0 85
0 93
1 64
1 42
1 60
1 71
1 47
1 11
1 15
1 45
1 54
1 74
1 13
1 84
1 44
1 8
2 84
2 3
2 46
2 31
2 57
2 69
3 6
3 6
3 26
3 85
3 63
3 30
3 44
3 18
3 57
3 18
3 36
4 50
4 55
4 40
4 36
4 34
4 60
4 22
4 13
4 99
4 40
4 61
5 22
5 9
5 97
5 92
5 44
5 46
5 35
5 32
6 43
6 74
6 28
6 14
6 73
6 42
6 19
6 96
7 16
7 65
7 87
7 8
7 38
7 38
7 66
7 31
7 38
7 8
7 87
8 44
8 36
8 26
8 62
8 82
8 18
8 20
8 41
9 68
9 34
9 24
9 21
9 43
9 43
9 26
9 34
9 14
10 75
10 47
10 59
10 63
10 28
10 81
10 92
11 67
11 45
11 56
11 15
11 56
11 77
11 94
12 68
12 40
12 43
12 18
12 76
12 42
12 75
13 48
13 16
13 46
13 62
13 57
14 16
14 54
14 36
14 25
14 97
14 29
14 29
14 41
14 88
15 68
15 27
15 34
15 54
15 58
15 42
15 53
15 92
15 46
15 24
15 47
15 58
16 45
16 93
16 43
16 24
16 25
16 42
16 64
16 35
17 51
17 38
17 79
17 89
17 68
17 82
17 61
17 25
17 65
18 88
18 59
18 90
18 87
19 71
19 86
19 44
19 80
19 72
19 53
19 30
19 54
19 44
19 60
19 87
20 47
20 53
20 85
20 58
20 60
21 95
21 34
21 38
21 78
21 25
21 83
21 84
22 79
22 83
22 53
22 75
22 31
22 48
22 91
22 52
23 41
23 63
23 92
23 71
23 42
23 55
23 98
23 74
23 26
23 42
23 29
23 45
23 97
23 44
24 45
24 35
24 43
24 58
24 43
24 93
24 51
24 59
24 32
24 97
25 39
25 84
25 84
25 33
26 80
26 94
26 70
26 76
26 53
26 69
26 89
26 32
26 46
26 35
27 47
27 38
27 47
27 86
27 38
27 85
27 47
28 61
28 46
28 78
28 39
28 36
28 51
28 47
28 46
29 59
29 30
29 48
29 50
30 54
30 33
30 79
30 44
31 57
31 76
31 48
31 70
32 36
32 58
32 57
32 88
32 38
32 35
32 47
33 68
33 50
33 48
33 55
33 90
33 90
33 73
33 80
33 85
34 81
34 92
34 90
34 56
34 82
35 95
35 99
35 41
35 95
36 48
36 98
36 57
36 75
36 90
37 54
37 68
37 49
37 77
38 62
38 54
38 85
38 63
38 49
38 51
39 70
39 48
39 80
39 83
39 48
39 83
40 52
40 43
40 86
40 56
40 94
40 94
41 77
42 78
42 76
42 86
42 73
42 52
42 70
42 72
42 63
42 65
42 61
42 76
42 67
43 86
43 58
43 57
43 62
43 68
43 65
43 52
43 54
43 85
44 77
44 53
44 74
44 89
45 66
45 46
45 70
45 69
45 91
45 66
46 73
46 82
46 63
46 65
47 65
47 97
47 81
47 90
47 60
48 80
48 72
49 56
49 89
49 64
50 88
50 95
50 76
50 81
50 69
51 57
51 77
51 73
51 98
51 77
52 66
52 89
52 63
52 83
52 59
52 77
52 87
53 55
53 86
53 61
53 92
53 87
54 74
54 71
54 98
54 95
54 95
54 58
55 78
55 89
55 69
55 68
55 80
56 96
56 72
56 57
56 67
57 67
57 67
58 67
58 93
58 64
58 80
58 94
58 93
59 64
59 68
60 72
60 63
60 62
61 74
61 63
61 65
61 88
61 77
61 97
62 98
62 88
63 83
63 64
64 85
64 93
64 69
64 70
64 72
64 99
64 67
65 78
65 76
65 91
65 81
66 77
66 98
66 69
66 82
67 97
67 87
67 73
68 91
68 98
69 90
69 71
69 79
69 80
69 80
70 97
70 84
70 88
71 76
71 89
71 80
73 76
74 79
74 76
74 79
74 97
75 92
75 83
75 79
76 97
76 96
76 86
76 99
76 86
76 78
77 89
79 86
79 83
79 96
80 87
80 88
80 98
80 85
80 96
81 83
81 87
81 92
82 84
82 94
82 92
82 99
83 90
83 90
83 97
83 96
84 85
85 98
86 95
86 88
88 94
90 95
90 93
91 96
93 94
94 98
94 95
