0 59
0 68
0 25
0 99
0 10
0 33
0 65
0 55
0 58
0 61
1 85
1 8
1 46
1 87
1 58
1 26
1 32
1 40
1 23
1 23
1 71
1 20
1 61
2 59
2 68
2 65
2 10
2 13
2 53
2 3
2 91
2 38
3 49
3 86
3 11
3 57
3 55
3 9
3 13
4 49
4 96
4 42
4 92
4 53
4 8
4 16
4 37
4 12
5 24
5 93
5 59
5 81
5 67
6 92
6 62
6 26
6 59
6 42
6 83
6 61
6 91
6 46
6 39
6 52
6 52
6 35
6 38
7 62
7 12
7 19
7 11
7 31
7 17
7 80
7 73
7 49
7 82
7 33
7 42
7 38
8 98
8 96
8 93
8 9
8 36
8 76
8 57
8 43
8 84
9 33
9 29
9 10
9 13
9 69
9 17
9 16
9 56
9 69
9 86
10 49
10 67
10 12
10 75
10 92
10 12
10 81
10 69
10 91
10 54
10 61
11 22
11 31
11 87
11 15
11 43
11 12
11 93
11 18
11 35
11 89
12 88
12 30
12 46
12 73
12 44
12 68
13 98
13 38
13 40
13 87
13 48
13 96
13 57
13 66
14 41
14 55
14 54
14 42
14 72
14 71
14 28
14 56
14 78
14 35
14 66
14 48
14 77
14 97
15 60
15 30
15 40
15 42
15 50
15 65
15 99
15 20
16 23
16 85
16 57
16 70
16 80
16 56
16 59
17 54
17 57
17 49
17 86
17 73
17 79
17 93
17 20
17 55
17 62
18 79
18 27
18 20
18 76
18 24
18 91
18 25
19 40
19 52
19 52
19 52
19 99
19 71
19 85
20 93
20 84
21 83
21 89
21 96
21 69
21 55
21 75
21 23
21 27
21 91
22 71
22 36
22 72
22 81
22 33
22 70
22 83
22 84
22 38
22 86
22 83
22 40
22 24
22 30
23 87
23 57
23 66
23 34
23 31
23 45
23 77
24 43
24 32
24 37
25 78
25 38
25 48
25 58
25 51
25 88
26 40
26 92
26 66
26 80
26 79
26 64
26 38
27 78
27 65
27 94
27 75
27 29
27 56
27 28
27 73
27 49
27 49
27 79
28 40
28 87
28 43
28 58
28 43
28 57
28 78
28 72
28 74
28 62
28 69
29 69
29 95
29 73
29 71
29 88
29 51
30 98
30 35
30 64
30 31
30 47
30 55
31 96
31 86
31 99
31 96
31 33
31 61
31 67
31 83
32 68
32 85
32 33
32 88
32 86
32 57
32 89
32 34
33 40
33 81
33 44
33 97
33 50
33 98
34 80
34 66
34 78
34 90
34 55
34 61
35 89
35 48
35 70
35 99
35 79
35 44
35 52
36 55
36 95
36 64
36 70
36 44
37 88
37 69
37 73
37 80
38 87
38 61
38 39
38 96
38 50
38 58
39 87
39 85
39 78
39 68
39 42
40 54
40 76
40 99
40 82
40 72
40 66
40 80
40 68
41 87
41 95
41 75
41 95
42 91
42 92
42 97
42 83
42 78
42 93
42 65
42 88
42 65
42 91
43 75
43 55
43 62
43 95
44 61
44 97
44 76
44 72
44 58
44 77
44 63
44 63
45 55
45 50
45 61
45 80
45 90
46 87
46 83
46 54
46 89
46 55
46 65
47 93
47 71
47 49
48 55
48 71
48 70
48 68
50 62
50 85
50 87
50 68
50 93
50 58
51 80
51 86
51 67
51 86
52 98
52 66
52 93
53 73
53 66
53 90
53 82
53 89
53 65
53 63
53 58
53 76
54 93
54 99
54 63
54 70
54 60
54 74
55 62
55 79
55 85
55 84
55 64
55 89
55 71
55 97
55 96
56 69
56 75
56 78
57 81
57 84
58 65
59 88
59 61
59 94
59 72
59 89
60 88
60 61
60 71
60 72
60 80
60 92
60 70
61 70
61 72
61 83
61 88
61 86
62 80
62 87
62 68
62 91
62 67
62 85
63 95
63 65
63 67
64 96
64 96
65 91
65 66
66 89
67 98
67 70
68 72
68 89
68 83
68 71
68 86
68 90
69 87
69 93
70 99
70 78
72 74
72 73
73 87
73 95
73 99
74 80
75 92
75 80
75 86
76 82
76 81
76 87
76 80
76 80
77 93
77 84
77 80
77 78
78 98
78 95
80 95
81 95
81 99
81 96
82 89
83 98
83 96
83 98
84 89
85 96
86 91
86 93
87 90
89 96
90 94
91 93
95 98
95 98
