0 61
0 43
0 98
0 13
0 23
0 90
0 1
0 7
0 16
0 55
1 28
1 73
1 73
1 36
1 77
1 27
1 34
1 81
1 21
1 16
1 40
2 32
2 32
2 55
2 63
2 17
2 63
2 67
2 57
3 16
3 65
3 72
3 71
3 5
4 73
4 74
4 19
4 16
4 31
4 39
4 8
4 73
4 42
5 77
5 57
5 7
5 90
5 90
5 88
5 8
5 65
5 86
5 28
5 31
5 93
5 11
6 87
6 41
6 79
6 67
6 68
6 60
6 22
6 95
6 40
6 55
7 49
7 46
7 35
7 60
7 79
7 11
7 54
7 64
7 63
7 29
8 31
8 42
8 40
8 12
8 60
8 77
8 26
8 15
8 36
8 94
8 85
9 46
9 68
9 57
9 97
9 98
9 90
9 68
9 31
9 13
9 88
9 90
9 61
9 68
9 30
9 80
9 23
10 61
10 51
10 86
10 94
10 74
10 26
11 54
11 12
11 50
11 95
11 56
11 18
11 96
11 70
11 72
11 96
11 50
12 61
12 55
12 25
12 28
12 29
12 66
12 20
12 91
12 83
12 51
13 23
13 22
13 58
13 80
13 16
13 23
13 81
13 75
13 79
13 16
13 86
13 27
13 64
14 22
14 80
14 89
14 44
14 41
14 85
14 80
14 21
14 94
14 53
14 37
15 52
15 65
15 42
15 97
15 19
15 41
15 80
15 87
16 76
16 80
16 94
16 81
16 94
16 74
16 79
16 31
16 60
16 58
17 46
17 60
17 22
17 63
17 26
18 27
18 70
18 24
18 49
18 83
18 52
19 70
19 33
19 66
19 28
19 72
19 86
19 99
19 66
19 32
20 74
20 95
20 35
21 44
21 77
21 56
21 36
21 41
21 61
21 26
21 94
21 93
21 80
21 90
22 58
22 38
22 97
22 53
22 31
23 42
23 53
23 35
23 80
23 68
23 80
23 68
23 42
23 52
23 65
24 97
24 44
24 52
24 35
24 96
24 34
24 79
24 67
24 91
24 81
25 30
25 74
25 35
25 52
25 50
26 59
26 56
26 57
27 77
27 96
27 93
27 90
27 36
27 90
27 69
27 46
27 38
28 46
28 85
28 87
28 67
29 34
29 64
29 76
29 51
29 47
29 64
29 50
29 47
30 79
30 88
31 41
31 98
31 65
31 79
31 97
31 91
32 64
32 72
32 86
32 38
32 33
32 41
32 74
32 45
32 92
33 61
33 62
33 95
33 68
33 36
34 47
34 85
34 99
34 77
34 85
34 70
34 89
34 76
35 36
35 55
35 38
35 43
35 59
35 60
36 96
36 89
36 47
36 69
36 75
37 92
37 57
37 47
37 70
37 87
37 76
38 92
38 63
38 77
38 84
38 82
38 99
38 67
39 81
39 72
39 53
39 89
39 54
39 96
39 63
39 47
39 40
39 79
39 93
39 90
39 53
39 74
39 59
40 77
40 89
40 75
40 41
40 90
41 71
41 47
41 84
41 86
41 44
42 86
42 44
42 71
43 93
43 99
43 82
44 72
45 82
45 48
45 97
45 73
45 48
46 51
46 61
47 67
47 89
47 77
47 58
47 48
48 68
48 78
48 73
48 89
48 99
48 89
49 59
49 77
49 75
49 80
49 83
50 94
50 66
51 63
51 81
51 83
51 62
51 61
51 92
51 67
51 59
51 58
52 92
52 99
52 99
52 74
52 70
52 92
52 77
52 76
52 98
53 90
53 93
53 66
53 73
53 68
54 83
54 59
54 85
54 75
54 56
55 83
55 69
55 79
55 79
55 86
55 71
55 58
55 57
56 83
56 87
56 93
56 91
57 75
57 83
58 97
58 73
58 63
59 87
59 69
59 71
59 68
59 80
59 77
60 68
60 65
60 66
60 71
60 72
61 86
61 93
62 80
62 96
62 95
63 83
63 75
64 78
64 80
64 96
64 77
64 87
65 83
65 69
65 80
66 69
66 91
66 76
66 79
66 74
67 91
67 89
67 92
68 72
69 92
69 83
69 70
69 95
69 78
69 79
69 77
69 75
70 99
70 95
71 91
71 79
71 79
71 92
72 84
73 84
73 79
73 78
75 97
77 85
77 99
78 98
78 93
78 99
78 96
78 97
79 99
79 83
79 84
80 87
81 87
81 88
82 87
82 97
83 95
84 93
84 99
84 88
85 93
85 91
86 88
87 95
87 89
88 95
88 90
91 99
92 98
93 97
95 99
