0 15
0 4
0 44
0 12
0 10
0 84
0 80
0 99
0 77
0 59
0 19
1 53
1 97
1 54
1 90
1 47
1 46
1 53
1 79
1 21
1 43
1 64
1 72
2 10
2 11
2 58
2 69
2 69
2 42
2 54
2 10
2 65
2 4
2 19
2 26
3 42
3 42
3 8
3 85
3 80
3 45
3 71
3 31
3 14
4 69
4 10
4 49
4 89
4 53
4 99
4 39
4 8
4 47
4 54
4 78
4 97
4 79
4 43
4 16
5 10
5 77
5 19
5 45
5 74
5 82
5 62
5 30
5 74
5 39
6 97
6 66
6 10
6 9
6 45
6 83
6 99
6 66
6 44
6 14
6 32
7 41
7 20
7 97
7 18
7 85
7 56
7 59
7 14
7 18
7 77
7 19
7 77
7 89
7 36
8 62
8 96
8 16
8 26
8 93
8 21
9 73
9 69
9 53
9 46
9 63
10 25
11 31
11 84
11 39
11 47
11 76
11 64
11 87
11 33
11 60
11 52
12 31
12 76
12 41
12 77
12 35
12 15
12 96
13 59
13 36
13 64
13 71
13 87
13 44
13 27
13 68
13 71
13 52
13 73
14 82
14 39
14 81
14 99
14 40
14 69
14 56
14 28
14 18
14 76
14 84
15 44
15 55
15 52
15 26
15 93
15 25
15 18
15 21
15 26
15 41
15 60
15 72
15 59
15 95
16 94
16 43
16 34
16 99
16 23
16 52
16 31
17 63
17 49
17 93
17 52
18 93
18 69
18 30
18 27
18 75
18 82
18 85
18 80
18 47
18 57
19 67
19 58
19 91
19 97
19 40
19 33
19 71
19 72
19 61
19 65
20 38
20 73
20 60
20 94
20 97
20 44
20 99
20 70
20 90
20 74
20 77
20 32
20 33
20 98
20 64
21 62
21 83
21 81
21 65
21 43
21 22
21 48
21 69
21 65
21 31
22 94
22 94
22 95
22 78
22 94
22 89
22 85
22 38
22 28
22 46
22 70
22 30
23 38
23 51
23 49
23 56
23 24
23 58
23 28
23 92
24 76
24 89
24 37
24 47
24 30
24 87
24 42
24 38
24 65
25 51
25 69
25 61
25 58
25 94
26 81
26 72
27 49
27 84
27 66
27 34
27 54
27 50
27 62
27 77
27 72
27 41
28 58
28 84
28 99
28 53
28 96
28 90
28 44
28 98
28 30
29 38
29 72
29 53
29 64
29 33
29 57
29 98
29 83
29 55
30 40
30 99
30 91
30 88
30 53
30 60
30 84
30 38
31 65
31 40
31 90
31 87
31 60
31 37
32 70
32 93
32 78
32 58
32 76
33 59
33 99
33 79
33 81
33 96
33 99
33 51
34 43
34 92
34 84
35 68
35 76
35 45
35 65
35 55
35 87
35 57
36 69
36 69
36 50
36 71
36 60
36 45
36 87
36 59
36 41
36 67
37 69
37 54
37 39
37 62
37 92
37 78
38 91
38 47
38 70
38 52
38 90
38 67
38 55
39 54
39 42
39 57
39 74
39 61
40 98
40 91
40 45
41 84
41 64
41 59
42 50
42 80
42 58
42 72
42 54
42 57
42 72
42 84
43 59
43 89
43 51
44 94
44 51
44 52
44 91
44 85
44 69
44 73
44 79
45 76
46 96
46 68
46 48
46 88
46 92
46 54
46 55
47 85
47 96
47 49
48 99
48 79
48 68
48 89
48 55
49 92
49 51
49 54
49 52
50 76
50 95
50 92
50 87
50 53
50 53
50 94
50 66
51 98
52 82
52 99
52 96
52 85
52 65
52 87
52 82
53 98
53 56
53 59
53 95
54 77
54 73
55 85
55 95
55 56
55 58
55 64
56 64
56 91
56 70
57 94
57 69
58 97
58 62
58 60
59 75
59 74
59 96
59 74
59 71
60 67
60 79
61 66
61 93
61 81
61 83
61 69
61 81
61 79
62 79
62 88
62 97
63 95
63 81
63 80
64 73
64 79
65 88
66 91
66 98
67 78
67 71
67 95
67 73
67 94
68 95
68 81
68 88
69 99
69 71
70 75
71 81
71 88
71 91
71 90
72 81
73 74
74 91
74 83
75 88
75 93
76 77
76 94
76 89
77 97
77 97
78 80
79 90
79 99
79 85
79 80
80 88
80 98
80 89
81 96
81 82
83 87
83 90
83 97
84 99
85 98
86 99
89 95
89 99
89 96
89 99
90 94
91 96
91 96
92 93
93 96
95 96
