0 65
0 96
0 51
0 85
0 84
0 43
1 42
1 54
1 76
1 71
1 43
1 80
1 78
1 27
1 85
1 68
2 39
2 78
2 90
2 89
2 24
2 53
2 96
2 30
3 76
3 35
3 26
3 57
3 19
3 95
3 8
3 59
3 51
3 58
4 88
4 79
4 26
4 41
4 28
4 48
4 60
4 78
4 72
4 60
4 57
4 62
4 12
5 47
5 74
5 32
5 39
5 83
5 6
5 52
5 69
5 26
6 51
6 71
6 48
6 22
6 64
7 93
7 24
7 84
7 50
7 74
7 58
7 35
7 9
8 21
8 63
8 42
8 62
8 76
8 17
8 68
8 88
8 30
9 19
9 75
9 89
9 59
9 24
9 69
9 28
9 39
10 48
10 20
10 50
10 97
10 52
10 46
10 72
10 38
10 94
11 34
11 57
11 44
11 56
11 62
11 68
11 15
12 53
12 45
12 82
12 86
12 93
12 22
12 59
12 14
12 20
12 57
12 95
13 24
13 99
13 94
13 53
13 28
13 55
13 58
13 87
14 37
14 53
14 51
14 37
14 87
14 17
14 22
15 24
15 96
15 49
15 21
15 93
15 80
15 68
15 92
15 24
15 78
16 51
16 33
16 23
16 86
16 71
16 99
16 35
16 55
16 42
16 85
16 30
16 57
17 47
17 34
17 69
17 50
17 48
17 56
17 32
17 71
17 98
17 44
17 68
17 48
17 51
17 64
17 72
17 54
18 35
18 48
18 45
18 39
18 85
19 27
19 47
19 40
19 28
19 50
19 92
20 33
20 83
20 55
20 46
20 86
21 85
21 54
21 68
21 46
21 40
21 69
21 32
21 38
21 79
21 79
21 37
21 60
21 67
21 32
21 28
22 79
22 24
22 92
22 27
23 81
23 46
23 69
23 81
23 32
23 32
23 59
24 74
24 68
24 91
24 58
25 72
25 59
25 35
25 82
25 85
26 98
26 38
26 40
26 74
26 82
26 45
26 53
26 27
26 80
26 39
26 96
26 59
27 47
27 36
27 45
28 34
28 30
28 90
28 39
28 62
28 69
29 86
29 37
29 53
29 89
29 74
29 82
29 51
29 85
29 46
29 34
30 73
30 91
30 78
30 50
30 56
30 62
31 89
31 46
31 67
31 56
31 37
31 91
31 92
31 94
32 64
32 61
32 44
33 76
33 44
33 51
34 52
34 78
34 59
34 90
34 78
34 79
34 73
35 57
35 64
35 97
35 71
35 78
35 36
35 76
36 39
36 82
36 75
36 40
37 91
37 88
37 75
37 65
37 92
37 60
38 91
38 58
38 93
38 45
38 44
38 64
38 70
39 63
39 88
39 66
40 90
40 79
40 49
40 44
41 62
41 50
41 51
41 98
41 61
42 87
42 73
42 74
42 82
42 55
42 62
42 63
42 98
42 62
42 98
42 79
43 80
43 52
43 78
43 45
44 77
44 45
44 71
44 72
44 46
44 88
44 99
45 87
45 54
45 72
45 51
45 73
45 80
45 77
45 67
46 94
46 80
46 63
46 65
46 80
46 63
47 69
47 92
47 85
47 68
47 78
47 92
48 68
48 56
48 79
48 76
48 55
48 72
49 68
49 92
49 65
49 88
49 70
49 60
50 73
50 78
50 85
52 65
52 78
52 97
53 95
53 91
53 89
53 79
53 95
54 59
54 91
54 57
54 99
54 57
54 78
54 94
54 63
55 63
55 76
55 78
55 65
56 97
56 72
56 88
56 95
56 90
57 61
57 77
57 81
57 63
57 72
57 66
58 62
58 87
58 98
59 73
59 87
60 95
60 97
61 84
61 70
61 74
61 65
61 75
62 71
62 95
62 82
62 78
63 68
63 72
63 81
64 76
64 84
65 72
65 97
65 82
66 67
66 87
66 82
66 94
66 96
67 73
67 84
67 72
67 90
67 88
68 80
68 69
68 74
68 72
69 95
70 82
70 80
70 86
70 84
70 75
71 92
71 78
71 91
71 94
72 75
72 88
72 91
72 75
72 73
73 75
73 90
73 97
74 76
75 96
75 79
75 98
76 99
76 80
76 80
77 95
77 82
77 88
77 78
77 80
78 90
78 82
78 86
78 84
79 97
79 87
79 84
80 87
80 86
81 96
81 85
82 94
83 88
83 88
83 94
83 97
84 85
84 97
84 92
85 90
85 87
85 99
86 88
86 89
86 87
86 89
87 89
87 96
87 92
89 93
92 95
95 99
96 97
