0 39
0 21
0 14
0 93
0 34
0 16
1 49
1 10
1 20
1 64
1 9
1 43
1 33
1 93
1 63
1 89
1 20
2 84
2 81
2 99
2 30
2 96
2 58
2 54
2 85
2 75
2 38
2 89
2 61
3 4
3 53
3 67
3 30
3 23
3 17
3 97
3 42
3 59
3 91
3 93
3 55
4 50
4 82
4 96
4 38
4 8
4 78
4 48
4 50
4 16
4 38
4 13
5 55
5 75
5 87
5 16
5 59
5 36
5 6
5 84
5 68
5 56
5 34
6 45
6 46
6 74
6 86
6 8
6 67
6 22
6 37
7 79
7 71
7 68
7 80
7 62
7 72
7 48
7 23
7 57
8 73
8 55
8 95
8 67
8 95
8 92
8 74
8 19
8 39
9 56
9 64
9 44
9 54
9 24
10 69
10 45
10 96
10 38
10 73
10 89
10 35
10 68
10 47
11 60
11 98
11 53
11 20
11 46
11 67
11 59
11 69
11 36
11 59
12 83
12 73
12 65
12 16
12 44
12 19
12 72
12 68
12 17
13 97
13 30
13 27
13 92
13 83
13 76
13 69
13 15
13 25
13 20
14 99
14 86
14 37
14 95
14 75
14 91
14 67
14 37
14 31
14 98
15 43
15 64
15 82
15 77
15 82
15 74
15 84
15 44
15 42
16 98
16 83
16 55
16 48
16 65
16 29
16 63
16 70
16 82
16 32
16 64
16 96
16 82
17 18
17 93
17 83
17 97
17 18
17 51
17 37
17 62
17 64
17 76
17 48
17 90
17 55
17 37
17 46
18 79
18 30
18 28
18 40
18 47
18 96
18 92
18 90
18 81
19 75
19 32
19 75
19 49
19 30
19 51
19 98
19 88
19 83
19 73
20 79
20 83
20 48
20 26
20 76
20 74
20 26
20 51
21 26
21 23
21 38
21 58
21 52
21 75
21 38
21 30
21 89
21 33
21 82
21 31
22 34
22 54
22 51
22 77
22 74
22 97
22 85
22 41
22 87
22 30
22 35
22 39
22 35
23 93
23 91
23 36
23 47
23 48
23 48
23 41
24 66
24 58
24 76
24 83
24 77
24 96
24 28
24 98
24 28
25 66
25 62
25 89
25 92
26 84
26 55
26 99
26 88
26 95
27 74
27 78
27 46
27 98
27 55
28 32
28 97
28 38
28 86
29 97
29 93
29 56
29 43
29 86
29 65
29 98
29 60
30 34
30 40
30 97
30 96
30 65
30 71
30 80
30 31
31 32
31 95
31 65
31 33
31 67
31 82
31 37
32 65
32 49
32 45
32 42
32 99
33 61
33 78
33 42
33 61
33 59
33 40
33 41
34 88
34 61
34 73
34 62
34 45
34 45
34 61
34 70
34 50
34 74
35 41
35 41
35 61
35 74
36 52
36 89
36 79
37 78
37 90
37 54
37 62
38 43
38 58
38 95
38 72
39 96
39 89
39 67
39 72
39 40
39 77
39 67
39 88
39 95
39 49
40 82
40 79
40 83
40 77
40 75
40 85
41 80
41 47
41 92
41 96
42 48
42 70
42 97
43 59
43 45
43 57
43 84
44 91
45 49
45 65
45 75
45 95
45 47
46 70
46 92
46 64
46 63
46 71
47 91
47 54
47 63
47 67
47 50
47 86
47 72
48 50
48 99
48 93
49 59
49 76
50 60
50 58
51 76
51 80
52 76
52 64
52 95
52 69
53 91
53 80
53 99
53 68
53 63
53 87
54 96
54 74
54 58
54 90
54 93
54 68
54 56
55 76
55 91
55 58
55 95
55 61
55 80
56 74
56 83
56 76
57 71
57 83
57 79
57 78
57 99
58 68
58 94
58 76
59 94
59 87
59 97
60 76
60 98
60 62
60 75
60 65
61 93
61 64
61 77
61 93
61 74
61 97
62 87
62 98
62 95
62 71
62 93
62 78
63 89
63 87
63 79
64 71
64 88
64 75
64 74
64 78
65 85
65 76
65 73
65 74
65 89
66 96
67 99
67 92
67 68
67 94
68 87
68 78
69 92
69 89
69 94
69 98
69 74
69 75
70 78
70 83
71 90
71 98
72 93
72 87
73 85
73 86
74 92
74 83
74 93
75 93
75 93
76 81
76 86
77 87
78 93
78 93
78 82
79 98
79 95
79 85
79 94
79 93
79 80
80 97
80 94
81 86
83 98
83 85
83 92
85 98
85 90
86 92
86 96
88 96
90 99
90 92
91 99
94 97
96 98
