0 72
0 68
0 57
0 59
0 85
0 43
0 61
0 57
0 93
0 35
0 29
0 7
0 70
0 90
0 61
0 9
0 4
0 51
1 65
1 41
1 64
1 86
1 8
1 35
1 57
1 17
1 67
1 39
2 39
2 52
2 95
2 32
2 7
2 34
2 18
2 54
2 24
3 90
3 53
3 36
3 34
3 14
3 13
4 50
4 6
4 84
4 34
4 73
4 74
4 70
5 16
5 15
5 58
5 53
5 28
5 38
5 45
5 88
5 28
5 82
6 68
6 29
6 93
6 17
6 42
6 88
6 52
6 52
6 47
6 16
7 21
7 15
7 12
7 84
7 29
7 58
7 37
7 43
7 39
7 44
7 43
8 62
8 22
8 47
8 30
8 31
8 65
8 63
8 48
8 35
8 42
8 97
8 26
9 85
9 52
9 76
9 79
9 10
9 30
9 32
9 67
9 99
9 10
9 95
9 69
9 87
9 37
9 16
9 18
10 56
10 64
10 72
10 52
10 93
10 67
10 63
10 96
10 58
10 51
11 68
11 87
12 39
12 64
12 59
12 19
12 47
12 97
12 34
12 64
12 87
12 47
12 85
13 35
13 14
13 20
13 44
13 60
13 31
13 21
13 26
13 72
13 27
13 93
13 18
13 17
14 92
14 66
14 69
15 49
15 90
15 19
15 62
15 35
15 52
15 63
16 40
16 93
16 20
16 69
17 96
17 24
17 19
17 47
17 83
18 87
18 92
18 71
18 90
19 56
19 42
19 80
19 33
19 84
19 88
20 29
20 58
21 75
21 81
21 27
21 62
21 55
21 29
22 32
22 26
22 89
22 85
22 24
22 42
22 36
22 46
22 28
22 83
22 70
22 57
22 34
23 54
23 77
23 81
23 62
23 97
23 45
24 51
24 35
24 37
24 81
24 59
25 99
25 96
25 95
25 56
26 90
26 74
26 67
26 99
26 27
27 42
27 58
27 78
27 60
27 72
27 31
27 86
28 73
28 34
28 37
28 52
28 91
28 67
28 67
29 52
29 67
29 73
29 70
29 42
29 83
29 72
29 46
29 49
29 73
30 48
30 68
30 48
30 59
30 76
30 77
30 68
31 88
31 67
31 97
31 70
31 91
31 83
32 36
32 40
32 95
32 72
32 73
32 46
32 54
32 75
32 95
33 38
33 71
33 97
33 85
33 82
33 66
34 79
34 89
34 90
34 92
34 75
34 85
35 93
35 93
35 92
35 38
35 64
36 93
36 78
36 46
36 86
36 95
36 52
36 48
36 82
37 69
37 99
37 52
37 52
37 58
37 79
37 73
38 51
38 56
38 83
38 60
38 42
38 78
38 79
39 87
39 67
39 52
39 47
39 55
39 58
39 85
39 53
39 71
40 57
40 90
40 47
40 58
40 53
40 67
41 58
41 63
41 99
41 48
41 58
41 68
41 58
42 74
42 74
42 69
42 75
43 55
43 87
43 50
43 50
44 45
44 45
44 84
44 90
45 48
45 91
45 89
45 82
45 78
45 56
45 70
46 56
46 94
46 60
46 58
46 95
46 93
46 77
46 56
46 95
46 67
46 57
46 89
46 95
46 99
47 70
47 86
47 56
47 95
48 83
48 76
49 97
49 57
50 67
50 63
50 75
50 86
50 82
50 98
50 99
51 58
51 56
51 99
51 93
52 70
52 65
52 79
52 99
52 91
52 54
52 58
53 77
53 82
53 82
53 69
54 93
54 65
54 73
54 87
55 89
55 57
55 76
55 94
55 63
56 63
56 90
56 71
56 67
56 69
56 88
56 85
56 88
57 63
57 99
57 68
57 94
57 77
57 99
58 94
58 63
58 71
58 89
58 95
58 60
59 81
59 84
59 74
59 99
59 68
60 64
60 62
60 62
60 81
60 83
60 61
60 82
61 69
61 69
61 97
61 64
61 77
61 84
61 95
61 65
62 91
62 94
62 70
63 74
63 68
64 67
65 69
66 91
66 86
66 79
66 81
66 67
67 84
67 96
67 81
67 95
67 93
68 83
69 70
69 77
69 74
69 77
69 93
69 96
70 79
70 99
70 88
70 90
70 84
70 73
72 73
73 84
74 85
75 96
75 99
75 84
76 83
80 98
80 86
80 86
80 90
81 82
81 99
81 95
83 95
84 87
84 88
84 92
86 93
86 93
86 97
87 89
87 89
87 88
88 96
88 96
88 98
88 94
89 93
89 98
92 96
92 95
93 96
94 98
96 98
97 98
