0 71
0 30
0 52
0 91
0 31
0 86
0 60
0 16
0 9
0 15
0 31
0 92
0 52
0 62
0 42
0 80
0 31
1 95
1 5
1 41
1 64
1 5
1 70
2 31
2 76
2 49
2 43
2 31
2 15
2 12
2 39
2 86
2 38
2 53
2 10
2 52
2 56
2 65
2 75
3 9
3 96
3 52
3 94
3 62
3 23
3 8
3 6
3 52
3 23
3 97
3 85
4 43
4 99
4 73
4 33
4 15
4 48
4 6
4 24
4 54
4 56
5 70
5 13
5 62
5 63
5 44
5 25
6 43
6 46
6 72
6 58
6 60
6 87
6 37
6 65
6 60
6 51
6 60
6 26
7 46
7 81
7 63
7 47
7 38
7 9
7 82
7 36
8 28
8 43
8 53
8 40
8 77
8 75
8 52
9 97
9 28
9 72
9 93
9 20
9 79
10 68
10 54
10 46
10 75
11 88
11 39
11 43
11 60
11 63
11 17
11 41
12 99
12 33
12 70
12 42
12 45
12 36
12 30
12 36
13 50
13 27
13 86
13 27
13 96
13 56
13 82
13 22
13 74
13 41
13 82
14 75
14 85
14 53
14 47
14 90
15 96
15 54
15 86
15 91
15 32
15 90
15 97
15 82
16 80
16 71
16 49
16 97
16 48
16 90
16 93
16 40
16 85
16 35
16 85
16 38
17 81
17 29
17 18
17 97
17 59
17 39
17 78
17 87
17 76
17 55
17 54
17 85
17 67
18 60
18 54
18 66
18 48
19 94
19 90
19 56
19 51
19 35
19 54
19 24
19 70
19 98
19 90
20 40
20 24
20 90
20 67
20 86
20 30
20 66
20 74
20 90
20 73
20 72
21 45
21 28
21 86
21 96
21 49
21 68
21 88
21 77
21 58
21 42
22 56
22 44
22 44
22 98
22 39
22 86
22 32
22 93
22 81
23 80
23 85
23 66
23 73
23 60
23 96
23 46
23 55
23 45
23 59
24 37
24 77
24 26
24 26
24 49
24 84
24 46
24 99
25 82
25 74
25 36
25 65
26 94
26 72
26 74
26 27
26 75
26 46
26 81
26 78
26 44
27 61
27 92
27 54
27 67
27 33
27 50
28 58
28 57
28 85
28 94
28 39
28 66
29 37
29 40
29 80
29 91
29 30
30 75
30 94
30 33
30 71
30 74
30 69
30 36
31 84
31 91
31 84
31 65
31 35
31 46
31 85
31 79
32 44
32 99
32 37
32 98
32 91
33 76
33 90
33 99
33 70
33 39
33 44
34 53
34 64
34 53
34 48
34 74
34 79
34 62
34 62
34 80
34 81
35 85
35 62
35 36
35 88
36 86
36 86
36 58
36 64
36 54
36 95
36 73
36 45
37 66
37 67
37 58
37 40
37 89
37 56
37 95
38 93
38 58
39 76
39 66
39 58
39 82
40 87
40 65
40 65
40 88
40 54
40 79
40 46
40 56
40 91
41 71
41 83
41 84
41 65
41 89
41 62
42 65
42 87
42 46
42 80
42 98
43 54
43 58
43 57
43 75
43 73
43 53
43 48
43 59
43 58
43 97
44 92
44 49
44 57
44 73
44 94
45 82
45 93
45 55
45 53
45 81
46 60
46 90
46 57
46 93
46 84
46 86
46 93
46 68
46 87
46 84
47 77
47 62
47 65
47 57
47 55
47 96
48 59
48 78
48 94
48 53
48 56
48 97
49 51
49 84
49 76
49 84
50 65
50 79
50 88
50 76
50 51
51 61
51 85
52 70
52 55
52 70
52 74
52 77
52 53
53 83
53 76
53 78
53 65
53 97
53 99
53 57
54 58
54 76
54 70
54 82
55 65
55 61
55 64
56 99
56 60
56 61
56 64
56 69
56 70
56 96
56 97
57 90
57 67
57 97
57 78
57 83
58 71
58 98
59 81
59 76
59 85
59 93
59 78
60 83
60 72
60 61
60 71
61 90
61 72
61 98
61 83
62 72
62 87
63 93
63 68
64 96
65 83
65 86
65 73
65 79
66 96
66 88
66 76
67 92
67 77
68 76
68 83
68 91
69 92
69 94
69 73
69 75
70 85
71 85
71 96
72 95
73 98
73 75
73 93
74 96
74 79
74 76
75 81
76 94
76 95
76 97
76 79
76 95
76 84
77 88
77 84
78 94
79 98
80 96
80 90
81 95
82 83
82 94
83 89
83 85
83 85
84 97
85 90
86 95
87 92
89 94
90 94
92 96
93 96
