0 55
0 19
0 70
0 85
0 22
0 58
0 73
0 74
0 67
0 6
0 31
0 28
0 49
0 89
1 84
1 41
1 85
1 55
1 58
1 62
1 70
1 19
2 61
2 58
2 50
2 72
2 80
2 82
2 53
2 55
2 74
2 56
2 8
2 57
2 98
2 40
3 61
3 70
3 89
3 39
3 42
3 71
3 39
4 29
4 50
4 18
4 96
4 16
4 11
4 56
4 33
4 59
4 40
4 96
5 50
5 20
5 59
5 12
5 79
5 57
5 59
5 16
6 89
6 30
6 42
6 55
6 82
6 96
6 13
6 69
6 14
6 31
6 55
6 14
6 10
6 65
7 61
7 94
7 70
7 34
7 39
7 50
7 52
7 55
7 66
7 99
7 35
7 98
7 62
7 92
8 47
8 53
8 25
8 19
8 91
8 34
8 57
8 87
8 21
9 11
9 89
9 60
9 95
9 41
10 27
10 44
10 75
10 36
10 75
10 37
10 55
10 21
10 47
10 91
10 99
10 76
10 12
10 77
10 48
11 73
11 61
11 70
11 54
11 30
11 85
11 35
11 93
11 61
11 72
12 78
12 51
12 13
12 60
12 86
12 42
12 90
12 61
12 75
12 68
12 86
13 38
13 34
13 14
13 16
13 24
13 70
13 75
13 89
13 77
13 16
14 58
14 30
14 24
14 28
14 71
14 95
14 43
14 74
15 83
15 52
15 52
15 93
15 77
15 31
15 27
15 44
15 35
15 20
15 47
15 71
15 93
15 91
16 44
16 22
16 99
16 77
16 97
16 26
16 81
16 70
16 31
17 73
17 64
17 38
17 38
17 21
17 68
17 81
17 47
17 82
17 26
17 21
17 60
17 65
17 79
18 39
18 96
18 58
18 35
18 63
18 57
18 94
18 72
18 63
18 30
18 83
18 66
18 37
19 38
19 61
19 83
19 22
19 26
19 34
19 21
19 99
20 80
20 69
20 73
20 85
20 67
21 42
21 84
21 63
21 24
21 26
22 70
22 49
22 57
22 27
22 32
22 91
22 70
22 60
22 37
23 47
23 79
23 93
23 38
23 99
23 97
23 44
23 61
23 28
24 57
24 75
24 66
24 99
25 88
25 28
25 35
25 77
25 46
25 94
25 47
26 60
26 92
26 39
26 51
26 88
26 47
26 83
26 37
26 89
27 99
27 87
27 74
27 74
27 44
27 52
27 92
27 91
28 48
28 41
28 48
28 96
29 80
29 72
29 81
29 56
29 45
29 41
29 35
29 65
29 66
30 93
30 39
30 47
30 75
30 84
31 52
31 45
31 71
31 51
31 53
31 90
31 80
32 55
32 40
32 46
32 59
32 93
32 87
33 66
33 59
33 51
33 51
34 73
34 99
34 79
34 95
34 68
35 75
35 40
35 98
35 74
35 77
35 43
35 38
35 63
36 89
36 40
36 67
36 68
36 86
36 83
37 72
37 99
37 98
37 98
37 91
37 60
38 92
38 70
38 98
38 89
38 59
38 45
38 78
39 43
39 43
39 84
39 75
39 71
39 59
39 62
40 93
40 82
40 88
40 74
40 74
40 75
40 54
40 54
41 65
41 48
41 45
41 64
41 88
42 46
42 91
42 75
42 95
43 65
43 84
43 80
43 57
43 47
43 45
43 89
43 65
43 78
44 47
44 53
44 68
45 82
45 65
45 57
45 70
45 68
45 72
46 84
46 66
47 90
47 86
47 56
48 72
48 76
48 64
48 56
49 53
49 64
49 69
49 65
49 99
49 55
50 72
50 94
50 94
50 85
50 78
51 66
51 75
51 83
52 76
53 88
53 87
53 61
53 95
53 92
54 70
54 89
54 72
54 70
54 89
54 56
54 87
54 75
54 80
55 72
55 95
55 72
55 65
55 81
55 97
56 91
56 95
57 74
57 58
57 98
57 62
58 91
58 84
58 88
58 98
59 71
59 99
59 81
60 98
60 96
61 94
61 65
61 68
61 83
62 77
62 66
63 81
63 76
63 71
63 73
63 64
64 88
64 86
65 70
65 82
65 77
66 67
66 68
66 81
67 86
68 72
68 98
68 76
69 77
69 79
69 77
69 87
69 80
70 72
71 77
72 90
72 79
74 77
74 75
74 76
75 97
76 90
77 96
77 99
78 98
78 84
78 80
78 88
78 84
79 91
80 84
81 84
82 96
82 86
83 92
83 98
83 98
84 94
86 95
87 91
87 96
92 99
93 94
95 99
97 99
