0 72
0 1
0 31
0 30
0 60
0 97
0 55
0 48
0 28
0 48
0 67
0 29
0 28
0 33
1 2
1 59
1 99
1 60
1 40
2 10
2 38
2 21
2 57
2 45
2 78
2 7
3 25
3 32
3 77
3 27
3 33
3 75
3 95
3 87
3 18
3 16
3 42
3 40
3 43
3 35
3 41
4 5
4 98
4 85
4 49
4 99
4 32
4 31
4 82
4 49
5 58
5 30
5 76
5 47
5 93
5 86
5 51
5 74
5 72
6 45
6 77
6 47
6 81
6 39
6 69
6 63
6 32
6 73
6 76
6 86
7 12
7 54
7 82
7 79
7 11
7 26
7 99
8 63
8 60
8 89
8 62
8 11
8 98
8 86
8 32
9 73
9 18
9 30
9 32
9 78
10 22
10 53
10 65
10 26
10 65
10 30
10 36
10 98
10 66
10 53
10 58
10 34
10 50
11 17
11 66
11 49
11 89
11 46
11 70
11 13
11 50
12 85
12 16
12 30
12 63
12 52
13 93
13 87
13 67
13 58
13 72
14 95
14 15
14 89
14 71
14 59
14 99
14 93
14 97
14 98
14 46
14 81
15 52
15 85
15 71
15 92
15 48
15 72
15 63
15 39
15 29
15 47
15 91
15 99
16 21
16 42
16 62
16 33
16 19
16 80
16 17
16 42
16 84
16 90
16 64
17 48
17 66
17 77
17 85
17 51
17 27
17 22
17 91
18 90
18 34
18 62
18 66
18 42
18 45
18 22
18 44
18 77
18 97
18 52
18 38
19 57
19 45
19 36
19 35
20 95
20 29
20 26
20 83
20 78
20 33
20 80
21 53
21 25
21 54
21 38
21 93
21 57
21 81
22 55
22 82
22 63
22 86
22 97
22 46
22 62
22 83
22 76
23 36
23 68
23 69
23 34
23 95
23 97
23 54
24 86
24 54
24 82
24 42
24 76
24 41
24 28
24 68
24 46
24 99
24 26
24 30
25 83
25 64
25 48
25 34
25 97
25 39
25 54
25 35
26 29
26 38
26 48
26 63
26 63
26 57
26 90
26 78
27 56
27 65
27 89
27 84
27 64
27 79
27 33
27 56
27 51
27 66
28 61
28 91
28 29
28 34
28 48
28 98
28 48
28 41
28 49
29 43
29 30
30 99
30 83
30 31
30 65
30 69
30 50
31 78
31 94
31 89
31 58
31 89
32 83
32 85
32 92
32 69
32 67
32 99
32 64
32 50
32 88
32 64
33 61
33 57
33 72
33 81
33 96
33 68
33 55
34 96
34 69
34 70
34 93
34 66
34 87
34 37
34 40
34 74
34 43
35 81
35 83
35 76
35 67
35 82
35 80
36 72
36 50
36 82
36 47
36 72
36 65
36 44
36 93
36 78
36 61
37 43
37 51
37 76
37 90
37 39
37 87
37 63
37 91
38 39
38 85
38 68
38 99
38 56
38 95
39 45
39 79
39 40
39 69
39 95
39 98
40 84
40 84
40 52
40 42
41 89
41 83
41 57
41 81
41 85
41 71
41 95
41 83
41 72
42 81
42 93
42 54
42 77
42 97
42 63
43 63
43 49
43 94
44 54
44 79
44 60
44 62
45 76
45 54
45 88
45 54
45 47
45 78
45 47
46 56
46 53
46 70
46 67
46 81
46 56
46 82
46 98
46 97
46 96
46 54
47 57
47 49
47 66
47 76
47 73
47 82
47 84
48 49
48 81
48 66
48 55
48 91
48 74
49 53
49 87
49 57
49 90
49 90
49 93
49 86
49 81
50 65
50 92
50 75
50 67
50 87
50 51
50 91
51 54
51 54
52 86
52 79
52 88
52 84
52 83
52 76
52 79
53 80
53 89
54 85
54 57
54 94
55 69
55 79
55 97
55 88
55 89
55 59
55 84
55 85
55 68
56 78
56 74
56 93
58 90
58 99
59 78
60 64
60 79
60 77
61 95
61 62
61 65
62 86
62 91
62 91
62 92
62 99
62 96
62 70
62 94
63 75
63 65
63 76
63 79
63 74
64 81
64 96
64 83
65 71
65 77
65 92
65 78
66 67
67 75
67 91
67 72
68 72
68 88
69 73
69 81
70 85
70 94
71 93
72 83
72 92
73 94
73 93
73 94
73 92
75 99
75 89
76 92
76 99
76 99
77 95
77 91
77 79
77 79
77 88
79 85
79 89
80 97
82 91
83 99
84 90
85 87
85 98
85 94
86 96
86 96
86 87
92 93
94 95
