0 58
0 19
0 35
0 37
0 77
0 6
0 52
0 35
0 80
1 93
1 6
1 46
1 42
1 76
1 59
1 34
1 31
2 62
2 34
2 69
2 28
2 73
2 39
2 44
2 46
2 82
3 70
3 52
3 11
3 52
3 51
3 83
3 78
3 75
4 75
4 36
4 6
4 36
4 88
4 68
4 23
5 80
5 34
5 96
5 13
5 19
5 52
5 69
5 62
5 83
5 72
5 48
5 10
6 60
6 57
6 75
6 12
7 32
7 23
7 94
7 94
7 61
8 51
8 79
8 58
8 67
8 93
8 27
8 19
8 20
8 22
9 87
9 41
9 73
9 71
9 11
10 85
10 46
10 95
10 97
10 74
10 99
10 19
11 34
11 41
11 82
11 28
11 55
11 93
11 43
11 32
11 44
12 65
12 85
12 72
12 97
12 43
12 28
12 72
12 88
12 90
12 61
13 17
13 41
13 69
13 60
13 30
13 17
13 43
13 61
13 88
13 34
13 25
13 41
14 78
14 32
14 95
14 63
14 28
14 48
14 19
14 22
14 45
14 84
14 80
14 53
15 76
15 44
15 32
15 17
15 52
15 53
15 76
16 32
16 77
16 58
16 46
16 36
16 67
16 38
17 51
17 31
17 34
17 99
17 97
17 57
17 81
17 79
17 72
17 50
17 99
18 75
18 27
18 29
18 76
18 96
18 60
18 90
18 59
18 58
18 74
18 56
19 48
19 79
19 36
19 25
19 27
19 57
19 77
20 24
20 59
20 56
20 77
20 89
20 95
20 76
20 53
20 69
20 27
20 97
21 64
21 58
21 70
21 64
21 98
21 35
21 53
21 60
21 44
21 67
21 71
21 44
21 57
21 71
21 32
21 71
21 98
22 47
22 58
22 72
22 77
22 31
22 76
22 61
22 91
22 29
22 93
22 49
23 45
23 34
23 93
23 55
23 31
23 69
23 71
23 49
23 40
23 83
24 32
24 90
24 94
24 76
24 52
24 29
24 87
24 36
24 61
25 69
25 61
25 90
25 55
25 39
25 97
25 33
26 91
26 60
26 57
26 62
26 75
26 39
26 37
26 48
26 28
26 57
26 62
26 53
27 85
27 82
27 82
27 98
27 65
27 61
27 84
27 41
28 39
28 87
28 55
29 86
29 69
29 43
29 33
30 96
30 78
30 85
30 79
30 54
31 43
31 93
31 84
31 98
31 41
31 41
31 67
32 79
32 74
32 43
32 90
32 64
32 48
32 73
32 38
32 50
32 55
32 40
32 56
33 35
33 82
33 84
33 95
34 99
34 36
34 51
34 68
34 93
34 78
35 55
35 62
35 47
35 66
35 86
35 78
35 74
35 63
35 82
36 83
36 84
36 88
36 83
36 84
36 47
36 74
37 59
37 40
38 59
38 46
38 78
38 51
38 82
39 96
39 56
39 95
39 81
40 47
40 65
41 77
41 85
41 55
41 93
41 79
41 77
41 67
41 77
41 47
41 76
41 75
42 92
42 76
42 44
42 99
42 62
43 54
43 52
44 47
44 77
44 85
44 61
44 81
44 82
44 50
44 56
45 99
45 93
45 73
45 81
45 87
45 67
46 74
46 64
46 79
46 91
46 74
46 64
47 91
47 72
47 87
47 49
47 61
48 63
48 59
48 54
48 68
49 52
49 88
49 55
49 68
50 92
50 81
50 94
50 86
51 97
51 96
51 94
51 52
52 61
52 89
52 98
53 95
53 87
53 65
53 55
53 88
54 82
54 96
54 70
54 72
54 59
54 61
54 71
55 72
55 72
55 94
55 67
55 70
56 73
56 64
56 80
56 98
57 76
57 88
57 66
57 99
57 94
58 92
58 90
58 95
58 74
58 79
59 63
59 94
60 70
60 87
61 75
61 95
61 70
61 81
61 97
62 74
62 89
62 94
62 78
63 75
63 70
63 71
64 89
64 84
64 82
64 70
64 97
64 87
64 80
64 66
64 86
64 71
65 80
65 74
65 78
65 85
66 91
66 75
66 75
67 77
68 88
68 95
68 80
68 70
69 92
69 87
69 93
70 82
71 91
71 76
71 92
72 85
72 97
72 83
73 76
73 98
74 75
74 95
74 92
75 97
75 83
75 80
76 96
76 92
78 90
78 81
79 92
80 92
80 91
81 93
81 91
81 87
81 95
82 90
83 86
83 91
85 88
87 99
87 94
88 98
89 98
89 92
90 98
90 92
92 98
93 98
94 96
94 95
94 97
