0 17
0 79
0 1
0 80
0 1
0 31
0 38
0 27
0 16
0 38
0 1
0 70
0 78
0 96
0 35
1 73
1 52
1 33
1 60
1 73
1 30
1 49
1 69
1 83
1 47
2 66
2 19
2 38
2 20
2 46
2 72
2 14
2 78
2 26
3 47
3 32
3 11
3 22
3 88
3 19
3 91
3 64
3 27
3 22
3 37
3 38
3 69
3 89
3 58
4 78
4 54
4 57
4 21
4 68
4 89
4 18
5 87
5 25
5 13
5 63
5 7
5 17
5 76
5 53
5 9
5 29
5 34
6 82
6 46
6 95
6 76
6 69
6 45
6 38
6 30
6 13
7 16
7 38
7 79
7 71
7 90
7 96
7 49
7 35
7 53
7 49
7 20
7 34
8 97
8 58
8 63
8 25
8 94
8 66
8 73
8 44
8 31
8 61
8 96
8 87
8 98
9 26
9 93
9 94
9 73
9 97
9 52
9 32
9 73
9 65
10 23
10 37
10 22
10 64
10 30
10 22
10 44
10 23
10 24
10 48
10 52
10 46
10 57
10 84
10 73
11 37
11 30
11 23
11 52
11 53
11 17
11 88
11 36
11 31
11 26
11 90
11 84
11 69
11 99
12 62
12 83
12 19
12 64
12 75
12 14
12 91
12 32
13 17
13 57
13 31
13 98
13 18
13 47
13 59
13 31
13 68
13 85
13 23
14 49
14 67
14 40
14 56
14 91
14 59
14 43
15 55
15 49
15 68
15 68
15 31
15 80
15 27
15 50
15 44
16 49
16 31
16 25
16 53
16 67
16 80
16 30
17 81
17 87
17 29
17 22
17 70
17 99
17 33
17 60
17 31
17 93
18 50
18 80
18 34
18 28
18 60
18 24
18 58
18 45
18 37
19 68
19 20
19 83
19 46
19 65
19 76
19 25
19 59
19 20
20 62
20 54
20 54
20 26
20 93
20 70
20 47
20 76
20 70
20 45
20 35
21 73
21 84
21 72
21 58
21 76
21 91
21 54
21 93
21 33
21 28
21 46
22 88
22 69
22 96
22 29
22 48
22 45
22 23
22 50
22 79
22 51
23 80
23 94
23 31
23 31
23 51
23 56
23 32
23 31
23 50
23 49
23 79
24 26
24 61
24 66
24 28
24 28
24 73
25 37
25 89
25 59
26 71
26 63
26 51
26 75
27 29
27 86
27 77
28 99
28 97
28 95
28 62
28 84
28 30
28 43
29 38
29 95
29 98
29 69
29 96
30 86
30 77
30 75
30 90
31 79
31 39
31 45
31 81
32 70
32 41
32 38
32 63
32 44
32 74
32 35
32 70
33 96
33 55
33 99
33 61
33 88
33 55
33 65
34 91
34 61
34 90
34 59
34 50
35 72
35 44
35 54
35 63
36 56
36 91
36 67
37 55
37 68
37 48
37 95
37 48
37 92
37 59
37 85
37 61
38 73
38 63
38 51
39 52
39 88
39 86
39 70
39 65
40 77
40 79
41 87
41 77
41 75
41 64
41 91
42 89
42 81
42 61
42 94
42 57
42 52
42 78
43 59
44 83
44 52
44 97
44 86
44 60
44 86
44 91
44 48
44 68
45 82
45 66
45 51
45 88
46 70
46 60
46 55
46 79
46 53
47 96
47 90
47 69
48 68
48 52
48 58
48 82
48 76
48 59
48 87
49 73
49 54
49 69
49 85
50 65
50 93
50 95
50 93
50 59
51 65
51 76
51 65
51 78
51 68
51 55
51 72
51 75
52 75
52 64
52 61
52 77
52 73
52 57
52 94
53 74
53 78
53 76
53 60
54 83
54 92
54 97
54 58
54 88
55 62
55 60
55 81
55 77
55 80
56 71
56 97
56 78
56 75
56 89
56 82
57 96
57 83
57 74
58 82
58 80
58 62
58 81
59 88
59 67
59 75
59 63
59 72
60 91
60 80
60 64
61 72
61 84
61 78
62 80
63 75
63 69
63 81
64 75
64 68
64 95
64 73
65 75
65 95
66 93
66 72
66 82
66 86
67 72
67 87
67 81
68 88
68 75
69 93
69 81
70 80
70 81
71 83
71 84
71 74
72 95
72 85
72 92
72 82
72 89
73 93
73 85
74 84
74 76
75 93
76 82
76 78
76 89
76 94
77 79
78 89
78 95
78 97
79 90
80 97
80 98
81 99
82 84
82 97
82 90
83 98
84 99
86 89
87 97
87 95
88 97
88 93
89 92
90 95
91 99
91 97
96 99
