0 21
0 80
0 37
0 71
0 90
0 97
0 69
0 49
0 24
0 44
0 91
0 83
0 26
0 29
0 20
1 55
1 84
1 6
1 24
1 42
1 82
1 91
1 44
1 42
2 27
2 75
2 9
2 75
2 86
2 87
2 51
2 72
2 33
2 11
2 94
2 91
2 72
2 77
2 33
2 65
2 42
3 72
3 26
3 91
3 35
3 4
3 68
3 77
4 25
4 28
4 15
4 49
4 23
4 66
4 34
4 23
4 87
5 88
5 34
5 70
5 81
5 24
5 72
5 26
5 55
5 61
5 30
5 13
5 52
6 25
6 42
6 46
6 95
6 65
6 73
6 37
7 68
7 8
7 90
7 44
7 78
7 36
7 21
7 15
7 51
8 75
8 17
8 59
8 70
8 67
8 36
8 53
8 44
8 37
8 49
8 69
8 91
9 44
9 74
9 73
9 39
9 28
9 70
9 88
9 83
9 75
9 15
10 95
10 80
10 11
10 97
10 45
10 36
10 79
10 73
10 11
11 78
11 51
11 82
11 17
11 69
12 29
12 43
12 79
12 83
12 76
12 49
12 70
12 92
12 95
12 91
12 82
12 98
13 24
13 67
13 58
13 96
13 45
13 81
13 92
13 59
14 79
14 89
14 42
14 45
14 79
14 52
14 29
14 37
14 69
14 92
14 66
14 63
15 89
15 24
15 69
15 47
15 69
16 57
16 84
16 50
16 60
17 43
17 88
17 76
17 18
17 69
17 74
17 99
18 36
18 86
18 47
18 76
18 92
18 77
18 77
18 51
19 58
19 61
19 27
19 84
19 58
19 47
19 26
19 32
19 77
19 62
19 99
19 72
19 92
20 52
20 72
20 86
20 28
21 64
21 47
21 82
21 32
22 66
22 74
22 36
22 37
22 73
22 37
22 76
22 39
22 92
23 73
23 41
23 53
23 99
23 81
23 79
23 80
23 82
23 98
24 89
24 96
24 82
24 27
24 38
24 44
24 51
24 29
24 87
24 56
25 30
25 55
25 56
25 39
25 76
25 58
26 34
26 64
26 61
26 60
26 76
26 59
26 48
26 65
26 39
26 69
26 58
27 28
27 80
27 38
27 82
27 28
27 83
27 39
27 41
28 45
28 94
28 38
28 30
28 37
28 47
28 35
29 39
29 67
29 50
29 39
30 89
30 31
30 88
30 99
30 32
30 92
30 88
31 37
31 95
31 51
31 65
31 85
31 98
31 75
32 81
32 45
32 71
32 81
32 55
32 41
33 44
33 46
33 34
33 51
33 82
33 53
33 59
33 54
33 35
34 79
34 39
34 47
34 79
34 85
34 48
34 66
35 88
35 94
36 99
36 78
36 75
36 47
36 87
36 58
36 57
36 77
36 96
36 87
37 92
37 86
37 76
37 95
38 90
38 55
38 55
38 87
38 84
38 72
38 98
39 51
39 42
39 54
39 90
39 58
39 80
39 52
40 54
40 91
40 51
40 83
40 71
41 55
41 88
41 88
41 57
42 94
42 97
42 61
42 58
42 94
42 76
42 63
42 73
43 62
43 96
43 57
43 64
44 45
44 82
44 50
44 91
44 92
44 89
44 64
44 60
45 70
45 85
45 61
45 72
45 95
45 83
45 61
46 81
46 91
46 95
46 74
46 66
46 79
47 87
47 67
47 66
47 69
48 90
48 86
48 54
48 94
48 82
49 52
49 63
49 80
49 82
49 83
49 83
49 60
49 94
50 83
50 77
50 55
51 96
51 94
51 64
51 87
52 87
52 73
52 79
52 74
53 63
53 87
53 70
53 81
53 90
54 55
54 93
55 84
55 75
56 98
56 93
56 65
56 89
56 61
56 77
57 84
57 61
57 84
58 82
58 88
58 65
59 74
59 61
59 99
59 90
59 78
60 94
60 93
60 78
61 72
61 98
61 95
61 74
61 78
62 90
63 80
63 88
63 94
63 99
64 97
64 68
65 67
66 68
66 69
66 70
67 86
67 69
67 80
67 78
67 75
68 99
68 78
68 98
68 93
68 71
68 95
68 89
69 92
69 73
69 79
70 87
70 95
70 84
71 74
71 82
72 80
72 76
72 88
73 97
73 99
73 76
75 85
75 96
75 87
76 80
76 86
76 97
77 81
77 81
78 98
78 98
78 89
78 82
78 83
79 81
79 80
79 87
79 95
79 93
80 93
82 98
84 94
84 91
86 98
89 92
90 97
91 98
91 99
95 99
95 98
97 98
97 99
