0 2
0 75
0 25
0 37
0 89
0 75
0 11
0 54
0 19
0 11
0 29
1 93
1 7
1 30
1 90
1 36
1 15
1 24
1 67
1 97
1 94
1 99
2 29
2 17
2 78
2 40
2 8
2 13
2 71
2 41
2 93
3 25
3 36
3 69
3 70
3 67
3 32
3 15
3 88
4 81
4 67
4 93
4 5
4 94
4 36
4 40
4 52
4 44
4 84
4 60
4 78
4 66
4 44
5 64
5 56
5 17
5 45
5 23
5 97
5 66
5 9
5 48
5 88
5 15
6 9
6 57
6 91
6 16
6 76
6 58
6 16
6 41
6 16
7 19
7 55
7 18
7 62
7 18
8 25
8 37
8 15
8 62
8 44
8 90
8 58
8 50
9 60
9 19
9 14
9 32
9 85
9 47
10 78
10 35
10 39
10 72
10 45
10 17
10 51
10 94
10 24
11 64
11 86
11 86
11 27
11 13
11 59
11 91
11 15
11 85
12 81
12 26
12 39
12 78
12 89
12 62
12 97
12 67
12 47
13 41
13 84
13 47
13 50
13 61
13 91
13 68
13 29
13 83
13 24
14 65
14 17
14 91
14 97
14 50
14 49
14 99
14 37
14 95
14 94
15 79
15 25
15 92
15 61
15 85
15 99
15 92
15 16
15 82
15 95
16 54
16 82
16 70
16 75
16 36
16 78
17 85
17 73
17 48
17 44
17 48
17 79
17 73
17 90
17 41
18 96
18 69
18 20
18 20
18 71
18 98
18 49
18 41
18 23
19 24
19 37
19 36
19 82
19 88
19 50
20 35
20 31
20 77
20 28
20 91
20 66
20 45
21 26
21 30
21 67
21 99
21 48
21 68
21 65
21 55
21 89
21 92
22 70
22 49
22 42
22 23
22 95
22 37
22 42
23 35
23 84
23 51
23 76
23 31
23 57
23 42
24 32
24 45
24 83
24 40
24 72
24 95
24 56
24 98
25 78
25 76
25 35
25 45
25 76
25 94
25 83
25 69
25 63
25 72
25 91
26 93
26 57
26 58
26 51
26 32
26 39
27 60
27 67
27 35
27 68
27 87
27 72
27 79
27 48
27 54
28 66
28 47
28 90
28 70
28 56
28 32
28 62
29 91
29 62
29 72
29 75
29 39
29 35
29 75
30 62
30 58
30 75
30 68
30 31
30 63
30 46
30 33
31 60
31 68
31 90
31 68
31 98
31 75
31 83
31 95
32 47
32 51
32 95
32 49
33 36
33 55
33 70
33 93
33 66
33 74
33 54
34 83
34 55
34 61
35 80
35 72
35 91
35 90
35 41
35 63
36 64
36 62
36 48
36 80
36 75
36 76
36 61
37 64
37 68
37 47
37 88
37 52
37 67
37 79
37 68
38 84
38 83
38 64
38 77
38 74
38 58
38 63
38 92
38 93
38 78
39 95
39 94
39 54
39 96
39 74
39 73
39 58
39 83
40 75
40 56
41 95
41 91
41 45
41 95
41 69
41 95
41 87
42 96
42 78
42 73
42 65
42 76
43 61
43 49
43 90
43 80
43 86
43 78
43 63
43 67
44 45
44 89
45 53
45 76
46 55
46 58
46 96
47 79
47 71
47 96
47 77
47 95
47 81
47 89
47 60
47 89
47 55
47 80
47 86
47 59
48 64
48 81
48 69
48 67
49 97
49 67
49 78
49 60
49 57
49 63
50 56
50 64
50 64
50 97
51 71
51 84
51 81
51 52
51 79
51 55
52 89
53 78
53 89
53 97
53 66
53 68
53 62
54 69
55 63
56 89
56 73
56 62
56 98
57 92
57 96
57 85
58 87
58 63
58 88
58 99
58 76
59 62
59 84
59 80
59 84
59 94
60 76
60 91
60 75
60 96
61 96
61 64
61 72
61 73
62 84
62 64
62 83
62 98
62 96
62 87
63 89
63 64
63 72
63 66
64 82
64 71
64 85
64 65
64 75
65 86
65 89
65 66
65 79
65 73
65 92
66 67
66 96
66 91
66 79
67 73
68 85
68 90
68 75
68 72
69 73
69 87
70 83
70 90
71 91
71 93
71 84
72 75
72 82
72 80
73 92
73 74
73 84
73 97
73 75
74 87
75 94
75 98
76 86
76 79
76 77
77 98
77 93
78 95
79 80
79 85
80 98
80 84
81 90
81 99
82 90
83 84
83 88
83 89
84 90
84 99
86 89
86 94
87 99
88 96
88 90
89 99
89 99
93 98
93 96
95 99
97 99
