0 27
0 7
0 77
0 30
0 89
0 17
1 27
1 90
1 84
1 4
1 31
1 77
1 49
1 55
1 79
1 3
1 67
2 71
2 3
2 53
2 74
2 85
2 16
2 39
2 71
2 35
2 99
3 66
3 28
3 92
3 90
3 28
3 14
3 53
3 78
3 43
3 76
3 63
3 72
3 44
3 78
4 53
4 90
4 73
4 58
4 83
5 48
5 48
5 61
5 70
5 16
5 16
6 19
6 62
6 85
6 32
6 48
6 90
6 98
6 80
6 43
6 33
7 79
7 47
7 39
7 64
7 23
7 52
7 35
7 65
8 74
8 53
8 77
8 62
8 19
8 51
8 36
8 28
8 54
8 23
9 29
9 16
9 53
9 21
9 72
9 27
9 97
9 91
9 96
9 42
10 66
10 21
10 20
10 20
10 97
10 29
10 38
10 46
10 65
10 59
10 27
11 95
11 67
11 18
11 19
11 65
11 54
11 37
11 51
11 93
11 61
11 80
11 41
11 94
11 30
12 39
12 30
12 84
12 28
12 41
12 42
12 73
12 93
12 58
12 54
13 49
13 75
13 41
13 59
13 73
13 24
13 83
14 49
14 47
14 54
14 87
14 64
14 77
14 45
14 20
14 68
14 78
14 58
14 24
14 55
14 72
14 85
14 79
15 21
15 98
15 60
15 93
15 68
15 48
15 40
15 72
15 84
16 30
16 50
16 97
16 33
16 54
16 61
16 61
16 24
17 26
17 99
17 55
17 89
17 34
17 27
17 80
17 58
17 80
17 22
17 73
18 34
18 94
18 66
18 45
18 63
18 22
18 46
19 34
19 48
19 35
19 73
19 79
19 71
19 48
19 35
19 75
19 35
20 95
20 51
20 94
20 23
20 54
20 33
21 75
21 93
21 83
21 43
21 61
21 94
21 85
21 64
21 28
22 61
22 48
22 49
22 83
22 88
22 81
22 84
22 39
23 41
23 55
23 38
24 79
24 94
24 57
24 53
24 28
25 76
25 93
25 54
25 39
25 38
25 49
25 51
26 68
26 78
26 68
26 98
26 48
26 99
26 82
27 90
27 47
27 76
27 90
27 88
27 86
27 53
27 81
27 71
27 43
28 67
28 50
28 55
28 73
28 72
28 51
28 89
28 87
28 37
28 56
28 90
28 78
29 63
29 74
29 41
29 94
29 95
29 58
29 94
30 44
30 66
30 38
30 57
31 76
31 98
31 79
31 95
31 44
31 72
31 91
32 43
32 69
32 80
32 93
32 94
32 93
32 50
32 35
32 36
32 88
33 89
33 96
33 91
33 95
33 39
33 99
34 55
34 71
34 37
35 38
35 37
35 68
35 85
35 71
35 69
36 65
36 84
36 66
37 58
37 69
37 78
37 53
37 91
37 41
37 55
37 82
38 64
38 74
38 60
38 70
38 85
38 75
39 82
39 98
39 52
39 68
39 94
39 83
39 75
39 68
40 64
40 47
40 47
40 45
41 49
41 66
41 97
41 53
42 59
42 73
42 60
43 46
43 65
44 86
44 84
44 83
44 48
44 89
45 73
45 93
45 98
45 51
45 58
45 62
46 78
46 57
46 89
46 95
46 87
46 99
47 99
47 83
47 78
47 51
47 96
47 76
48 88
48 56
48 91
48 69
48 49
48 55
49 72
49 93
49 64
49 69
49 66
50 72
50 70
50 65
50 88
51 53
51 55
51 83
51 63
51 72
51 78
51 95
52 73
52 73
52 95
53 90
53 78
53 65
53 81
55 71
56 93
56 81
57 95
57 66
57 89
57 88
57 77
57 89
58 67
58 79
58 80
58 87
58 76
58 95
59 87
59 97
59 73
59 72
60 73
60 77
60 68
60 71
60 65
61 73
61 80
61 71
61 81
62 84
62 71
62 92
63 90
63 72
63 97
63 94
63 95
64 92
64 68
64 98
64 85
64 65
64 66
64 98
65 72
65 71
65 72
66 73
66 97
66 68
66 96
66 91
67 83
67 75
67 98
68 73
68 70
69 87
69 85
69 90
69 82
69 77
69 71
70 90
71 90
71 75
72 99
72 75
73 97
73 99
73 98
74 82
74 87
74 91
74 75
75 85
75 93
75 89
75 76
75 97
75 81
75 77
76 77
76 81
76 99
76 88
77 94
78 84
78 89
78 94
79 86
79 99
79 81
79 96
80 83
80 81
82 85
83 88
83 90
84 99
86 88
87 96
89 99
89 96
91 94
92 96
95 97
97 98
