0 84
0 18
0 18
0 81
0 23
0 89
0 35
0 11
0 93
0 60
1 76
1 49
1 18
1 69
1 25
1 18
1 4
1 11
1 56
1 52
1 76
1 13
1 61
1 38
1 73
2 61
2 19
2 48
2 77
2 46
2 37
2 22
2 10
3 60
3 99
3 55
3 51
3 64
3 48
3 90
3 66
3 63
3 59
3 42
3 11
4 39
4 14
4 19
4 33
5 95
5 51
5 30
5 34
5 15
5 46
6 93
6 49
6 57
6 48
6 39
6 22
6 86
7 25
7 97
7 88
7 65
7 55
7 98
8 34
8 72
8 91
8 46
9 36
9 58
9 97
9 12
9 40
9 67
9 17
9 78
9 77
10 73
10 66
10 90
10 43
10 86
10 83
11 99
11 83
11 65
11 20
11 79
11 17
11 77
11 86
11 78
11 40
12 60
12 77
12 19
12 53
12 73
12 86
12 40
12 21
12 51
13 83
13 30
13 53
13 61
13 62
13 48
13 77
13 82
13 46
13 67
13 99
13 39
13 74
14 61
14 87
14 89
14 43
14 66
14 39
14 69
14 44
15 41
15 60
15 89
15 99
15 69
15 44
15 51
15 18
15 50
15 32
16 18
16 60
16 92
16 26
16 20
16 93
16 59
16 80
16 19
16 30
17 27
17 23
17 99
17 35
17 52
17 45
18 20
18 90
18 63
18 20
18 86
18 83
18 93
18 30
18 59
18 84
18 97
18 88
18 89
18 22
18 54
18 31
18 32
18 87
18 90
18 46
19 56
19 65
19 35
19 29
20 68
20 39
20 45
20 22
20 43
21 60
21 57
21 57
21 50
21 33
21 42
21 45
21 91
21 72
21 32
21 47
22 62
22 74
22 31
22 56
22 91
22 26
22 80
22 65
23 27
23 90
23 27
23 53
23 58
23 62
23 87
23 88
24 90
24 66
24 31
24 49
24 39
24 76
24 29
24 73
25 87
25 61
25 66
25 78
25 42
25 50
26 68
26 50
26 51
26 91
26 97
26 55
26 70
26 41
26 72
27 76
27 64
27 87
27 29
27 39
27 32
27 96
28 79
28 94
28 40
28 65
28 39
28 63
29 73
29 51
29 55
29 67
29 35
29 81
30 56
30 80
30 51
30 95
30 85
30 48
30 58
31 68
31 64
31 86
31 48
31 89
31 89
31 64
32 96
32 66
32 45
32 60
32 72
32 65
32 43
32 86
33 60
33 38
33 62
33 78
33 53
33 57
33 76
34 81
34 68
34 81
34 67
34 88
34 86
34 65
34 50
35 72
35 68
35 99
35 42
35 86
35 67
35 79
36 65
36 65
36 53
36 64
37 75
37 51
37 54
37 42
37 82
37 46
37 77
37 84
37 70
37 50
38 98
38 58
38 46
38 54
38 77
39 42
39 40
39 42
39 42
39 58
39 68
40 76
40 95
40 72
40 49
40 75
40 94
40 92
41 61
41 83
41 51
41 62
41 98
41 57
41 47
42 78
42 54
42 74
42 84
43 93
43 97
43 54
43 94
43 88
43 78
43 52
43 45
44 50
44 80
44 55
44 69
44 83
44 61
44 97
44 45
45 56
45 87
45 79
45 53
45 84
45 88
45 93
46 59
46 47
46 93
46 76
46 99
46 50
47 92
47 72
47 58
47 50
47 80
48 85
48 86
48 88
48 64
48 90
48 77
48 79
48 76
48 98
49 63
49 56
50 87
50 55
50 85
50 60
50 97
50 97
51 65
51 80
51 61
52 55
52 69
52 80
52 60
52 84
53 56
53 55
53 61
54 92
54 92
54 96
54 92
54 64
54 91
55 87
55 75
55 60
55 97
55 84
56 82
56 91
56 58
57 59
57 96
57 90
57 70
58 93
58 65
58 66
59 63
59 91
60 72
60 62
61 68
61 66
61 90
61 75
61 62
62 85
62 77
62 79
62 70
62 93
63 78
63 80
64 82
64 78
64 67
64 72
64 89
65 95
65 83
66 96
66 89
66 96
66 82
67 83
67 99
69 94
69 96
69 95
71 96
73 90
73 93
74 75
74 78
74 94
74 89
75 88
75 92
75 97
75 88
75 95
76 88
76 95
76 90
76 97
76 99
76 86
77 79
77 96
77 88
78 96
79 88
80 98
80 82
80 93
80 95
80 89
81 86
81 82
81 89
81 91
82 85
82 83
82 93
85 93
85 92
86 96
87 90
87 92
88 96
91 93
92 94
92 99
93 94
93 99
96 98
