0 92
0 29
0 46
0 79
0 28
0 31
0 29
0 71
1 51
1 95
1 36
1 72
1 63
1 58
1 83
1 52
1 43
2 19
2 7
2 49
2 86
2 87
2 59
2 27
2 83
3 75
3 27
3 62
3 48
3 84
3 6
3 21
3 5
4 53
4 55
4 41
4 37
4 47
4 54
4 45
4 92
4 64
4 24
4 69
4 38
5 8
5 95
5 40
5 23
5 24
5 81
5 53
5 29
5 98
5 27
5 67
5 13
5 9
5 29
5 66
5 75
5 28
5 44
5 39
6 68
6 67
6 58
6 72
6 45
6 89
6 67
6 67
6 90
7 40
7 44
7 97
7 32
7 34
8 68
8 57
8 30
8 85
8 13
9 10
9 69
9 95
9 10
9 73
9 45
9 59
9 18
9 10
9 75
10 29
10 22
10 85
10 41
10 53
10 79
10 92
11 82
11 53
11 24
11 56
11 16
11 55
11 30
11 88
12 20
12 88
12 68
12 67
12 38
12 36
12 79
12 31
12 43
12 15
12 27
13 33
13 89
13 89
13 15
13 90
13 68
13 48
13 29
13 50
14 61
14 36
14 38
14 50
15 19
15 78
15 61
15 55
15 23
15 29
15 96
15 72
16 50
16 41
16 30
16 97
16 79
16 91
16 25
16 68
16 61
16 71
16 27
17 75
17 36
17 77
17 46
17 95
17 90
17 50
17 22
17 32
17 63
17 49
18 34
18 74
18 63
18 39
19 41
19 84
19 42
19 42
19 33
19 87
19 59
19 26
20 49
20 69
20 80
20 54
20 51
20 85
20 35
20 58
20 34
21 26
21 95
21 96
21 44
22 85
22 64
22 70
22 68
22 59
22 53
22 80
22 82
22 48
22 35
22 29
22 32
22 32
23 37
23 64
23 35
23 33
23 27
24 81
24 53
24 96
24 80
24 26
24 47
25 30
25 67
25 80
25 96
25 43
25 57
25 55
25 32
25 87
25 86
26 98
26 86
26 41
26 32
26 95
26 93
26 91
26 91
26 84
27 61
27 52
27 57
27 49
27 52
27 32
27 54
27 37
27 39
27 69
28 84
28 51
28 67
28 60
28 91
28 83
28 63
29 68
29 90
29 46
29 95
29 78
29 48
29 46
29 67
29 34
29 38
30 70
30 45
30 56
30 36
31 67
31 96
31 44
31 57
31 32
31 44
31 71
31 39
31 95
31 91
31 78
32 44
32 47
32 62
32 68
32 52
32 79
33 44
33 92
33 69
33 55
33 48
33 83
33 76
34 43
34 44
34 85
34 70
34 62
34 80
34 93
34 70
35 52
35 91
35 89
35 52
35 89
35 75
35 53
35 75
35 92
36 83
36 49
36 78
36 80
36 91
37 55
37 47
37 69
37 88
38 70
38 84
38 81
39 84
39 66
39 63
40 58
40 68
40 55
40 64
40 45
40 50
40 67
41 66
41 84
41 93
42 90
42 54
42 67
42 84
42 73
43 94
43 74
43 80
43 58
43 75
43 73
43 62
44 47
44 96
44 53
44 48
44 77
45 62
45 46
45 62
45 47
45 47
45 66
45 63
46 49
46 66
46 80
46 55
46 77
47 72
47 82
47 60
47 99
47 64
47 62
48 60
48 79
48 92
48 59
48 96
48 89
48 71
49 63
49 85
49 83
49 89
49 83
50 63
50 85
50 95
50 57
50 80
50 80
50 92
50 89
51 94
51 95
51 74
51 59
51 98
51 60
51 68
52 64
52 66
52 72
53 65
53 99
53 95
54 85
54 91
54 67
55 79
55 75
55 77
55 84
55 56
55 87
56 80
56 62
56 65
56 99
57 69
58 91
58 76
58 70
58 64
58 60
58 80
58 71
58 98
58 94
59 78
59 85
59 66
59 85
59 83
59 82
59 79
60 62
60 89
60 72
60 90
61 73
61 80
63 98
63 82
63 85
63 94
63 91
63 83
64 99
64 80
64 80
64 77
65 76
65 83
65 95
66 94
66 80
66 67
66 79
67 91
67 82
67 88
67 86
68 87
69 83
69 89
69 83
69 92
69 97
70 74
70 87
71 83
71 73
71 79
71 91
71 79
72 89
73 75
73 89
73 93
73 89
74 88
74 77
74 96
74 90
75 94
76 96
77 86
78 92
78 87
78 87
80 92
80 91
81 93
81 84
83 91
83 96
83 93
83 94
86 88
86 97
86 94
87 92
89 92
90 96
90 96
92 98
93 99
94 95
95 96
97 99
