0 30
0 57
0 69
0 88
0 27
0 44
0 40
1 7
1 21
1 15
1 85
1 65
1 11
1 96
1 42
2 56
2 61
2 84
2 4
2 65
2 73
2 67
2 37
2 90
3 54
3 68
3 80
3 93
3 71
3 45
3 59
3 66
4 12
4 94
4 52
4 36
4 26
4 38
5 61
5 68
5 17
5 46
5 54
5 98
5 93
5 86
5 73
6 31
6 66
6 24
6 60
6 81
6 60
6 74
6 20
6 25
7 46
7 59
7 99
7 18
7 93
7 47
7 93
7 82
7 76
7 87
8 13
8 37
8 14
8 73
8 77
8 70
9 39
9 54
9 34
9 38
9 75
9 80
9 35
9 60
9 11
9 54
9 46
9 78
9 43
9 88
9 37
9 60
9 46
9 18
9 38
9 74
10 65
10 92
10 70
10 96
10 55
10 21
10 84
10 70
10 55
10 30
10 80
11 71
11 58
11 65
11 12
11 52
11 24
12 60
12 17
12 67
12 48
12 26
12 43
13 77
13 27
13 40
13 24
13 20
13 79
13 84
13 40
13 22
13 84
13 49
14 53
14 84
14 85
14 49
14 79
14 50
15 55
15 36
15 40
15 73
15 69
15 31
15 92
15 28
15 42
16 39
16 18
16 28
16 40
16 84
17 58
17 97
17 84
17 28
17 86
17 72
17 47
17 26
17 69
17 33
17 69
17 90
17 76
17 95
17 38
18 82
18 53
18 85
18 50
18 27
18 25
18 93
18 38
18 43
18 31
18 98
19 38
19 73
19 29
19 77
19 62
20 52
20 34
20 76
20 76
21 68
21 96
21 22
21 35
21 86
21 77
21 50
22 52
22 55
22 91
22 31
23 63
23 49
23 64
23 48
23 72
23 80
23 93
23 87
24 86
24 27
24 94
24 45
24 88
24 73
24 43
24 29
24 52
24 38
25 93
25 55
25 28
25 88
25 51
25 82
25 44
25 64
25 76
25 45
26 47
26 78
26 65
26 46
26 48
26 38
26 38
26 96
26 82
27 65
27 61
27 96
27 64
27 33
28 48
28 32
28 29
28 98
28 89
29 77
29 84
29 95
29 32
29 91
29 35
29 63
29 66
30 65
30 33
30 85
30 84
30 76
31 40
31 40
31 73
31 86
32 42
32 93
32 58
32 72
32 72
32 70
33 53
33 74
33 73
33 37
33 99
33 53
33 74
34 71
34 74
34 55
34 57
34 82
35 89
35 68
35 96
35 62
35 56
36 81
36 77
36 60
36 88
36 59
36 79
36 78
36 56
37 95
37 46
37 68
37 91
37 72
38 88
38 51
38 44
38 89
39 90
39 64
39 69
39 48
39 90
39 74
39 66
39 58
39 82
39 59
39 41
39 92
40 42
40 43
40 81
40 73
40 53
40 86
40 42
40 94
41 93
41 46
41 80
41 63
41 49
41 45
41 96
42 69
42 85
42 75
42 67
42 84
42 68
43 84
43 94
43 69
44 70
44 97
44 68
44 75
44 69
44 74
44 58
45 48
45 71
45 79
45 95
46 98
46 61
46 81
46 72
47 57
47 83
48 61
48 67
48 72
48 87
48 98
48 89
48 69
49 79
49 61
50 97
50 83
50 89
51 75
51 83
51 81
51 59
51 58
51 73
52 81
52 63
52 68
52 94
52 75
52 80
52 74
52 76
52 70
53 74
53 71
53 72
53 63
53 95
53 84
53 89
54 99
54 60
54 62
54 76
54 76
54 64
55 68
55 97
55 71
55 80
55 61
55 73
55 82
55 68
56 78
56 72
56 70
56 68
56 59
57 99
57 79
57 90
57 88
57 61
57 61
57 72
58 64
58 61
58 63
58 82
58 99
59 70
59 98
59 67
59 83
59 91
59 62
59 91
60 99
60 80
60 76
60 92
60 79
60 67
60 77
60 87
60 83
60 99
60 77
60 73
61 77
61 96
61 92
61 69
61 96
62 66
62 90
62 65
62 77
62 96
63 85
63 85
64 91
64 91
64 93
64 84
64 74
65 74
65 88
66 73
66 77
66 95
66 78
68 98
68 74
68 96
68 82
68 75
69 90
69 82
69 96
69 70
70 74
70 94
70 78
70 87
70 75
70 83
71 83
71 99
71 77
72 99
72 91
72 86
73 90
73 78
73 95
74 90
74 89
76 88
77 97
77 97
78 81
79 95
80 83
81 92
81 84
81 84
83 91
85 96
86 91
86 92
86 97
87 94
90 98
98 99
98 99
