0 89
0 77
0 49
0 12
0 57
0 18
0 15
0 12
0 16
0 6
0 15
0 12
0 95
0 16
0 38
0 88
1 50
1 80
1 54
1 9
1 24
1 52
1 95
1 87
1 70
1 99
1 3
2 41
2 96
2 92
2 13
2 70
2 62
2 51
3 62
3 4
3 15
3 91
3 59
3 13
3 16
3 5
3 88
3 36
4 15
4 60
4 67
4 40
4 98
4 64
4 9
4 11
4 90
4 38
4 63
5 21
5 19
5 58
5 95
5 87
5 43
5 39
5 43
5 52
6 35
6 89
6 43
6 33
6 95
6 99
6 8
6 48
6 64
6 82
6 36
6 63
6 49
6 70
6 93
6 70
7 47
7 64
7 23
7 71
7 65
7 45
8 90
8 86
8 76
8 27
8 39
8 83
8 44
8 74
9 38
9 50
9 89
9 83
9 80
10 26
10 30
10 75
10 49
10 58
10 92
10 71
10 47
10 87
10 64
10 88
10 95
11 20
11 43
11 98
11 35
11 59
11 42
11 12
11 14
11 80
12 85
12 66
12 82
12 63
12 97
12 68
12 19
12 69
12 30
12 88
12 42
13 72
13 20
13 26
13 61
13 58
13 85
14 98
14 78
14 27
14 93
14 70
14 31
14 21
14 18
14 66
15 66
15 83
15 54
15 16
16 29
16 75
16 47
16 63
16 88
16 22
16 43
16 91
16 77
16 80
16 35
16 89
17 42
17 21
17 20
17 18
17 57
17 27
18 41
18 59
18 33
18 98
19 34
19 47
19 37
19 38
19 30
19 86
19 65
20 67
20 54
20 86
20 96
21 72
21 73
21 38
21 57
21 65
22 88
22 90
22 74
22 27
22 62
22 27
23 94
23 39
23 47
23 60
23 32
23 46
23 99
23 39
23 92
24 92
24 35
24 90
24 59
24 32
24 36
24 74
24 50
25 41
25 68
25 37
25 77
25 80
25 44
25 44
25 47
26 64
26 93
26 90
26 70
26 27
26 71
27 76
27 81
27 35
27 61
27 57
27 71
27 44
27 71
27 66
27 69
27 77
28 79
28 32
28 54
29 52
30 48
30 56
30 69
30 71
30 99
30 70
30 48
31 79
31 98
31 45
31 36
31 77
31 93
31 85
31 41
31 71
31 59
31 36
32 40
32 39
32 40
32 99
32 46
32 61
32 51
32 49
32 39
32 87
33 54
33 65
33 66
34 40
34 62
34 94
34 38
34 46
34 98
34 67
35 98
35 78
35 54
35 55
35 68
36 72
36 98
36 79
36 71
36 64
36 99
36 54
36 37
36 65
37 51
37 46
37 64
37 54
37 71
37 86
37 42
38 69
38 62
38 81
38 50
38 96
38 57
38 69
38 95
38 50
38 71
39 74
39 44
39 91
39 91
39 83
39 85
39 68
39 80
39 92
40 78
40 89
40 50
40 59
40 41
40 86
40 45
40 44
41 88
41 92
41 90
41 69
41 80
41 69
41 88
41 58
41 94
42 96
42 64
42 72
42 58
43 79
43 54
43 95
43 66
43 45
43 78
43 91
43 66
44 75
44 57
44 58
44 84
44 55
44 82
44 58
44 60
44 48
45 91
45 92
45 94
45 56
45 95
45 77
46 95
46 72
46 49
46 76
46 88
47 78
47 58
47 85
47 93
47 75
47 81
47 78
48 51
48 82
48 87
48 95
48 94
48 80
48 94
48 74
48 85
49 54
49 84
49 80
50 79
50 67
50 53
50 95
51 57
51 92
51 70
51 64
51 87
52 89
52 85
53 58
53 74
54 84
54 95
54 91
54 91
54 94
54 56
54 79
55 75
55 56
55 91
55 63
55 71
56 59
56 71
56 69
56 79
56 79
57 79
57 85
58 68
58 61
58 88
59 62
60 99
60 72
60 68
60 97
61 94
61 68
61 69
62 99
62 63
63 99
63 67
63 79
64 75
64 72
64 93
64 93
64 84
64 88
65 98
65 99
65 68
65 76
65 70
66 75
67 81
67 81
68 86
68 78
69 70
69 72
69 80
70 99
70 71
70 74
71 93
72 90
72 95
72 97
72 86
72 83
73 81
73 99
74 86
75 83
76 84
76 79
76 88
77 79
77 87
77 96
78 97
78 96
78 88
78 92
80 83
80 99
80 99
81 98
81 95
81 85
81 93
83 87
83 88
84 85
84 94
85 98
85 86
85 88
86 91
88 97
88 95
88 95
89 99
90 97
90 93
90 94
92 93
94 97
