0 33
0 81
0 67
0 90
0 46
0 17
0 12
0 46
0 72
1 61
1 14
1 46
1 98
1 39
1 97
1 59
1 30
1 49
1 46
1 44
2 74
2 21
2 16
2 62
2 21
3 68
3 85
3 82
3 33
3 64
3 23
3 29
3 41
3 60
3 73
3 14
3 7
3 16
4 53
4 19
4 79
4 73
4 74
4 84
4 77
4 23
4 47
5 39
5 42
5 44
5 53
5 70
5 18
5 71
5 93
5 48
6 40
6 10
6 13
6 8
6 53
6 39
6 34
6 53
6 60
6 37
6 54
6 44
6 73
7 54
7 53
7 11
7 25
7 88
7 34
7 43
7 67
7 72
7 35
7 20
7 82
7 34
7 57
7 62
7 28
8 55
8 96
8 57
8 87
8 10
9 20
9 30
9 92
9 49
9 61
9 80
9 24
10 90
10 46
10 19
10 71
10 49
10 46
10 78
10 32
10 36
10 84
10 65
10 81
11 93
11 94
11 13
11 52
11 96
11 17
11 41
11 79
11 74
11 20
12 21
12 21
12 69
12 34
12 16
13 28
13 27
13 53
13 74
13 37
13 70
13 20
13 58
14 83
14 56
14 36
14 59
14 92
14 52
14 44
14 54
14 58
14 40
15 66
15 54
15 62
16 94
16 70
16 41
16 92
17 50
17 84
17 96
17 78
17 49
17 23
17 32
17 29
17 52
18 85
18 97
18 95
18 68
18 78
18 70
18 49
18 74
18 66
18 61
19 35
19 92
19 30
19 23
19 67
19 74
19 53
19 32
20 93
20 67
20 43
20 51
20 93
20 98
21 27
21 77
21 41
21 47
21 65
21 68
21 69
21 35
22 80
22 92
22 87
22 59
22 74
22 54
22 77
22 31
22 66
23 47
23 28
23 37
23 27
24 72
24 39
24 36
24 65
24 32
24 79
24 98
25 39
25 89
25 61
25 72
25 94
25 78
25 78
25 89
25 99
25 52
26 73
26 97
26 60
27 85
27 72
27 60
27 67
27 59
27 53
27 40
27 39
28 77
28 59
28 80
28 48
28 39
28 50
28 37
28 87
28 96
29 36
29 78
29 48
29 59
29 32
29 38
29 94
29 38
29 32
29 52
29 93
30 34
30 91
30 82
30 51
30 85
30 71
30 56
30 55
31 51
31 96
31 67
31 50
31 46
31 99
31 93
31 62
32 74
32 38
32 53
32 44
32 65
33 60
33 87
34 43
34 72
34 57
34 39
34 53
34 41
34 95
35 38
35 96
35 47
35 70
35 98
35 60
35 41
36 95
36 60
36 80
36 63
36 77
36 92
36 68
36 62
36 64
36 54
36 76
36 63
36 94
37 65
37 52
37 86
37 64
38 66
38 39
39 45
39 44
39 94
39 73
39 95
39 85
39 74
39 57
39 95
40 81
40 65
40 60
40 41
41 96
41 80
41 72
41 67
41 54
42 97
42 63
42 77
42 86
42 64
43 79
43 65
43 76
43 53
43 67
43 80
43 45
44 70
44 49
44 77
44 97
44 85
44 69
44 46
45 71
45 93
45 81
45 59
45 79
45 46
45 56
46 51
46 63
46 63
46 49
46 64
46 85
47 66
47 49
47 94
47 56
47 61
47 87
48 99
48 72
48 69
48 74
49 76
50 64
51 84
51 93
51 74
51 59
51 66
51 60
51 71
52 54
52 79
52 72
52 78
52 84
52 72
53 92
53 64
54 91
54 60
54 99
54 94
54 83
54 97
54 91
55 79
55 96
55 96
55 80
55 97
55 74
56 86
56 97
56 68
56 78
57 60
57 64
57 60
57 87
57 60
57 93
57 95
57 74
58 77
58 78
58 84
58 71
58 87
58 59
58 95
59 80
59 87
59 75
59 94
59 96
60 70
60 83
60 79
61 71
61 71
61 65
62 99
62 94
62 64
62 68
62 85
63 95
63 77
63 89
63 75
64 92
64 94
65 88
65 92
65 69
65 72
65 97
66 99
66 86
66 81
66 87
67 99
67 95
67 80
68 88
68 92
68 80
69 70
69 92
70 83
71 92
71 98
72 98
72 98
74 94
74 90
74 89
74 75
74 96
75 82
75 76
75 85
75 78
75 88
76 79
76 84
76 89
77 78
77 80
77 84
78 82
78 89
79 99
79 92
80 89
80 99
81 86
81 91
82 87
82 90
82 98
83 86
83 95
83 86
85 92
85 92
87 89
87 98
87 92
88 94
89 97
90 95
90 96
95 96
