0 42
0 9
0 43
0 39
0 40
0 82
0 60
0 98
0 63
0 39
0 20
0 82
0 73
0 16
0 40
1 8
1 51
1 41
1 38
1 89
1 59
1 48
1 60
1 74
1 39
1 91
1 62
1 72
1 94
1 97
1 17
2 5
2 80
2 64
2 63
2 33
2 57
3 35
3 54
3 45
3 75
3 36
3 98
3 60
3 17
3 9
3 28
3 6
3 51
3 83
3 22
3 52
3 49
4 97
4 80
4 75
4 86
4 61
4 16
4 29
4 75
4 12
4 14
4 48
4 27
5 17
5 62
5 69
5 9
5 95
5 59
5 91
5 54
6 27
6 74
6 67
6 70
6 12
6 41
6 17
7 14
7 70
7 78
7 43
7 37
7 53
7 59
7 87
7 39
7 22
7 86
7 70
7 91
8 12
8 71
8 93
8 42
8 44
8 13
9 34
9 66
9 17
9 23
9 94
9 72
9 76
9 18
9 57
10 52
10 36
10 27
10 17
10 79
10 48
10 15
10 37
10 22
10 21
11 68
11 86
11 86
11 39
11 68
11 18
11 61
11 60
11 94
11 45
12 48
12 95
12 62
12 49
12 39
12 52
12 21
13 65
13 33
13 73
13 84
13 55
13 26
13 36
13 40
13 66
13 55
13 64
14 40
14 44
14 70
14 42
14 70
14 54
14 92
14 19
14 46
14 72
15 94
15 30
15 41
15 63
15 31
15 76
15 48
15 33
15 62
16 86
16 84
16 94
16 29
16 93
16 63
17 31
18 76
18 23
18 22
18 29
18 61
18 88
18 39
18 60
19 33
19 89
19 80
19 79
19 99
19 22
19 33
20 42
20 50
20 48
20 63
20 32
20 57
20 92
20 80
21 98
21 34
21 30
21 84
21 72
21 45
21 54
22 33
22 81
22 81
22 38
22 25
22 68
22 99
22 89
22 33
22 52
23 82
23 62
23 39
23 64
23 96
23 68
23 92
23 63
23 60
23 42
24 45
24 55
24 30
24 75
24 67
24 67
24 88
24 75
24 64
24 66
24 67
24 74
25 46
25 88
25 50
25 80
25 28
25 26
25 52
26 93
26 99
26 53
26 74
26 90
26 28
27 94
27 51
27 65
27 76
27 66
27 53
27 68
27 29
27 84
27 49
28 86
28 51
28 75
28 51
28 77
28 96
28 33
29 70
29 53
29 33
29 68
29 98
29 89
29 48
29 43
29 70
30 66
30 59
30 49
30 58
30 47
30 52
30 65
31 96
31 34
31 76
31 43
32 72
32 48
32 41
32 51
32 95
32 97
32 56
33 37
33 75
33 81
33 98
33 74
33 59
33 70
33 95
34 60
34 57
34 44
35 60
35 37
35 59
35 88
35 71
36 55
36 99
37 62
37 51
37 64
37 41
37 53
37 84
38 76
38 41
38 92
38 41
38 47
38 47
38 49
38 48
39 89
39 92
39 74
39 91
39 50
39 62
39 66
39 93
39 96
40 63
40 45
40 43
40 64
40 48
40 70
40 57
40 79
41 99
41 64
41 50
41 58
41 85
41 58
42 68
42 59
42 89
42 52
42 76
42 61
42 55
42 89
43 69
43 56
44 78
44 81
44 60
44 83
44 70
44 74
44 51
44 90
45 73
45 78
45 64
45 56
45 78
46 68
46 90
46 91
46 49
46 47
46 86
47 93
47 82
47 76
47 55
47 60
48 55
48 92
48 64
48 89
48 66
48 74
48 72
48 70
48 76
49 64
49 86
49 54
50 99
50 94
50 87
50 94
50 90
51 55
51 92
51 53
51 99
53 86
53 63
53 86
53 62
54 95
54 83
55 56
55 82
55 74
55 89
56 67
57 97
57 75
57 58
57 84
59 87
59 64
59 85
59 88
59 93
59 96
59 84
59 69
59 64
59 65
60 98
60 64
60 88
61 71
61 64
61 99
62 72
62 99
62 93
63 87
63 70
63 78
63 95
63 70
63 75
64 96
64 87
64 92
65 74
65 76
66 72
66 77
66 88
66 92
66 71
66 70
66 96
66 78
67 88
67 74
67 95
67 83
68 77
68 99
69 82
69 84
70 78
71 82
71 92
71 98
71 78
72 94
72 79
73 95
73 97
74 96
74 80
74 99
75 98
75 83
76 94
77 80
77 99
77 79
77 84
78 91
78 93
80 81
80 89
81 94
81 92
81 87
82 97
83 89
84 93
84 94
85 94
85 96
86 90
87 95
87 97
88 99
88 92
95 99
