0 29
0 83
0 64
0 45
0 4
0 34
0 38
0 37
0 72
0 31
0 89
0 13
1 56
1 4
1 39
1 36
1 99
1 28
1 71
1 6
2 46
2 79
2 96
2 52
2 93
2 42
2 53
2 38
2 93
2 5
2 86
2 51
3 52
3 5
3 70
3 21
4 9
4 62
4 12
4 42
4 76
4 92
4 86
4 21
4 40
4 73
4 60
4 94
5 43
5 44
5 26
5 12
5 95
5 91
5 97
5 85
5 64
5 66
6 55
6 7
6 14
6 63
6 67
6 69
6 92
6 26
6 13
6 29
6 67
6 90
6 24
6 9
6 14
6 15
6 84
7 18
7 51
7 74
7 93
7 67
7 33
7 41
7 49
7 23
7 98
7 67
7 68
7 96
7 70
7 55
8 29
8 64
8 46
8 77
8 32
8 60
8 47
8 33
9 62
9 46
9 12
9 71
9 99
9 71
9 93
9 92
9 73
9 61
9 82
9 79
10 67
10 73
10 35
10 40
10 56
10 79
10 54
11 40
11 91
11 38
11 19
11 36
11 60
11 56
11 90
11 82
11 32
11 73
12 87
12 95
12 65
12 31
12 96
12 47
12 84
12 53
13 52
13 61
13 87
13 64
14 63
14 64
14 33
14 19
14 39
14 18
14 24
14 24
14 25
14 20
14 38
15 88
15 37
15 69
15 24
15 96
15 70
15 37
15 58
15 24
16 69
16 99
16 78
16 50
17 86
17 23
17 18
17 92
17 61
17 48
17 65
17 87
17 80
18 68
18 26
18 64
18 76
18 22
18 91
18 61
19 71
19 27
19 88
19 93
19 32
19 93
19 41
19 94
20 26
20 42
20 68
20 91
20 46
20 98
20 37
20 66
20 49
20 57
21 37
21 74
21 79
21 70
21 38
21 42
22 69
22 55
22 32
22 57
22 45
22 51
23 38
23 27
23 27
23 76
23 46
23 28
23 83
23 31
23 30
24 59
24 31
24 27
24 80
24 75
24 37
24 97
24 54
24 57
24 32
24 38
24 52
24 69
25 68
25 30
25 31
25 29
25 33
25 91
25 93
25 70
25 28
26 88
26 90
26 30
26 71
26 47
27 33
27 70
27 59
27 66
27 98
27 33
27 55
27 56
27 68
28 59
28 49
28 85
28 42
28 84
28 70
28 47
29 37
29 58
29 56
29 83
29 45
29 40
30 87
30 74
30 72
31 32
31 95
31 89
31 32
31 55
31 98
31 67
32 80
32 74
32 81
32 94
32 61
32 50
32 35
32 74
32 73
32 69
33 57
33 35
33 71
34 86
34 36
34 72
35 98
35 82
35 55
35 50
35 62
36 75
36 42
36 68
36 54
36 87
36 95
36 39
37 99
37 88
37 71
37 85
37 98
37 47
37 95
37 44
37 65
37 68
38 69
38 52
38 80
39 53
39 79
39 66
39 40
39 48
39 91
39 92
39 50
40 50
40 47
40 97
40 69
40 50
41 79
42 72
42 52
42 76
42 90
42 87
42 47
42 96
43 53
43 81
43 67
43 81
44 59
44 55
45 79
45 84
45 85
45 91
45 87
45 86
45 66
46 67
46 63
46 79
46 47
46 48
46 63
46 63
46 63
47 99
47 73
47 55
47 68
47 95
47 68
48 67
48 68
48 58
48 63
48 56
49 67
49 83
49 88
49 54
49 81
49 86
49 75
49 85
49 87
49 58
50 67
50 66
50 55
50 90
50 78
50 85
51 84
51 73
51 59
51 85
52 88
52 57
52 60
52 63
52 58
52 53
52 67
53 64
53 98
53 89
53 58
54 61
54 60
55 64
55 89
55 91
55 81
55 98
55 98
56 78
56 82
56 91
56 82
56 89
56 70
56 76
56 71
57 83
57 86
57 86
58 92
59 89
59 97
59 96
60 94
60 61
60 94
61 79
61 94
62 70
62 70
62 66
63 91
63 65
63 99
63 74
63 84
64 80
64 89
65 85
65 83
66 91
66 95
67 71
68 81
68 82
68 97
68 89
68 80
68 83
69 88
69 74
70 81
70 94
70 82
70 82
70 92
71 76
71 83
71 77
72 94
72 99
72 92
73 87
73 77
73 91
74 88
75 76
75 80
75 98
75 94
76 84
76 85
77 92
77 80
77 94
77 93
78 80
78 94
79 86
79 89
79 93
79 95
80 84
80 93
81 97
81 88
83 92
84 91
84 93
85 99
87 94
87 99
87 99
89 94
91 95
93 97
95 99
