0 50
0 36
0 56
0 54
0 17
0 15
0 91
0 29
1 90
1 17
1 25
1 73
1 60
2 53
2 24
2 81
2 3
2 64
2 77
2 58
2 87
2 69
2 29
3 39
3 10
3 67
3 27
3 44
3 27
3 30
3 37
3 88
3 47
3 6
3 44
3 32
3 68
4 97
4 75
4 6
4 39
4 68
4 8
4 92
4 63
4 38
5 67
5 95
5 51
5 84
5 68
5 66
6 35
6 21
6 48
6 91
6 27
6 87
6 63
7 84
7 92
7 99
7 18
7 81
7 83
7 52
7 56
7 63
8 46
8 68
8 71
8 55
8 85
8 54
8 65
9 33
9 66
9 48
9 36
9 85
9 56
10 97
10 16
10 30
10 57
10 35
10 85
11 15
11 49
11 25
11 68
11 26
11 33
11 63
11 99
11 56
11 17
11 89
11 75
11 74
11 37
12 49
12 40
12 25
12 76
13 26
13 42
13 19
13 97
13 18
13 61
13 64
13 93
13 71
13 43
13 85
13 64
14 51
14 51
14 86
14 48
14 80
14 58
15 29
15 45
15 68
15 55
15 81
15 46
16 96
16 52
16 86
16 35
16 37
16 88
16 91
16 92
17 88
17 62
17 69
17 68
17 67
18 34
18 43
18 23
18 76
18 53
18 59
19 40
19 48
19 78
19 47
19 80
19 47
19 46
19 27
19 30
19 52
19 46
20 75
20 99
20 79
20 37
20 24
20 74
20 29
20 94
21 83
21 51
21 47
21 30
21 24
22 39
22 54
22 57
22 57
22 43
22 43
22 57
23 63
23 28
23 89
23 29
23 50
23 69
23 97
23 26
23 61
24 78
24 39
24 32
24 38
24 87
25 61
25 66
25 34
25 30
26 77
26 77
26 96
26 32
26 65
26 78
26 69
26 97
26 39
26 93
27 37
27 61
27 81
27 69
27 64
27 48
27 36
27 78
28 55
28 68
28 56
28 85
28 64
28 29
28 81
28 86
29 98
29 79
29 62
29 60
29 49
29 98
30 55
30 84
30 64
30 68
30 99
31 55
31 38
31 49
31 78
31 91
31 56
31 56
32 49
32 59
32 33
32 71
32 80
32 64
32 95
32 63
32 44
33 94
33 81
33 54
33 74
33 80
33 81
33 62
33 94
34 64
34 49
34 59
34 79
34 84
34 71
34 36
34 36
34 91
35 95
35 75
35 54
35 65
35 91
35 37
35 83
35 41
35 65
35 53
35 90
36 51
36 79
36 67
36 77
36 72
36 81
36 39
36 96
36 67
37 58
37 42
37 86
37 71
38 78
38 58
38 79
38 78
38 67
38 72
38 78
38 79
38 99
39 75
39 47
39 94
39 99
39 40
40 98
40 88
40 63
40 83
41 45
41 68
41 86
41 45
41 87
41 59
41 90
42 99
42 97
42 88
42 74
42 70
42 47
42 72
43 56
43 56
43 79
43 67
43 91
43 88
44 97
44 57
44 78
44 46
44 75
44 53
44 93
44 51
45 87
45 99
45 89
45 65
45 77
45 82
45 47
45 93
46 64
46 95
46 80
46 96
47 95
47 55
47 74
47 63
47 69
48 70
48 65
48 93
49 64
49 87
49 94
49 80
49 50
49 81
49 61
50 72
50 72
50 52
50 62
50 55
50 76
51 83
52 74
52 69
52 64
52 98
53 85
53 63
53 58
53 58
53 60
53 85
53 97
54 80
54 69
54 64
54 89
54 90
54 82
55 59
55 82
55 65
55 96
55 98
55 69
56 63
56 62
56 77
56 92
57 80
57 89
57 89
57 65
57 61
57 79
58 96
58 70
58 71
58 82
58 87
58 71
58 62
59 86
59 62
59 91
59 72
60 92
60 66
60 83
60 73
60 85
60 90
60 76
60 92
60 98
60 96
61 71
62 94
62 95
62 63
62 76
62 92
63 94
63 75
63 76
63 95
64 90
64 65
64 76
64 68
65 76
65 79
65 82
65 73
66 68
66 97
67 79
67 70
67 86
67 91
67 95
68 88
68 77
68 76
68 76
68 87
68 75
68 78
68 75
69 71
69 86
70 89
71 96
72 87
72 99
72 81
72 76
72 83
72 97
73 86
73 95
73 85
74 97
74 83
74 92
74 82
75 79
75 86
75 84
76 84
76 92
76 93
77 87
78 97
79 97
79 89
80 90
81 91
82 87
82 90
82 99
83 89
83 95
84 85
85 99
86 95
86 91
86 98
88 98
89 95
89 96
