0 50
0 22
0 36
0 81
0 35
0 81
0 94
0 77
0 26
0 78
0 33
0 77
0 68
1 74
1 73
1 80
1 11
1 95
1 52
1 43
1 62
2 76
2 48
2 49
2 86
2 10
2 56
2 11
3 61
3 12
3 60
3 48
3 85
4 99
4 43
4 60
4 18
4 90
4 7
4 16
4 28
4 39
4 94
4 76
5 82
5 33
5 58
5 28
5 84
5 30
5 91
5 62
5 84
5 74
5 90
6 63
6 55
6 41
6 92
6 23
6 46
6 86
6 15
6 88
6 27
6 42
6 50
7 8
7 67
7 80
7 92
7 61
7 91
7 9
7 69
7 80
7 14
8 40
8 87
8 59
8 25
8 71
8 25
8 72
8 83
8 54
9 39
9 77
9 54
9 71
9 50
9 93
9 25
9 71
9 11
10 56
10 77
10 37
10 89
11 20
11 32
11 79
11 67
11 49
11 77
11 50
12 72
12 39
12 77
12 20
12 70
12 83
13 63
13 68
13 20
13 82
13 98
13 82
13 75
13 52
13 32
14 66
14 73
14 38
14 59
14 42
14 30
14 97
14 84
14 47
15 45
15 24
15 88
15 55
15 25
15 42
15 79
15 40
15 46
15 48
15 21
16 46
16 48
16 32
16 83
16 27
16 41
16 54
16 98
16 30
16 44
16 84
16 36
17 96
17 30
17 56
17 91
17 69
17 94
17 25
18 44
18 95
18 30
18 59
18 89
18 91
18 72
19 99
19 46
19 56
20 97
20 80
20 32
20 65
20 56
20 76
20 25
20 34
20 92
20 76
20 79
21 63
21 51
21 31
21 79
21 38
21 33
21 94
21 76
21 73
22 58
22 51
22 57
22 83
22 81
22 57
22 90
22 92
22 49
22 89
22 48
22 58
22 84
23 79
23 54
23 69
23 66
23 29
23 72
23 33
23 98
23 82
23 26
24 28
24 95
24 25
24 80
24 28
24 95
24 68
24 52
24 45
24 77
24 87
25 27
25 45
25 74
25 68
25 59
25 34
25 98
25 91
25 36
25 35
25 34
25 61
25 39
25 62
26 98
26 43
26 87
26 27
26 77
26 35
26 87
26 34
26 80
27 81
27 68
27 54
28 54
28 67
28 89
28 91
28 99
28 52
28 59
28 62
28 52
29 47
29 77
29 63
29 54
29 43
29 60
29 31
29 30
29 94
29 60
29 57
30 83
30 57
30 91
30 84
30 71
31 98
31 87
31 61
32 43
32 51
32 41
32 63
32 51
32 58
33 59
33 42
33 53
33 40
33 92
33 74
33 52
33 86
34 70
34 35
34 66
34 62
35 46
35 78
35 61
36 97
36 59
36 97
36 94
36 69
36 66
36 39
36 47
36 77
37 80
37 72
37 68
37 40
38 52
38 40
38 62
38 74
38 42
38 56
38 40
38 98
38 97
39 57
39 48
40 51
40 55
40 79
41 65
41 52
41 49
41 42
41 85
42 53
42 54
42 63
42 97
42 46
43 66
43 74
43 46
43 76
43 95
44 74
44 97
44 88
44 58
45 75
45 52
45 61
45 94
45 51
45 50
46 68
46 83
47 66
47 60
47 88
47 54
47 81
48 60
48 54
48 96
48 76
48 52
48 89
48 84
48 74
49 96
49 67
49 76
49 73
49 87
49 96
50 55
50 85
50 71
50 68
51 54
51 95
52 58
52 71
52 99
53 80
53 78
53 77
53 62
53 95
53 68
53 89
54 99
54 64
54 72
55 76
55 64
56 69
56 64
56 61
57 96
57 80
57 88
57 60
57 63
57 84
57 92
57 99
57 78
58 68
58 79
59 85
59 95
59 77
59 75
59 61
60 78
60 64
60 72
60 88
60 93
60 84
61 63
61 76
61 77
61 86
61 95
61 98
61 63
61 71
61 63
61 67
62 95
62 93
62 71
62 90
63 87
63 75
63 70
63 79
63 66
63 84
64 94
64 73
65 66
65 70
65 75
66 70
66 73
66 78
66 87
67 98
67 95
68 89
68 93
68 75
69 73
69 74
70 94
71 86
71 74
72 98
72 96
72 96
72 89
73 76
73 75
73 80
73 82
73 87
73 83
73 82
73 85
75 79
76 95
76 82
76 84
77 94
77 80
78 85
80 96
80 98
81 96
82 93
82 88
82 86
82 85
83 95
85 92
85 88
85 99
86 87
86 97
87 96
88 90
88 92
88 97
89 90
90 96
91 95
93 95
96 99
96 98
97 98
