0 79
0 71
0 59
0 9
0 79
0 54
0 11
0 21
1 79
1 67
1 77
1 87
1 33
2 67
2 25
2 98
2 70
2 62
2 14
2 56
2 84
3 92
3 26
3 73
3 40
3 28
3 81
3 77
3 79
3 34
4 78
4 36
4 12
4 32
4 24
4 21
4 54
4 67
4 46
4 47
5 59
5 24
5 13
5 37
5 68
5 84
5 61
5 54
5 21
5 61
6 94
6 99
6 9
6 99
6 73
6 84
6 12
6 34
6 41
6 60
7 64
7 49
7 49
8 91
8 63
8 66
8 43
8 54
8 72
8 38
8 54
9 59
9 67
9 39
9 28
9 81
9 20
9 71
9 67
9 56
10 44
10 67
10 20
10 71
10 60
10 46
10 13
10 15
10 95
10 30
10 19
10 56
11 24
11 63
11 71
11 17
11 34
11 20
11 48
11 90
11 24
12 77
12 59
12 50
12 46
12 41
12 55
12 52
13 80
13 47
13 59
13 84
13 26
13 49
13 81
13 88
14 85
14 19
14 48
14 33
14 75
14 82
14 46
15 96
15 45
15 60
15 80
15 20
15 84
15 32
15 76
15 43
15 51
16 41
16 81
16 80
16 97
16 83
16 57
16 53
16 96
16 49
16 31
17 75
17 22
17 73
17 92
17 37
17 23
17 62
17 56
17 70
18 28
18 99
18 48
18 48
18 88
18 94
18 52
18 43
19 23
19 96
19 39
19 54
19 21
19 62
19 70
19 49
20 30
20 58
20 39
20 84
20 87
20 39
20 83
20 82
21 57
21 37
21 69
21 90
21 85
21 55
22 92
22 89
22 46
22 62
22 61
22 83
22 40
22 40
23 64
23 55
23 53
23 29
23 93
23 89
23 34
23 51
23 62
23 47
23 36
23 32
23 97
23 38
24 36
24 81
24 78
24 32
24 60
24 90
24 93
24 58
24 41
24 32
25 72
25 67
25 97
25 31
26 77
26 59
26 56
26 63
26 39
26 74
27 50
27 49
27 61
27 69
27 54
27 41
27 39
27 75
27 82
27 82
28 63
28 75
28 60
28 87
28 72
28 32
28 88
29 32
29 66
29 83
29 60
29 88
29 86
29 64
29 95
29 66
29 98
30 60
30 39
30 80
30 37
30 64
30 78
30 90
30 59
30 33
31 90
31 70
31 93
31 62
31 79
31 75
31 40
31 64
32 54
32 34
32 41
32 81
32 83
32 44
32 97
32 52
32 38
32 64
32 82
32 56
32 81
33 77
33 62
33 90
33 67
33 56
33 97
34 56
34 52
34 35
34 45
34 79
34 42
35 73
35 93
35 54
35 91
35 39
35 57
35 87
35 81
35 67
36 39
36 79
36 92
36 49
36 63
37 64
37 70
37 98
37 46
38 88
38 51
38 72
38 66
38 60
38 54
38 53
38 89
38 60
39 88
39 72
39 65
39 65
40 65
40 99
40 96
40 89
40 83
40 80
40 66
40 84
40 47
40 87
40 63
41 72
41 60
41 83
41 48
41 94
42 93
42 91
42 65
42 44
42 93
42 91
42 86
42 94
43 75
43 55
43 96
43 65
43 94
44 93
44 55
45 54
45 46
45 95
45 46
45 54
45 74
46 49
46 99
46 70
46 52
46 88
47 71
47 63
47 61
48 78
49 89
49 54
49 80
49 53
49 65
50 89
50 90
50 74
50 98
51 96
51 77
51 69
51 62
51 80
51 73
52 60
52 84
52 97
52 99
52 86
53 54
53 87
53 72
53 85
53 55
53 69
54 93
54 75
54 99
54 98
54 74
55 73
55 89
56 71
56 74
56 62
56 81
56 69
56 70
57 58
57 86
57 84
58 88
58 77
58 77
59 92
59 85
59 77
59 77
59 78
59 88
60 73
60 83
61 91
61 95
62 91
62 89
62 88
62 97
62 76
63 80
63 70
63 88
63 81
63 92
64 95
64 71
65 82
65 86
65 80
65 70
65 87
66 95
66 87
66 99
67 68
68 96
68 79
69 84
69 77
69 81
70 92
70 96
70 72
70 73
70 72
71 97
71 79
71 93
71 92
72 86
72 93
72 93
72 89
73 83
74 88
74 95
75 82
75 88
75 77
76 99
76 96
77 84
77 81
77 94
77 81
77 91
78 81
80 96
81 95
81 90
81 94
81 95
82 96
82 93
84 96
84 85
85 99
85 88
85 92
86 93
86 96
86 90
86 93
88 95
90 91
90 95
92 99
93 96
94 96
