0 91
0 26
0 31
0 85
0 6
0 53
1 63
1 60
1 69
1 77
1 83
2 53
2 92
2 24
2 23
2 71
2 91
2 51
2 69
2 74
2 33
3 72
3 11
3 68
3 49
3 87
3 75
3 77
3 73
4 40
4 83
4 57
4 14
4 54
4 35
5 22
5 25
5 69
5 64
5 99
5 44
5 28
5 91
6 79
6 54
6 82
6 70
6 87
6 88
6 56
6 61
7 51
7 16
7 9
7 30
8 26
8 59
8 31
8 9
8 86
8 99
8 17
8 78
8 76
8 34
8 61
8 52
8 73
8 33
9 83
9 64
9 15
9 12
9 84
9 74
9 59
9 41
9 78
10 26
10 42
10 46
10 17
10 15
10 44
10 44
10 66
10 81
10 89
10 67
10 11
10 59
10 81
11 67
11 98
11 42
11 39
11 87
11 41
11 33
12 86
12 99
12 26
12 25
12 20
12 39
12 81
12 97
13 63
13 37
13 85
13 51
13 85
13 57
13 49
13 83
13 22
13 29
13 87
14 96
14 23
14 84
14 48
14 69
14 91
14 68
14 20
14 26
15 74
15 94
15 94
15 77
15 69
15 60
15 56
16 78
16 65
16 27
16 62
16 52
16 90
16 95
16 91
17 60
17 64
17 84
17 95
17 62
17 29
17 50
18 57
18 38
18 98
18 58
19 29
19 86
19 89
19 55
19 21
19 28
19 62
19 96
19 66
19 26
19 22
19 33
19 22
19 82
19 96
19 45
20 49
20 74
20 42
20 30
20 83
20 35
20 39
20 61
20 59
20 35
20 36
20 67
20 86
21 81
21 45
21 53
21 58
21 29
21 36
21 41
21 45
21 22
21 88
22 73
22 41
22 65
22 38
22 82
22 61
23 37
23 71
23 50
23 75
23 95
23 63
23 31
23 92
24 50
24 32
24 73
24 55
24 37
24 64
24 59
24 40
24 74
25 83
25 89
25 55
25 45
25 58
25 89
25 54
25 58
25 36
26 87
26 28
26 81
26 54
27 57
27 43
27 70
27 99
27 52
27 60
27 81
27 64
28 56
28 48
28 34
28 45
28 49
29 99
29 94
29 58
29 81
29 91
30 35
30 33
30 82
31 83
31 39
31 66
31 97
31 41
31 38
31 69
31 50
31 85
32 35
32 66
32 96
32 73
32 39
32 50
32 33
32 53
32 97
32 40
33 85
33 97
33 72
33 58
33 80
34 69
34 77
34 72
34 99
34 49
34 94
34 55
34 64
34 79
34 98
34 73
35 70
35 50
35 81
35 48
35 83
36 47
36 43
36 62
36 38
36 89
36 86
37 53
37 46
37 39
37 82
37 43
37 51
37 64
37 74
38 69
39 50
39 63
39 62
39 69
39 54
39 62
39 99
39 79
39 98
39 55
40 59
40 66
40 89
40 58
40 49
40 67
40 80
41 72
41 85
41 79
41 47
41 79
41 64
41 91
41 77
41 56
42 90
42 90
43 70
43 64
43 61
43 90
44 80
44 45
44 73
44 87
44 64
44 59
44 90
44 50
44 45
44 98
45 51
45 72
45 75
46 59
46 86
46 64
46 56
46 70
46 99
46 60
47 74
47 80
47 55
47 83
48 62
48 49
48 62
48 95
48 85
48 83
49 91
49 82
49 82
49 65
49 63
49 63
50 92
50 71
51 77
51 63
51 54
51 83
52 78
52 63
52 79
52 74
53 83
53 69
53 95
53 97
54 70
54 78
54 56
54 63
55 62
55 57
55 98
55 83
55 85
56 91
56 80
56 83
56 98
56 81
56 57
57 85
57 85
57 65
57 76
58 96
58 69
58 97
58 74
58 75
59 64
59 94
59 67
59 83
59 91
59 84
60 63
60 82
60 85
60 76
61 97
61 82
61 91
61 62
62 83
62 71
63 67
63 84
63 77
63 77
63 85
64 72
64 92
65 97
65 85
65 83
65 68
65 77
66 89
66 80
66 95
66 77
67 73
68 73
69 75
69 84
69 72
69 75
69 89
69 92
69 94
70 82
70 97
70 87
70 86
70 77
71 75
71 99
71 83
72 73
72 86
72 76
73 74
73 96
74 99
74 92
74 87
75 97
75 90
76 90
76 87
77 98
78 82
79 98
80 93
81 95
82 98
82 93
82 98
82 87
83 99
83 93
83 88
84 98
84 85
85 87
85 96
85 90
86 89
87 97
87 96
87 95
88 97
89 97
89 94
90 93
90 97
91 98
92 98
95 97
