0 84
0 54
0 68
0 48
0 65
0 90
0 19
1 39
1 90
1 84
1 60
1 96
1 77
1 19
1 35
1 26
1 71
2 19
2 96
2 64
2 66
2 3
2 74
2 89
2 93
2 62
2 54
2 86
2 56
2 66
2 10
2 11
3 71
3 90
3 69
3 28
3 63
3 33
3 90
3 72
3 41
3 54
3 86
3 29
4 86
4 94
4 28
4 27
4 57
4 28
4 86
4 9
4 67
4 30
4 79
4 21
5 17
5 75
5 26
5 92
5 33
5 87
5 91
5 65
5 11
5 85
5 47
5 42
6 84
6 11
6 70
6 74
7 29
7 29
7 10
7 81
7 79
7 42
8 40
8 39
8 12
8 44
8 50
8 56
8 80
8 13
8 35
9 20
9 98
9 75
9 16
9 68
9 32
9 43
10 94
10 95
10 12
10 98
10 44
10 47
10 43
10 77
10 67
10 53
10 56
10 68
11 55
11 39
11 16
11 45
11 95
12 42
12 83
12 60
12 19
12 45
12 37
12 44
13 56
13 26
13 58
13 21
13 89
13 76
13 91
13 24
13 34
13 87
14 43
14 88
14 47
14 50
14 23
14 20
14 16
14 85
14 94
15 24
15 27
15 69
15 43
15 26
15 29
15 78
15 39
15 64
15 51
15 75
16 90
16 94
16 28
16 34
16 80
16 95
16 43
16 69
16 31
16 86
17 49
17 66
17 47
17 57
17 18
17 38
17 23
17 47
18 84
18 42
18 22
18 50
18 49
19 73
19 48
19 67
19 59
19 21
19 71
19 28
19 68
20 54
20 65
20 92
20 90
20 79
20 69
20 69
21 22
21 94
21 24
21 52
21 66
21 53
21 98
21 34
21 31
21 67
21 50
22 61
22 64
22 42
22 24
22 46
22 93
22 90
23 36
23 58
23 96
23 46
23 59
23 29
23 88
24 73
24 52
24 57
24 54
24 80
24 29
25 31
25 58
25 62
25 92
25 32
25 45
25 81
25 31
25 82
25 88
26 56
26 99
26 54
26 61
26 64
26 83
26 94
26 59
26 58
26 94
26 97
26 97
26 67
26 63
27 83
28 36
28 69
28 57
29 98
29 81
29 65
29 34
29 74
29 82
29 80
29 98
29 78
30 74
30 77
30 72
30 82
30 52
30 55
30 83
30 57
31 38
31 42
31 46
31 80
31 34
31 40
31 67
31 38
32 68
32 60
32 91
32 85
33 62
33 44
33 74
33 72
33 83
33 61
33 38
33 71
34 76
34 56
34 55
34 44
34 38
34 38
34 65
34 85
35 65
35 56
35 85
35 95
35 38
35 54
36 77
36 99
36 45
36 71
37 79
37 42
37 62
37 73
37 50
37 98
37 69
37 99
37 56
37 71
38 81
38 63
38 47
38 85
39 46
39 66
39 46
39 98
39 81
39 95
40 67
40 76
40 52
40 82
40 84
40 55
41 61
41 57
41 46
41 42
41 80
41 89
41 63
41 95
42 96
42 59
42 71
42 54
42 90
42 71
42 46
42 43
42 67
42 43
43 67
43 66
43 54
43 74
43 91
43 59
43 77
43 66
44 72
44 73
44 49
45 59
45 46
45 85
45 86
45 81
46 81
46 84
46 59
47 84
47 74
47 57
47 50
47 68
47 94
47 50
48 74
48 75
48 60
48 94
48 97
48 96
48 52
48 82
48 74
48 60
48 62
49 77
49 57
49 74
49 75
50 97
50 82
50 57
50 68
51 63
51 81
51 60
52 82
52 64
52 70
52 66
52 79
53 80
53 70
53 70
53 55
53 68
53 87
53 92
53 74
53 67
54 84
54 80
54 65
55 78
55 75
55 83
55 74
56 58
56 93
57 85
57 89
57 59
58 97
58 76
58 85
59 66
59 63
60 99
60 66
60 66
60 76
60 64
61 65
61 92
61 83
61 79
61 78
62 91
62 79
62 90
62 96
62 92
63 89
63 96
63 72
63 87
64 77
64 91
64 70
64 65
65 81
66 74
66 81
66 74
66 84
67 99
67 71
67 89
68 75
69 89
70 98
70 84
70 85
70 85
70 83
71 81
71 77
71 93
71 79
72 73
72 89
73 75
74 76
74 80
74 77
74 99
74 90
76 91
77 82
77 81
77 95
77 86
78 80
79 99
80 81
80 85
80 95
81 84
81 89
82 92
82 99
83 97
83 99
84 93
87 96
87 99
87 99
88 91
89 99
89 92
89 90
89 91
90 96
92 98
