0 8
0 64
0 62
0 80
0 74
0 7
0 48
0 76
1 46
1 87
1 63
1 81
1 28
1 84
1 54
1 42
1 87
2 21
2 9
2 41
2 58
2 70
2 35
2 31
2 78
2 23
3 8
3 41
3 75
3 92
3 65
3 95
4 29
4 80
4 81
4 33
4 97
4 45
4 19
4 15
4 98
4 11
4 12
4 29
5 57
5 49
5 82
5 83
5 10
5 77
5 91
5 42
5 14
5 27
5 52
5 88
6 74
6 76
6 80
6 75
6 52
6 20
6 71
6 42
6 11
6 50
6 90
6 53
7 47
7 76
7 48
7 63
7 90
7 61
7 14
7 9
8 55
8 23
8 87
8 33
8 60
8 68
9 34
9 80
9 24
9 14
9 12
9 30
10 74
10 20
10 83
10 53
10 96
10 22
10 67
10 99
11 80
11 79
11 98
11 14
11 47
11 85
11 92
12 52
12 70
12 98
12 14
12 33
12 70
12 97
13 22
13 34
13 80
13 57
13 79
13 19
13 29
13 69
13 77
13 23
14 36
14 95
14 97
14 97
14 91
14 49
14 41
14 28
14 82
14 53
14 49
14 42
14 90
15 30
15 21
15 17
15 55
15 66
15 97
15 19
16 18
16 39
16 35
16 88
17 44
17 46
17 71
17 77
17 58
17 85
17 79
17 75
18 43
18 49
18 44
18 88
18 22
18 31
18 94
18 75
18 64
19 56
19 43
19 93
19 25
19 79
19 37
19 69
19 52
19 96
19 92
19 37
19 74
19 46
19 95
19 31
19 65
19 78
20 66
20 55
20 42
20 37
20 72
20 44
20 39
20 44
20 92
20 92
20 41
21 79
21 57
21 23
21 88
21 99
21 73
21 26
21 40
21 81
21 82
21 80
21 28
21 37
21 48
21 77
22 72
22 80
22 75
22 78
22 68
22 33
22 60
22 57
22 73
22 62
22 50
22 79
22 30
22 40
23 64
23 39
23 86
23 87
23 82
23 61
23 87
23 64
23 72
24 99
24 92
24 28
25 54
25 81
25 85
26 44
26 85
26 40
26 55
26 57
26 99
27 34
27 47
27 77
27 31
27 55
28 99
28 74
28 35
28 30
28 84
28 67
29 77
29 87
29 99
29 94
29 61
29 41
30 54
30 84
30 66
31 41
31 83
31 54
31 65
31 44
31 80
31 49
31 46
31 80
31 38
31 48
32 91
32 70
33 47
33 57
33 41
33 70
33 55
33 74
33 88
33 92
34 60
34 63
34 49
34 66
34 87
34 93
34 90
34 84
35 89
35 54
35 84
35 52
35 74
36 78
36 48
36 41
36 65
36 42
36 65
36 46
36 89
37 74
37 72
37 64
37 97
37 77
37 87
37 47
37 94
37 46
37 78
37 88
38 85
38 74
38 52
38 46
38 58
38 63
39 91
39 50
39 47
40 49
40 92
40 85
40 44
41 85
41 61
41 47
41 60
41 62
41 46
41 48
42 85
42 73
42 97
42 48
42 86
42 80
43 95
43 45
43 57
43 61
43 98
43 64
43 54
44 63
44 84
44 91
44 86
44 65
45 69
45 68
45 73
45 57
46 70
46 79
46 54
46 96
47 85
47 73
47 94
47 56
48 80
48 59
48 83
48 94
49 72
49 56
49 85
49 92
49 60
49 97
49 76
50 68
50 67
50 86
50 51
50 92
50 94
50 52
51 75
51 54
51 53
51 76
51 77
51 89
52 77
52 63
52 56
52 67
53 95
53 74
53 91
53 96
53 93
53 79
54 69
54 73
55 66
56 75
56 68
57 60
57 78
57 78
57 94
57 93
57 61
58 66
58 69
59 91
59 97
59 60
59 63
60 99
60 99
60 78
60 92
60 97
60 65
61 79
61 99
61 94
61 72
62 72
62 79
62 98
62 80
62 99
62 70
62 96
63 95
63 72
63 87
63 74
64 99
64 87
64 85
64 81
64 88
64 72
65 80
66 71
66 94
66 74
66 68
66 68
66 84
66 69
66 87
67 94
67 84
68 73
69 86
69 71
69 97
69 81
69 75
69 72
70 87
70 96
70 98
71 83
71 87
71 95
72 73
73 89
73 76
73 86
73 96
73 86
74 93
74 88
74 79
74 86
76 81
78 83
78 85
79 86
79 99
79 82
79 91
80 86
80 88
80 87
80 91
82 99
82 89
82 83
84 85
85 92
86 96
87 95
88 91
88 90
88 91
91 98
93 97
93 95
94 99
96 99
