0 58
0 24
0 43
0 80
0 98
0 72
0 64
0 59
0 91
0 94
0 28
1 73
1 5
1 40
1 39
1 79
2 44
2 40
2 31
2 3
2 46
3 99
3 11
3 21
3 72
3 15
3 72
3 80
3 60
4 60
4 78
4 56
4 71
4 38
4 11
4 73
4 39
5 29
5 41
5 99
5 63
5 21
5 96
6 59
6 71
6 51
6 69
6 80
6 91
6 48
6 13
7 46
7 15
7 79
7 86
7 73
7 92
7 55
7 56
7 32
8 18
8 96
8 53
8 94
8 62
8 90
8 72
8 32
8 49
9 31
9 45
9 59
9 73
9 72
9 13
10 90
10 97
10 28
10 35
10 53
10 75
10 97
10 40
10 75
10 86
10 23
11 82
11 38
11 68
11 83
11 17
11 75
11 87
11 68
11 12
11 37
11 95
11 66
11 21
12 87
12 69
12 85
12 99
12 91
12 31
12 35
12 88
12 86
12 36
12 20
13 78
13 51
13 83
13 73
13 57
13 48
13 94
13 71
13 73
13 45
13 63
14 33
14 69
14 94
14 74
14 78
14 98
14 30
14 35
14 66
14 34
14 41
14 23
15 72
15 38
15 68
15 59
15 16
15 60
16 57
16 92
16 31
16 74
16 79
16 66
16 98
16 63
17 72
17 32
17 82
17 79
17 33
17 38
17 49
17 82
17 30
18 74
18 34
18 29
18 25
18 58
18 55
18 47
18 76
19 26
19 85
19 48
19 65
19 75
19 81
19 33
19 66
19 20
19 80
19 95
19 43
20 94
20 23
20 45
20 69
20 61
20 98
20 78
21 44
21 27
21 44
21 56
21 42
21 78
22 92
22 57
22 42
22 36
22 50
23 67
23 57
23 45
23 38
23 42
24 37
24 82
24 72
24 51
24 47
24 55
24 45
24 27
24 91
24 42
24 51
25 59
25 93
25 40
25 85
25 54
25 94
25 81
25 34
25 48
25 55
25 72
26 51
26 56
26 58
26 88
26 94
26 79
26 96
26 72
26 84
26 64
26 97
26 77
26 58
26 34
26 37
27 98
27 58
27 93
27 74
27 50
27 52
28 32
28 99
28 45
28 53
28 46
28 76
28 99
28 59
28 34
29 98
29 82
29 95
29 49
29 41
29 40
30 91
30 80
30 90
30 51
31 58
31 32
31 83
31 80
31 90
31 64
31 69
32 76
32 58
32 53
32 61
32 84
32 99
33 90
33 53
33 80
33 92
33 47
33 98
33 48
33 83
33 46
33 62
33 38
33 37
34 67
34 65
34 59
34 74
34 71
35 99
35 67
35 77
35 90
35 36
35 93
35 42
36 57
36 39
36 86
36 57
37 56
37 85
38 88
38 40
38 78
38 44
39 85
39 60
39 70
39 92
39 88
39 76
39 51
39 68
40 76
40 53
40 93
40 70
41 53
41 62
41 48
41 73
41 79
41 81
41 92
41 69
42 57
42 69
42 78
42 55
42 57
42 64
43 46
43 74
43 45
44 46
44 47
44 75
44 86
45 46
45 46
45 93
45 79
45 61
46 79
46 97
46 50
47 55
47 54
47 91
47 93
47 74
47 89
47 99
48 81
48 73
48 68
48 75
48 49
48 66
48 60
48 94
49 52
49 76
49 99
49 58
49 82
49 56
50 85
50 95
50 61
50 89
50 82
51 74
51 85
51 86
51 87
51 94
51 92
52 92
52 72
52 65
52 90
52 65
52 74
52 69
52 98
52 71
53 59
53 81
53 61
54 92
54 59
54 84
54 61
55 84
55 71
55 78
55 93
56 57
56 97
56 94
56 86
56 63
57 92
57 94
57 83
57 82
57 63
58 66
58 81
58 98
58 59
58 86
58 64
59 89
59 91
59 65
59 60
59 61
59 65
59 86
60 86
60 77
61 71
61 65
63 98
63 85
63 89
64 85
64 80
64 80
65 92
65 75
65 73
65 68
65 87
65 84
65 89
65 92
66 91
66 89
66 89
66 93
67 83
67 79
68 92
68 99
68 74
69 77
69 79
69 90
69 94
69 98
69 92
70 95
70 94
70 73
70 96
70 75
70 87
71 74
72 99
72 92
72 90
72 85
72 86
72 73
73 79
73 96
73 90
74 86
74 84
75 94
76 87
76 81
76 94
76 86
76 81
76 88
76 99
77 91
78 98
80 92
81 86
82 92
82 94
83 93
83 96
83 99
84 98
84 98
85 97
88 92
88 90
89 95
94 99
94 96
