0 28
0 84
0 88
0 85
0 58
0 5
0 41
0 55
0 14
0 1
0 87
0 52
0 15
0 62
0 89
0 86
1 11
1 12
1 98
1 56
1 68
1 74
1 79
1 30
2 20
2 26
2 10
2 72
2 81
2 55
2 99
2 77
2 20
3 27
3 52
3 13
3 94
3 9
3 38
3 59
3 37
3 67
3 62
4 59
4 37
4 45
4 95
4 71
4 16
4 76
4 15
4 26
4 73
5 6
5 89
5 93
5 67
5 24
5 15
5 99
5 9
6 18
6 50
6 37
6 56
6 12
6 18
6 62
6 52
6 44
6 53
6 91
6 57
7 48
7 23
7 78
7 64
7 68
7 47
7 83
8 74
8 24
8 48
8 96
8 55
8 75
8 59
8 11
9 52
9 88
9 84
9 33
9 28
9 74
9 22
9 70
9 52
9 66
10 38
10 61
10 15
11 42
11 43
11 89
11 31
11 73
11 82
11 65
11 71
11 14
12 65
12 80
12 40
12 82
12 93
12 43
12 22
13 82
13 79
13 38
13 48
13 92
13 35
13 63
13 67
13 42
13 74
13 64
13 96
14 40
14 68
14 34
14 19
14 72
14 84
14 16
15 28
15 79
15 90
15 61
16 20
16 85
16 52
16 96
16 58
16 67
16 94
16 24
16 23
16 79
16 96
16 65
16 24
16 37
16 24
16 61
16 65
17 47
17 48
17 98
17 58
17 29
17 61
17 54
17 25
17 26
18 22
18 66
18 94
19 88
19 41
19 49
19 35
19 53
19 96
19 26
19 96
19 80
19 64
20 72
20 51
20 77
21 42
21 82
21 47
22 66
22 44
22 71
22 80
22 60
22 80
22 53
22 60
22 34
23 82
23 90
23 84
23 49
23 76
23 59
23 68
24 55
24 59
24 89
24 84
24 54
24 40
24 73
24 56
24 37
25 41
25 97
25 27
25 51
25 78
25 71
25 44
26 64
26 36
26 52
26 67
26 60
26 51
26 89
26 64
27 49
27 38
27 36
27 71
27 52
27 51
27 42
27 81
28 57
28 60
28 66
28 87
28 38
29 59
29 79
29 61
29 52
29 73
29 96
29 39
30 92
30 61
30 58
30 31
30 73
30 72
30 96
30 71
30 36
30 87
30 67
30 75
31 67
31 80
31 33
31 87
31 58
32 43
32 58
32 80
32 63
32 48
33 42
33 83
33 86
33 60
33 73
33 67
33 87
33 70
34 80
34 98
34 57
34 83
34 39
35 48
35 64
35 55
35 51
36 80
36 89
36 99
36 77
37 83
37 75
37 87
37 86
37 61
38 76
38 57
38 65
38 98
38 89
38 83
38 84
38 70
38 39
38 62
38 40
38 97
39 53
39 54
39 77
39 81
39 92
39 49
39 99
40 93
40 41
40 45
40 53
40 81
40 64
40 96
40 43
41 76
41 96
41 55
41 45
41 93
42 79
42 58
42 94
42 67
42 59
42 53
43 53
43 60
43 64
43 77
43 52
43 96
44 55
44 68
44 71
44 68
44 53
45 85
45 68
45 95
45 54
45 70
45 94
46 72
46 93
46 87
46 83
46 52
46 66
46 52
46 58
47 58
47 48
47 91
47 59
47 69
47 67
47 64
47 84
48 67
48 70
48 62
48 81
48 84
49 75
49 72
49 75
49 61
49 74
49 50
49 52
50 62
50 82
50 62
50 93
51 97
51 65
51 83
52 56
52 99
52 57
52 57
52 67
52 59
53 58
53 55
54 63
54 77
54 79
54 55
54 96
54 56
55 99
55 84
55 60
55 86
55 62
55 84
56 59
56 58
56 69
56 93
56 71
56 94
56 92
57 80
57 69
57 67
57 82
57 64
58 94
58 70
59 61
59 63
59 99
59 68
60 88
60 64
60 76
61 82
61 65
61 80
62 83
62 65
62 65
63 81
63 89
63 89
63 74
64 85
64 65
64 89
64 85
64 97
64 79
65 73
65 69
65 84
65 88
65 96
65 92
66 95
66 73
66 98
66 89
66 88
67 80
67 78
67 99
67 85
68 82
69 98
69 80
69 97
69 87
69 74
70 83
70 85
70 89
71 79
72 79
72 95
72 90
73 94
75 77
75 93
75 99
76 79
76 86
77 82
77 82
78 81
78 79
78 90
79 90
79 81
79 86
80 90
81 86
81 94
82 89
82 83
83 97
83 93
84 87
87 92
88 89
88 95
89 92
91 94
91 93
94 99
94 99
95 99
96 97
