0 59
0 40
0 34
0 76
0 19
0 47
0 9
0 78
1 86
1 69
1 69
1 86
1 22
1 57
2 76
2 23
2 35
2 69
2 52
2 97
2 25
2 21
2 51
2 66
3 58
3 61
3 74
3 80
3 15
3 52
3 93
3 24
3 71
3 86
4 16
4 96
4 62
4 51
4 37
4 33
4 30
4 90
4 39
4 61
4 25
4 50
4 32
5 23
5 11
5 35
5 67
5 91
5 60
5 99
5 68
5 27
5 91
6 8
6 15
6 14
6 34
6 90
6 83
6 39
6 94
6 19
6 40
7 60
7 17
7 64
7 46
7 90
7 31
7 29
7 90
7 58
7 19
7 14
7 96
7 67
7 58
7 41
8 34
8 67
8 98
8 13
8 19
8 47
8 90
8 71
9 54
9 33
9 25
9 36
9 74
9 79
9 62
9 47
9 72
9 10
10 13
10 91
10 70
10 67
10 73
10 96
10 68
11 52
11 37
11 76
11 74
11 24
11 56
11 82
11 84
11 88
12 47
12 87
12 50
12 48
12 94
12 16
12 26
13 20
13 25
13 74
13 93
13 30
13 94
13 36
13 85
13 20
13 24
13 30
14 66
14 74
14 16
14 44
14 94
14 44
14 62
14 92
14 26
14 49
14 74
14 43
14 27
15 77
15 75
15 76
15 51
15 59
15 35
15 78
15 24
15 69
15 20
15 68
15 87
15 44
16 95
16 77
16 39
16 94
16 41
16 91
16 63
16 48
17 30
17 67
17 19
17 70
17 56
17 90
17 67
17 26
17 46
17 41
17 75
18 85
18 82
18 67
18 44
18 79
18 57
18 30
18 85
18 86
19 96
19 66
19 48
19 89
19 70
19 51
19 25
20 36
20 86
20 56
20 88
20 41
20 79
20 44
20 64
20 70
21 32
21 98
21 46
21 23
21 51
21 49
21 66
21 58
22 62
22 70
22 32
22 91
22 59
22 74
22 84
22 41
23 50
23 33
23 93
23 47
23 64
23 35
23 50
24 44
24 88
24 33
24 42
25 41
25 34
25 47
25 46
26 75
26 92
26 60
26 79
26 55
27 53
27 47
27 66
28 78
28 55
28 29
28 99
28 67
28 63
28 84
28 36
28 43
29 94
29 64
29 35
29 90
29 40
30 80
30 52
30 87
30 48
30 37
30 92
31 54
31 61
31 82
31 59
31 74
31 91
31 99
32 73
32 45
32 87
32 52
32 59
32 65
32 91
32 74
32 77
32 56
32 93
32 41
32 49
33 93
33 39
33 77
33 54
34 63
34 45
34 88
34 88
34 87
34 59
35 84
35 48
35 51
35 40
35 36
35 37
35 42
36 87
36 39
36 53
36 84
36 40
36 45
36 48
36 61
36 54
37 87
37 90
37 92
37 38
37 64
37 58
37 86
37 60
38 90
38 40
38 89
38 83
38 57
38 63
38 84
38 93
39 68
39 77
39 74
39 61
40 77
40 44
40 90
40 57
40 68
41 81
41 45
41 58
42 81
42 70
42 48
42 62
42 72
42 77
42 81
43 77
43 83
43 58
43 76
43 65
43 47
43 73
43 66
43 64
43 60
44 59
44 99
44 45
45 87
45 75
46 53
46 85
47 86
47 64
47 75
47 56
47 93
47 63
47 78
48 96
48 66
48 93
48 60
48 57
48 79
48 94
49 84
49 95
49 91
50 83
50 83
51 90
51 96
51 89
51 77
51 56
51 56
51 82
52 82
52 54
52 72
54 57
54 72
54 89
54 87
54 99
54 67
54 58
54 82
55 98
55 76
55 89
55 70
55 91
55 56
56 91
56 96
56 84
57 72
57 59
57 93
57 98
57 85
57 89
57 91
57 69
58 63
58 76
58 78
58 98
59 83
59 71
59 71
59 84
60 95
60 78
60 98
60 72
61 96
61 82
61 68
61 69
62 96
62 84
62 85
63 95
63 92
63 91
63 84
63 91
64 77
64 80
64 84
65 95
65 85
66 99
67 91
67 81
67 78
69 93
69 87
69 91
69 79
70 79
70 74
70 73
70 84
70 83
70 92
71 86
72 85
72 85
72 98
73 84
73 82
74 90
74 80
74 88
75 84
76 78
76 97
77 88
77 84
77 86
77 91
77 91
78 88
79 98
79 90
80 83
81 92
81 96
82 89
82 84
82 86
82 83
82 83
83 89
83 95
84 85
85 91
85 96
86 97
88 97
90 93
90 91
90 92
91 99
95 96
96 98
98 99
