0 17
0 74
0 98
0 54
0 23
0 53
0 60
0 78
0 56
0 5
0 65
0 66
0 84
1 46
1 75
1 13
1 91
1 11
2 6
2 71
2 99
2 37
2 90
2 18
2 73
2 22
3 23
3 30
3 53
3 4
3 21
3 7
3 56
3 19
3 90
3 68
3 23
4 58
4 12
4 32
4 93
4 87
4 23
5 52
5 64
5 23
5 92
5 93
5 95
5 46
5 59
5 30
5 24
5 93
6 79
6 37
6 72
6 94
6 26
6 80
7 95
7 96
7 37
7 98
7 45
7 83
7 21
7 73
7 50
8 48
8 84
8 16
8 28
8 20
8 28
8 15
9 63
9 21
9 74
9 46
9 65
9 70
9 77
9 64
9 64
10 53
10 20
10 55
10 53
10 84
10 99
10 18
10 76
10 99
10 95
10 45
10 43
10 51
11 74
11 19
11 76
11 70
11 29
12 37
12 84
12 66
12 81
12 25
12 54
12 70
12 46
13 98
13 56
13 16
13 40
13 42
13 89
13 19
14 47
14 40
14 80
14 32
14 34
14 26
14 38
14 81
14 94
14 32
14 42
15 96
16 69
16 85
16 80
16 56
16 47
16 38
16 81
16 76
16 97
16 43
17 26
17 33
17 31
17 26
17 32
17 43
17 74
17 87
17 67
18 42
18 65
18 69
18 88
18 43
18 72
18 88
18 78
18 86
19 91
19 87
19 90
19 49
19 55
19 85
19 30
20 87
20 66
20 65
20 63
20 70
21 44
21 57
21 43
21 83
21 99
21 77
21 73
21 26
21 49
21 50
21 64
21 51
22 34
22 89
22 24
22 28
22 65
22 67
22 58
22 44
22 44
22 29
22 31
22 62
23 66
23 82
23 30
23 37
23 59
23 78
23 70
24 71
24 71
24 75
24 60
24 37
24 57
24 68
24 28
25 77
25 46
25 96
25 39
25 31
25 85
26 76
26 86
26 39
26 52
26 32
26 35
26 36
27 98
27 45
27 28
27 65
27 55
27 59
27 37
27 28
27 47
27 49
27 68
27 59
28 58
28 86
28 74
28 38
28 83
28 41
28 53
28 90
29 70
29 97
29 76
29 81
29 49
29 62
29 85
29 70
29 49
29 77
29 60
29 91
30 85
30 80
30 31
30 60
30 37
30 45
30 96
30 93
30 61
30 95
31 74
31 89
31 76
32 66
32 64
32 77
32 61
32 49
32 60
32 79
33 70
33 97
33 89
33 43
33 86
33 96
34 59
34 92
34 79
34 57
34 59
34 65
34 39
34 85
34 97
35 97
35 53
35 73
35 53
35 66
35 75
35 43
35 90
35 92
36 46
36 63
36 54
36 96
36 82
37 52
37 47
37 51
37 88
37 64
38 74
38 56
38 69
38 80
38 60
38 99
38 67
38 73
39 93
39 97
39 65
40 58
40 43
40 72
40 58
40 62
40 87
40 74
41 91
42 52
42 63
42 86
42 91
42 52
43 75
43 62
43 94
43 87
43 69
44 95
44 81
44 82
44 50
44 45
44 72
44 70
45 97
45 82
45 78
45 67
45 85
45 89
45 91
45 66
46 49
46 87
46 74
46 83
46 82
46 64
46 64
46 85
47 87
47 54
47 55
47 83
48 69
48 91
48 85
48 79
48 65
48 78
48 58
48 85
48 77
48 80
49 67
49 97
49 58
49 72
49 80
50 70
50 62
50 57
51 82
51 57
52 60
52 60
52 93
52 88
52 58
52 92
53 68
53 77
53 79
54 68
54 89
54 80
55 87
55 65
55 57
55 82
55 71
55 78
55 88
56 75
56 93
56 93
56 97
56 71
56 95
56 75
56 89
57 67
57 58
57 93
58 77
58 61
59 89
59 76
60 70
60 92
60 85
60 96
60 62
60 66
60 97
61 90
62 86
62 92
62 85
62 83
62 83
62 68
63 75
63 98
63 97
63 96
63 97
64 80
64 90
64 72
64 98
65 80
65 94
65 76
65 97
66 83
66 71
66 68
66 97
67 69
67 95
67 80
67 74
67 76
68 81
68 83
69 75
69 79
69 72
69 89
70 88
70 96
71 88
71 72
71 91
72 82
72 73
72 79
72 79
72 86
73 90
73 96
74 80
74 87
74 99
74 84
75 85
75 79
76 79
76 80
77 85
77 93
78 84
78 80
78 85
79 92
79 93
80 87
82 91
82 87
83 95
83 99
83 89
87 88
88 89
89 96
90 99
92 95
96 98
98 99
