0 70
0 79
0 58
0 56
0 66
0 56
0 12
0 68
0 6
0 70
0 16
1 31
1 88
1 69
1 48
1 78
1 45
1 4
1 62
1 26
2 54
2 87
2 12
2 59
2 5
2 54
2 26
2 80
3 61
3 84
3 44
3 22
3 80
3 94
3 74
3 74
3 4
3 98
3 10
3 28
4 93
4 42
4 85
4 76
4 19
4 11
5 44
5 54
5 83
5 7
5 54
5 73
5 54
5 66
6 21
6 48
6 86
6 32
6 49
7 25
7 19
7 89
7 96
7 51
7 69
7 21
7 55
7 97
7 39
8 51
8 79
8 90
8 99
8 32
8 83
8 21
9 25
9 78
9 72
9 47
9 28
9 47
9 28
9 33
9 92
9 49
9 63
9 70
10 92
10 75
10 76
10 90
10 43
10 78
10 12
10 19
10 65
10 23
10 88
10 14
10 65
11 13
11 45
11 88
11 48
11 57
11 91
11 21
11 72
11 57
11 81
12 82
12 55
12 74
12 48
12 18
12 90
12 32
13 58
13 32
13 52
13 36
13 78
13 55
14 53
14 23
14 90
14 71
14 45
14 27
14 18
14 20
14 29
14 70
15 42
15 32
15 66
15 56
15 70
16 66
16 54
17 66
17 25
17 25
17 59
17 57
17 97
17 95
17 70
18 29
18 78
18 98
18 53
18 34
18 61
18 22
18 78
19 90
19 42
19 98
19 86
19 63
19 90
19 72
20 41
20 57
20 89
20 50
20 72
20 84
21 87
21 91
21 35
21 72
21 74
21 36
22 70
22 69
22 78
22 91
22 48
22 23
22 64
22 82
23 45
23 72
23 44
23 56
23 73
23 94
23 34
23 92
24 49
24 56
24 50
24 99
24 67
24 98
25 36
25 89
25 80
25 53
25 36
25 67
25 32
25 63
26 60
26 36
26 71
26 30
26 86
26 97
26 63
26 70
26 49
27 67
27 30
27 46
27 90
27 51
27 80
27 53
27 86
27 28
27 44
27 54
27 33
28 57
28 58
28 75
28 38
28 32
28 88
29 58
29 49
29 51
29 34
29 89
29 36
29 74
30 92
30 33
30 88
30 49
30 98
30 92
30 59
30 35
30 77
30 43
30 62
31 57
31 44
31 81
31 67
31 99
31 94
31 91
31 47
31 92
31 67
31 48
31 60
32 92
32 60
32 83
32 66
32 71
32 96
32 55
32 90
32 72
33 44
33 96
33 37
33 82
33 43
33 53
33 39
33 35
33 60
33 55
34 71
34 71
34 45
34 77
34 60
34 43
34 86
34 75
34 91
34 62
35 56
35 63
35 84
35 98
35 44
35 53
36 73
36 85
36 93
36 66
36 41
36 61
37 49
37 70
37 82
37 63
37 62
37 65
37 41
38 83
38 40
38 83
38 88
38 64
39 82
39 60
39 83
39 76
39 82
39 67
39 54
39 44
39 54
39 45
39 55
40 48
40 77
40 56
40 52
40 82
40 74
40 48
40 72
41 48
41 49
41 83
42 77
42 43
42 81
42 70
43 48
43 79
43 67
43 66
43 97
43 47
44 91
44 69
44 88
44 74
44 50
45 94
45 78
45 65
45 53
45 75
46 91
46 67
46 56
46 99
46 58
46 94
46 69
46 62
46 76
46 68
47 90
47 78
47 64
47 85
47 84
47 62
48 75
48 55
49 50
49 52
49 93
49 56
50 67
50 58
50 81
51 80
51 83
51 77
51 69
51 74
51 74
51 97
51 92
51 58
51 73
51 96
52 62
52 76
52 69
53 93
53 76
53 69
53 69
54 66
54 99
54 77
54 91
54 97
54 58
55 94
56 77
56 66
56 86
56 85
56 82
56 80
56 88
57 58
57 62
57 83
57 77
58 68
58 75
58 77
59 67
59 72
60 66
60 68
60 91
60 62
60 85
60 74
60 95
62 67
62 64
63 84
63 90
63 64
63 71
64 90
64 73
64 65
64 87
64 71
65 85
65 76
65 97
66 87
66 91
66 97
67 70
67 92
68 93
68 90
68 96
68 74
68 93
69 80
69 81
69 76
69 99
69 92
69 85
69 79
70 86
70 98
70 97
70 80
70 83
70 71
70 81
71 75
71 73
71 99
71 84
71 90
72 80
73 79
73 79
74 96
74 81
74 81
74 97
75 87
76 86
76 80
77 97
77 88
77 98
79 81
79 83
79 92
80 81
82 97
83 84
87 99
88 99
88 97
89 98
91 94
92 94
96 98
