0 6
0 3
0 74
0 25
0 24
0 14
0 13
0 10
1 48
1 76
1 90
1 57
1 30
1 99
1 78
1 65
1 78
2 43
2 59
2 34
2 82
2 99
2 38
2 75
2 59
2 24
2 6
2 81
3 50
3 27
3 94
3 19
3 38
3 23
3 69
3 89
4 73
4 83
4 47
4 31
4 14
4 43
4 64
4 53
5 25
5 41
5 36
5 53
5 21
5 75
5 66
5 43
5 30
6 45
6 83
6 81
6 8
6 53
6 80
6 36
6 38
6 61
6 73
7 15
7 10
7 79
7 31
7 34
7 34
7 11
7 51
7 15
8 96
8 47
8 21
8 37
8 53
8 85
9 95
9 54
9 44
9 23
9 55
9 64
9 73
9 40
9 57
9 57
9 34
10 77
10 12
10 16
10 28
10 66
10 41
10 56
10 69
10 25
10 20
10 98
10 34
11 41
11 96
11 87
11 12
11 70
11 85
11 33
11 32
11 33
11 63
12 47
12 56
12 97
12 81
12 46
12 30
13 27
13 30
13 14
13 87
13 41
13 62
13 58
13 80
13 28
13 35
14 67
14 58
14 44
14 53
14 25
14 50
14 16
14 78
15 61
15 80
15 63
15 88
15 38
15 98
15 20
15 54
15 56
15 64
15 80
15 38
15 50
15 33
15 98
16 63
16 76
16 83
16 82
16 30
16 66
16 42
16 21
16 41
16 89
17 61
17 77
17 46
17 51
17 83
17 46
17 63
18 50
18 73
18 50
18 50
18 33
18 64
18 21
18 76
19 71
19 56
19 94
19 94
19 46
19 48
19 62
19 27
19 85
19 38
19 27
19 43
19 90
19 29
19 52
19 94
19 44
20 84
20 71
20 42
20 73
20 39
20 61
20 82
21 27
21 46
21 26
21 60
21 85
21 65
21 78
21 39
21 41
21 90
21 30
21 87
21 29
21 41
22 23
22 43
22 91
22 49
22 95
22 44
22 29
22 90
23 55
23 24
23 28
23 37
23 46
23 84
23 62
23 69
23 73
23 52
23 97
24 80
24 65
24 96
25 60
25 62
25 85
25 58
25 42
26 81
26 79
26 97
26 85
26 67
26 39
26 82
26 74
27 55
27 62
27 66
28 48
28 41
28 52
28 68
28 83
28 51
28 80
28 91
28 88
29 40
29 76
29 32
29 54
29 57
29 92
29 64
30 92
30 36
30 90
30 72
30 95
30 32
31 46
31 56
31 90
31 99
31 80
31 36
31 49
31 70
31 42
31 65
31 90
32 52
32 80
32 71
33 66
33 42
33 67
33 56
33 66
33 96
33 63
33 80
33 71
33 65
33 93
33 48
33 89
34 65
34 47
34 89
34 98
35 80
35 72
35 66
35 59
35 82
35 60
35 74
35 57
35 87
35 96
36 81
36 73
36 88
36 64
36 60
36 53
36 98
37 71
37 48
37 78
37 53
38 98
38 50
38 57
38 69
38 57
38 46
38 74
38 54
39 75
39 92
39 80
39 71
39 60
39 53
39 77
39 49
40 71
40 72
41 52
41 72
42 86
42 44
42 84
43 87
43 84
43 83
43 95
43 70
43 80
44 66
44 47
44 79
45 87
45 62
45 82
45 60
45 69
45 70
46 56
46 52
47 88
48 63
48 93
48 96
48 74
48 60
48 77
49 80
49 53
49 78
49 61
49 77
49 83
49 85
49 63
50 76
50 54
50 96
51 93
51 71
52 88
52 56
52 72
53 67
53 81
53 64
53 77
54 79
54 55
54 99
54 74
55 65
55 76
55 98
56 59
56 80
56 57
56 93
56 94
56 91
56 58
56 78
57 85
57 98
57 62
57 94
57 87
57 83
58 73
58 65
58 95
58 77
58 71
58 96
59 67
59 99
60 97
60 80
60 74
61 97
61 97
61 78
61 93
61 94
61 66
62 87
62 87
62 79
62 67
63 71
63 65
63 88
63 96
63 98
63 65
64 78
64 65
65 76
65 67
65 91
65 81
66 91
66 83
66 93
66 74
66 80
66 93
66 80
67 88
67 87
68 83
69 86
69 82
69 73
70 79
70 87
71 86
72 91
72 99
72 79
72 94
72 73
72 92
72 90
73 84
74 99
75 87
75 81
76 92
77 80
78 94
79 97
79 90
79 83
80 84
81 85
81 89
82 94
82 89
82 99
82 87
82 84
82 88
82 97
83 88
83 93
84 86
85 89
88 95
89 95
89 90
89 93
89 90
90 97
95 98
