0 97
0 50
0 51
0 25
0 19
0 92
0 25
0 83
0 34
0 31
0 19
0 79
0 13
0 15
1 20
1 74
1 41
1 34
1 39
1 3
1 24
1 81
1 23
1 74
1 57
1 35
2 10
2 66
2 94
2 31
2 16
2 60
2 64
3 9
3 46
3 74
3 30
3 89
3 35
3 53
3 89
4 75
4 93
4 13
4 77
4 28
4 89
4 11
4 72
4 32
4 80
4 85
5 22
5 56
5 87
5 77
5 56
5 19
5 87
5 91
5 94
5 91
5 94
5 89
5 12
6 58
6 22
6 84
6 64
6 16
6 53
6 71
6 29
6 21
7 23
7 26
7 61
7 61
7 20
7 55
7 36
7 78
7 19
7 20
7 30
8 76
8 36
8 36
8 71
8 86
8 15
8 90
8 13
8 68
8 94
8 55
9 74
9 53
9 91
9 51
9 26
9 11
9 75
9 69
9 67
9 17
10 86
10 26
10 19
10 91
10 75
10 27
10 26
10 28
10 72
10 63
10 73
10 72
10 29
11 68
11 50
11 83
11 28
11 26
12 45
12 97
12 33
12 61
12 75
12 93
12 97
12 57
12 24
12 73
12 51
13 26
13 70
13 50
13 56
13 48
13 74
13 36
13 54
14 62
14 50
14 45
14 52
14 29
15 79
15 49
15 73
15 86
15 99
15 84
15 75
15 76
15 46
15 31
15 79
16 83
16 58
16 43
16 70
16 77
16 84
16 69
16 88
16 90
17 84
17 40
17 61
17 55
17 64
17 96
18 39
18 40
18 60
18 97
18 88
18 55
18 59
18 66
18 33
18 64
19 21
19 43
19 20
19 93
19 97
19 71
19 91
19 39
20 24
20 34
20 74
20 75
20 58
20 86
20 88
20 60
20 94
21 25
21 22
21 31
21 31
21 65
21 44
21 50
21 96
21 93
21 60
22 89
22 51
22 70
22 33
22 98
22 99
22 92
22 85
22 95
22 25
23 84
23 29
23 55
23 90
23 60
23 90
24 27
24 35
24 55
24 77
24 81
24 69
24 64
24 62
25 69
25 70
25 47
25 93
25 92
25 29
26 66
26 46
26 54
26 75
26 72
26 71
26 55
26 36
26 66
26 97
26 88
27 40
27 73
27 53
27 39
27 80
27 91
27 95
27 72
27 53
28 72
28 41
28 50
28 99
28 68
28 65
28 92
28 29
28 83
28 89
28 60
28 88
29 32
29 55
30 74
30 32
31 47
31 76
31 96
31 63
31 32
32 63
32 79
32 91
32 86
32 36
32 73
33 89
33 69
33 41
33 55
33 86
34 35
34 97
34 40
34 54
34 48
34 98
35 79
35 43
35 53
35 44
36 68
36 91
36 52
36 95
37 69
37 72
37 65
37 38
37 66
37 48
37 47
37 94
38 80
38 86
38 74
38 82
38 99
38 98
39 40
39 83
39 89
40 71
40 53
40 89
40 88
40 88
40 66
41 88
41 52
41 61
41 65
41 97
41 51
41 78
41 88
41 84
42 54
42 92
42 97
42 95
42 77
42 88
43 71
44 58
44 78
44 99
44 99
44 66
45 58
45 79
45 96
45 63
45 54
46 56
46 55
46 48
46 78
46 83
47 52
47 84
47 98
47 65
47 59
47 71
48 50
48 88
48 86
48 96
49 95
49 77
49 77
49 63
50 63
50 75
50 56
50 69
50 89
50 83
50 92
51 88
51 83
51 78
51 85
51 91
52 88
52 54
52 60
53 69
53 62
53 85
53 65
53 62
54 80
54 85
55 78
55 99
55 71
56 89
56 65
56 64
57 73
57 83
57 69
58 69
58 65
58 72
59 81
59 88
59 66
59 98
59 95
59 67
60 74
60 94
60 67
60 67
60 68
60 99
61 89
61 63
61 73
61 90
62 86
62 91
62 78
62 84
63 80
63 82
63 99
63 76
63 93
63 65
63 81
64 80
64 99
64 94
64 96
64 77
65 68
65 89
66 91
66 82
66 99
66 91
66 68
66 97
67 92
67 77
69 83
70 96
70 75
70 85
70 88
70 73
71 79
71 73
72 82
72 85
72 87
72 74
73 84
74 90
74 79
74 79
74 95
74 95
75 98
75 98
76 78
77 84
77 89
78 81
79 99
79 96
81 99
82 90
82 91
83 93
83 89
84 92
85 92
85 90
85 96
85 87
86 90
86 94
87 91
89 98
90 91
90 95
90 99
90 99
91 93
91 95
92 95
93 96
95 97
