0 99
0 8
0 25
0 97
0 3
0 13
0 43
0 55
1 50
1 35
1 12
1 2
1 87
1 58
1 15
1 66
1 10
2 96
2 13
2 65
2 11
2 15
2 75
2 76
2 18
2 75
2 78
2 23
2 97
2 89
2 79
2 45
3 52
3 35
3 58
3 82
3 63
3 90
3 13
4 89
4 78
4 31
4 53
4 54
4 10
4 71
5 71
5 69
5 69
5 35
5 41
5 49
5 36
5 69
5 19
5 62
5 10
5 48
5 90
6 39
6 83
6 60
6 77
6 30
6 73
6 17
6 56
6 62
6 24
6 88
7 47
7 68
7 54
7 61
7 82
7 83
7 13
7 90
7 38
7 88
8 74
8 72
8 68
8 74
8 43
8 64
8 66
8 38
9 72
9 54
9 41
9 25
9 78
9 17
9 17
9 28
9 26
9 68
9 14
9 58
10 63
10 61
10 80
10 74
10 72
10 74
10 45
10 54
10 72
10 27
10 71
11 91
11 59
11 44
11 43
11 70
11 21
11 67
11 97
11 67
11 44
12 20
12 68
12 34
12 55
12 68
12 90
12 88
12 17
13 65
13 23
13 74
13 91
13 84
13 78
13 30
13 32
13 38
13 16
14 26
14 76
14 54
14 92
14 87
14 61
14 26
14 24
14 85
15 37
15 43
15 55
15 89
15 62
15 31
15 29
16 79
16 59
16 23
16 36
16 35
16 30
16 45
16 92
17 77
17 77
17 87
18 72
18 46
18 69
18 35
18 99
18 23
18 91
18 83
18 48
19 93
19 47
19 90
19 79
19 23
19 23
19 93
19 87
20 83
20 39
20 98
20 89
20 96
20 64
20 34
20 30
21 86
21 79
21 77
21 64
21 78
21 68
21 68
22 66
22 82
22 41
22 72
22 94
22 59
22 48
22 75
22 43
22 47
23 80
23 45
23 44
23 87
23 43
23 77
23 35
23 87
24 33
24 43
24 76
24 33
24 34
24 61
24 85
25 64
25 72
25 65
25 42
26 62
26 82
26 53
26 41
26 32
26 39
27 29
27 33
27 67
27 81
27 63
27 74
27 67
27 70
28 82
28 52
28 81
28 57
28 73
28 85
28 57
28 85
28 57
29 53
29 90
29 63
29 41
29 80
29 75
29 98
29 51
29 80
30 79
30 32
30 90
30 51
31 66
31 79
31 61
31 59
32 75
32 34
32 95
32 42
32 45
32 39
32 99
33 99
33 47
33 87
33 39
33 53
33 35
33 71
33 67
34 99
34 69
34 48
34 82
34 84
34 90
35 96
35 73
35 53
35 85
35 44
35 57
35 70
36 66
36 52
36 95
36 82
37 88
37 74
37 53
37 54
37 76
37 46
38 65
38 44
38 39
38 98
38 75
38 47
39 66
39 97
39 40
39 79
39 55
39 73
39 88
40 93
40 67
40 85
40 95
41 87
41 61
41 95
41 75
41 76
42 52
42 63
42 60
42 68
43 54
43 93
43 58
43 73
43 75
43 96
43 63
44 74
44 71
44 84
44 73
44 94
44 79
44 69
44 99
44 53
44 64
45 71
45 57
45 86
46 85
46 50
46 53
46 83
46 51
46 60
46 88
46 89
47 78
47 92
47 91
47 84
47 77
47 83
47 70
48 63
48 88
48 89
48 98
49 74
49 80
50 61
50 64
50 63
51 98
51 60
51 96
51 88
51 70
51 83
52 77
53 99
53 54
53 81
54 71
54 77
54 68
54 82
54 90
54 86
54 78
55 81
55 92
55 71
55 92
56 78
56 91
56 66
56 70
56 70
56 63
56 58
57 72
57 75
57 73
57 93
58 59
58 62
58 67
58 77
58 87
58 62
58 99
59 60
59 93
59 98
59 65
59 76
59 84
59 93
59 92
60 98
60 97
60 68
60 78
60 63
60 74
61 71
62 87
62 63
62 89
62 66
62 72
62 64
63 93
63 66
63 91
63 65
64 91
64 89
64 87
64 77
65 76
66 67
66 93
66 90
66 88
66 86
67 99
68 90
68 74
69 76
69 88
69 95
69 92
69 91
69 95
70 74
70 89
71 72
71 74
71 91
72 82
72 94
72 87
73 86
74 83
74 96
74 88
74 94
74 78
75 90
75 87
75 90
76 94
76 87
76 87
77 83
78 85
78 98
78 81
80 81
81 88
81 84
81 90
82 92
82 99
83 88
83 86
84 91
84 92
86 87
87 91
89 93
90 99
90 94
90 91
91 95
95 97
