0 53
0 80
0 72
0 9
0 66
0 91
0 85
0 9
1 36
1 20
1 12
1 35
1 50
1 12
1 12
1 60
1 67
1 50
1 26
1 74
1 22
1 31
2 36
2 38
2 99
2 99
2 55
2 80
2 13
2 9
2 17
2 32
2 44
2 55
2 48
2 71
3 78
3 62
3 37
3 21
3 95
3 91
3 45
3 66
3 20
3 97
3 14
3 44
3 13
4 92
4 28
4 92
4 82
4 49
4 73
5 6
5 30
5 88
5 75
5 92
5 16
5 64
5 92
5 15
5 79
5 37
5 60
5 98
5 48
6 62
6 76
6 84
6 95
6 91
6 89
6 61
6 76
6 62
6 70
7 77
7 44
7 23
7 24
7 59
7 89
7 12
7 60
7 57
7 75
8 39
8 50
8 17
8 96
8 22
8 33
8 25
8 92
9 93
9 38
9 37
9 60
9 19
9 83
9 97
9 25
9 32
10 21
10 77
10 21
10 43
10 55
10 72
10 50
10 92
10 28
10 60
10 30
10 42
11 53
11 20
11 37
11 47
11 77
11 36
12 70
12 72
12 69
12 72
12 57
12 97
12 84
12 50
12 78
12 52
13 38
13 16
13 34
13 61
13 62
14 65
14 94
14 99
14 94
14 53
14 33
14 58
14 23
14 16
14 30
14 67
14 78
15 69
15 75
15 77
15 64
15 52
15 92
16 54
16 77
16 18
16 18
16 27
16 58
16 73
16 39
16 83
16 44
16 75
16 17
16 51
17 84
17 41
17 30
17 42
17 93
17 40
17 72
17 86
17 18
17 90
17 51
17 63
17 44
17 21
17 25
17 50
17 34
17 24
17 83
18 36
18 30
18 83
18 51
18 68
18 54
18 98
19 27
19 83
19 96
19 97
19 91
19 80
19 78
19 70
19 93
19 33
20 90
20 22
20 65
20 88
21 55
21 96
21 53
21 68
21 65
21 74
21 82
21 37
21 84
21 33
21 38
21 92
22 71
22 50
22 79
22 26
22 59
22 24
22 54
23 25
23 84
23 98
23 38
23 97
23 75
23 94
23 59
24 61
24 99
24 77
24 37
24 30
24 41
25 38
25 90
25 64
25 42
25 69
25 59
26 87
26 95
26 34
26 76
26 39
26 92
26 65
26 34
26 39
26 83
26 38
26 56
27 38
27 47
27 40
27 53
27 83
27 36
27 51
28 80
28 82
28 39
28 80
28 75
28 54
28 71
28 53
28 77
29 85
29 48
29 96
30 70
30 33
30 40
30 75
30 64
31 61
31 59
31 52
31 91
32 38
32 51
32 41
33 85
33 69
33 43
34 40
34 67
34 66
34 54
34 63
34 76
34 46
35 39
35 50
35 54
35 38
35 58
36 98
36 72
36 67
36 67
36 70
36 41
36 94
37 84
37 74
37 90
37 49
38 90
38 69
38 96
38 66
38 63
39 54
39 59
39 55
39 66
39 90
40 92
40 68
40 83
40 89
40 65
40 99
40 61
41 69
41 48
41 76
41 93
41 83
41 92
41 53
42 83
42 70
42 65
42 65
42 72
42 53
43 93
43 98
43 77
43 51
44 76
44 81
44 80
44 96
44 90
44 53
44 53
45 95
45 49
45 62
45 96
46 68
46 61
46 87
47 53
47 61
47 78
47 69
47 54
47 74
48 88
48 57
48 53
48 64
48 63
48 69
48 62
48 63
48 54
48 83
48 78
49 62
49 76
49 54
49 61
49 60
49 90
50 59
50 93
51 71
51 55
51 96
51 84
51 92
51 69
51 65
51 78
51 80
52 71
52 65
52 98
53 71
53 97
54 60
54 83
54 58
54 65
54 66
54 76
54 67
55 90
55 88
56 90
56 95
56 64
56 89
56 72
57 90
57 86
58 99
58 73
58 83
58 77
59 79
59 76
59 93
59 68
60 93
60 93
60 92
60 68
60 66
60 66
60 76
61 71
61 85
61 89
61 90
62 70
62 67
62 98
62 97
62 95
63 76
63 93
63 79
64 85
64 78
64 83
65 85
65 72
66 80
66 71
66 76
67 81
67 98
67 79
67 87
67 88
68 71
68 81
68 92
68 85
68 76
68 71
68 91
68 83
69 90
69 89
69 82
70 77
70 76
70 98
71 84
71 85
71 91
72 81
72 99
72 79
73 95
73 92
74 99
75 76
75 80
76 86
76 79
76 77
77 96
80 86
80 88
81 91
82 88
82 95
85 98
86 99
87 92
89 98
97 98
