0 27
0 27
0 79
0 26
0 4
0 24
0 2
0 1
0 47
0 93
1 43
1 32
1 60
1 4
1 18
1 91
1 62
1 12
1 15
1 8
1 52
2 67
2 54
2 87
2 93
2 52
2 31
2 49
2 10
2 83
2 70
2 55
2 83
2 13
3 28
3 63
3 71
3 60
3 9
3 24
3 24
3 49
3 52
3 55
3 78
3 99
3 98
3 38
4 79
4 19
4 12
4 59
4 20
4 46
4 18
4 88
5 96
5 94
5 92
5 81
5 27
5 80
5 64
5 18
5 91
5 92
5 99
6 43
6 81
6 19
6 20
6 65
6 95
7 24
7 28
7 72
7 17
7 41
7 23
7 81
7 64
7 90
7 9
7 87
7 30
7 72
7 41
8 88
8 83
8 74
8 55
8 43
8 24
8 93
8 39
8 59
8 82
8 73
8 53
8 68
8 89
8 72
8 33
9 35
9 49
9 14
9 41
9 63
9 89
9 76
9 14
10 19
10 54
10 48
10 86
10 47
10 60
10 18
10 72
10 55
10 56
10 12
10 50
10 59
10 85
11 42
11 17
11 35
11 19
11 86
11 78
11 35
12 36
12 98
12 86
12 95
13 67
13 64
13 61
13 61
13 86
13 30
13 41
13 57
14 35
14 77
14 28
14 40
14 83
14 65
14 91
14 34
14 61
14 47
15 32
15 71
15 20
15 99
15 16
15 73
15 61
15 35
15 98
16 78
16 45
16 63
16 70
16 29
16 57
16 18
16 18
17 35
17 55
17 34
18 77
18 57
18 73
18 46
19 23
19 43
19 61
19 63
19 68
19 42
19 84
19 32
19 36
20 91
20 57
20 75
20 72
20 77
20 99
20 35
21 90
21 64
21 98
21 33
21 73
21 87
21 66
21 71
21 95
22 92
22 58
22 55
22 29
22 49
22 71
22 41
22 36
22 40
23 29
23 41
23 65
24 59
24 74
24 46
24 38
25 45
25 42
25 37
25 67
25 96
25 65
25 78
25 51
25 46
25 58
26 44
26 76
26 56
26 85
26 56
26 42
26 52
26 73
26 85
26 71
26 71
27 46
27 80
27 48
27 42
27 45
27 28
27 34
28 37
28 92
28 94
28 81
28 53
28 42
28 76
28 55
28 90
28 43
28 80
29 72
29 43
29 84
29 92
29 76
29 80
30 41
30 70
30 60
30 82
30 68
30 31
30 72
30 42
30 80
30 45
30 40
32 50
32 73
32 36
32 81
32 39
32 65
32 92
32 37
32 65
32 68
33 59
33 98
33 99
33 72
33 77
34 78
34 68
34 45
34 76
34 73
35 82
35 82
35 45
35 56
36 94
36 64
36 58
36 41
36 67
36 97
37 43
37 40
37 38
38 77
38 69
38 44
38 50
39 76
39 41
39 50
39 93
39 89
39 86
39 52
40 79
40 77
40 60
40 58
40 50
40 67
40 50
40 64
41 71
41 95
41 97
41 64
41 66
42 59
42 78
42 93
42 68
42 86
42 46
42 47
42 89
43 80
43 45
43 69
43 64
43 94
44 48
44 66
44 71
44 48
45 66
45 82
45 54
46 78
46 83
46 56
47 79
47 98
47 66
48 50
48 95
48 96
48 92
49 88
49 87
49 77
49 70
49 93
49 92
49 69
50 52
50 60
51 60
51 52
51 64
51 92
51 99
51 61
51 82
51 94
52 57
52 93
53 97
53 78
54 67
54 70
54 85
54 62
54 80
55 70
55 94
55 93
55 98
55 71
56 83
56 72
56 98
57 62
57 68
57 84
57 68
58 67
58 88
58 80
58 75
58 88
58 94
59 77
59 90
59 61
59 83
60 83
60 84
60 74
60 75
61 77
61 89
61 92
61 70
62 71
63 66
63 90
63 75
63 82
63 64
64 77
64 72
64 68
64 76
64 96
64 85
65 79
65 76
65 75
65 98
65 95
66 82
66 96
66 68
66 98
66 74
66 91
67 78
67 73
67 82
67 76
67 91
68 72
68 85
68 82
68 85
68 77
69 84
69 92
69 97
69 72
70 84
72 98
72 77
72 96
72 83
73 91
73 96
74 82
74 79
74 97
75 98
76 85
76 80
76 80
76 92
76 84
76 94
76 80
76 94
77 86
77 89
77 96
77 99
77 86
77 89
77 94
79 92
79 84
80 89
80 93
82 98
83 87
83 86
83 95
85 96
87 92
88 94
88 91
89 91
90 95
90 93
90 99
91 94
91 94
96 98
