0 15
0 82
0 26
0 74
0 18
0 20
1 23
1 8
1 84
1 60
1 93
1 33
1 46
1 97
1 33
1 57
2 75
2 15
2 41
2 81
2 18
2 25
2 78
2 64
3 71
3 74
3 11
3 51
3 69
3 57
3 34
3 48
4 33
4 66
4 74
4 96
4 91
4 96
4 21
4 24
4 34
5 20
5 84
5 49
5 8
5 27
5 18
5 39
5 26
5 78
5 86
6 37
6 94
6 92
6 38
6 91
6 55
6 55
6 7
6 81
6 78
6 89
7 73
7 42
7 60
7 65
7 71
7 38
7 98
7 48
7 60
7 58
7 70
8 61
8 76
8 94
8 63
8 65
8 68
8 29
8 49
9 99
9 38
9 26
9 48
9 18
9 79
10 43
10 65
10 63
10 67
10 43
10 79
10 48
10 52
10 19
10 68
10 34
10 46
10 52
10 48
10 61
10 81
11 48
11 40
11 87
11 60
11 91
11 58
11 55
12 77
12 29
12 36
12 14
12 39
12 57
12 73
12 46
12 49
12 27
12 57
13 37
13 20
13 91
13 90
13 91
13 39
13 33
13 30
14 75
14 48
14 64
14 86
14 23
14 94
14 40
14 47
15 23
15 52
15 66
15 21
15 93
15 57
15 53
16 33
16 30
16 79
16 81
16 69
16 34
16 96
16 28
16 71
16 40
16 30
16 23
17 20
17 57
17 57
17 86
17 23
18 87
18 41
18 28
18 57
18 30
18 56
18 53
19 71
19 45
19 38
19 54
19 84
19 24
19 67
19 73
19 58
19 70
19 60
19 47
20 70
20 75
20 27
20 28
20 75
20 82
20 92
20 59
21 52
21 40
21 96
21 99
21 91
21 42
21 58
21 44
22 40
22 42
22 31
22 48
23 57
23 32
23 71
23 97
23 69
23 25
23 64
23 75
23 79
23 94
23 65
24 47
24 58
24 30
24 71
24 75
25 95
25 92
25 54
25 60
25 57
25 26
25 75
25 58
25 61
26 32
26 75
26 51
26 67
26 85
26 89
26 40
26 63
26 90
26 40
27 58
27 68
27 33
27 84
27 42
27 50
27 34
27 39
28 57
28 72
28 58
28 93
28 47
28 34
28 43
29 98
29 78
29 77
29 49
29 39
29 51
29 53
29 79
29 47
29 78
30 31
30 84
30 75
31 48
31 96
31 66
31 50
31 91
31 90
31 81
31 55
31 33
32 59
32 63
32 99
32 77
33 64
33 55
33 78
33 44
33 47
34 59
34 88
34 66
34 50
34 65
34 81
34 87
34 74
35 97
35 52
35 83
35 60
35 86
35 48
36 97
36 62
36 75
36 54
36 87
36 99
36 79
37 70
37 66
37 77
37 69
38 67
38 84
38 75
38 94
38 46
38 59
38 65
38 86
38 64
39 72
39 43
39 44
39 55
39 45
40 79
40 44
40 88
40 95
40 85
40 67
40 77
41 89
41 61
41 92
41 97
41 49
42 53
42 80
42 62
43 94
43 90
43 59
43 96
43 76
43 79
43 98
43 72
43 71
44 66
44 98
44 56
44 61
44 71
44 61
45 75
45 61
45 87
45 51
45 80
45 56
46 53
46 70
46 52
47 80
47 83
47 67
47 97
47 63
47 48
48 85
48 60
48 81
48 62
49 68
49 78
49 57
49 57
49 98
49 50
50 81
50 75
50 91
51 87
51 74
51 91
51 86
51 53
51 74
51 88
52 81
52 90
52 56
52 98
52 85
52 86
52 88
52 65
53 64
53 82
53 67
53 76
53 80
53 61
53 97
53 92
53 77
54 81
54 61
54 97
54 92
55 76
55 75
55 60
55 86
55 65
55 89
56 63
56 97
56 88
57 59
57 93
57 78
58 91
58 98
58 76
58 64
59 68
59 69
59 72
59 67
60 67
61 98
61 85
61 93
61 87
61 76
61 75
61 81
62 77
63 72
63 87
64 79
64 74
65 81
66 96
66 97
66 79
67 88
67 94
67 87
67 88
67 70
68 90
68 87
68 91
68 85
68 87
69 85
69 88
69 98
71 94
71 90
71 74
72 95
72 80
72 78
72 74
72 85
72 74
73 84
73 84
74 96
74 90
75 89
75 82
75 96
76 89
76 77
76 86
77 91
79 92
80 86
80 96
81 87
81 96
81 95
81 85
82 84
82 99
82 96
83 85
83 86
85 95
86 89
86 93
88 92
89 95
90 96
90 92
91 92
93 95
93 96
95 98
96 97
