0 54
0 85
0 42
0 28
0 31
0 18
0 68
0 51
0 18
0 90
1 2
1 54
1 22
1 22
1 44
1 79
1 59
1 29
1 65
1 98
1 61
1 86
1 92
1 64
1 28
1 79
2 47
2 53
2 72
2 32
2 92
2 76
3 25
3 12
3 51
3 37
3 75
3 53
3 94
3 5
3 75
3 73
3 49
4 95
4 56
4 19
4 66
4 72
4 68
4 7
4 9
4 9
4 10
4 56
4 49
5 15
5 69
5 63
5 83
5 50
5 29
5 65
5 30
5 44
5 28
5 59
6 22
6 30
6 23
6 70
6 71
6 46
6 97
6 38
6 67
6 96
6 42
7 87
7 35
7 76
7 45
7 82
7 42
7 13
7 86
7 10
8 90
8 41
8 59
8 15
8 90
8 41
8 60
8 41
8 46
8 25
9 38
9 83
9 36
9 47
9 84
9 99
9 57
9 45
9 12
9 27
10 36
10 13
10 47
10 99
10 54
10 11
10 41
10 31
10 41
10 22
10 93
10 95
10 54
10 31
11 34
11 87
11 90
11 58
11 41
11 96
11 13
11 20
11 97
11 37
12 62
12 57
12 46
12 26
12 93
13 89
13 37
13 40
13 24
13 20
13 76
13 61
14 49
14 98
14 55
14 17
14 77
14 53
14 88
14 75
14 85
14 54
14 57
14 72
14 95
15 30
15 22
15 82
15 58
15 70
15 61
15 44
15 87
15 45
15 40
15 64
16 40
16 52
16 92
16 53
16 78
16 44
17 51
17 71
17 49
17 69
17 73
17 88
18 90
18 43
18 39
18 45
18 64
18 35
18 38
19 65
19 59
19 25
19 89
19 97
19 80
20 89
20 66
20 38
20 39
20 27
20 91
20 83
20 28
20 89
20 51
20 50
20 46
20 29
20 26
20 33
21 22
21 96
21 91
21 22
21 23
21 54
21 72
22 44
22 92
22 66
22 83
22 23
22 75
22 84
22 72
23 75
23 64
23 48
23 67
23 67
24 96
24 72
24 32
24 51
24 77
24 52
25 54
25 87
25 81
25 84
25 84
25 47
25 69
25 96
26 87
26 83
26 66
26 79
26 32
26 42
26 76
26 85
26 38
26 58
26 56
27 82
27 94
27 84
27 38
27 81
27 33
27 92
28 86
28 80
28 32
28 50
28 61
28 40
29 72
29 83
29 42
29 45
29 79
29 36
30 60
30 44
30 58
30 47
30 64
30 89
30 49
31 63
31 67
31 66
31 43
31 96
32 40
32 80
32 92
32 68
32 36
33 59
33 68
33 78
33 92
33 76
33 42
33 92
33 46
34 40
34 57
34 62
34 74
34 67
34 39
34 86
34 91
34 55
34 51
35 86
35 45
35 75
35 92
35 53
35 41
36 76
36 68
36 76
36 56
36 41
36 60
37 53
37 92
37 80
37 82
37 79
38 55
38 42
38 50
38 94
38 47
38 40
38 74
39 81
39 48
39 60
39 77
39 73
39 60
39 54
39 78
39 96
40 90
40 91
40 73
41 91
41 65
41 61
41 98
42 57
42 82
42 43
42 80
42 50
42 81
42 88
43 83
43 76
43 70
43 60
43 95
43 61
43 54
44 53
45 93
45 53
45 66
45 82
45 85
45 54
45 81
46 47
46 54
46 75
46 87
46 47
46 77
46 82
46 79
47 68
47 73
47 48
47 53
48 64
48 98
48 61
48 65
48 97
48 66
49 77
49 76
49 81
50 59
50 93
50 87
50 66
51 54
51 70
51 59
51 89
51 53
51 68
51 62
52 68
52 73
52 55
52 57
52 61
53 86
53 80
53 54
53 65
54 92
54 57
54 67
54 64
55 97
55 92
55 61
55 62
56 71
56 99
57 84
57 61
57 98
58 60
59 94
59 93
59 78
60 66
60 96
60 80
60 76
61 77
61 67
61 94
62 64
62 85
62 81
62 84
63 72
63 67
63 77
64 79
64 78
64 80
64 70
64 85
65 93
65 68
65 97
65 95
65 74
65 94
65 92
66 94
66 85
67 72
68 91
68 73
68 81
68 89
69 86
69 76
69 77
70 85
70 97
70 93
71 72
71 92
71 99
71 98
72 96
72 89
73 88
73 78
74 85
74 87
75 99
75 98
76 85
77 80
77 98
77 87
77 90
77 81
77 88
77 90
78 79
78 79
80 93
81 94
81 85
82 94
82 93
82 98
87 97
88 94
89 95
89 95
91 92
92 97
93 95
97 98
