0 60
0 28
0 87
0 84
0 51
0 68
0 12
0 92
0 70
0 56
0 61
0 17
1 57
1 24
1 69
1 49
1 83
2 98
2 98
2 94
2 9
2 41
2 16
2 28
2 77
2 16
2 89
2 59
3 34
3 18
3 80
3 79
3 80
3 76
3 67
3 13
3 51
3 27
3 4
3 30
3 18
3 89
3 25
3 72
4 12
4 69
4 77
4 19
4 86
4 64
4 64
4 23
4 40
4 76
5 66
5 90
5 77
5 28
5 75
5 16
5 86
5 6
5 84
6 93
6 53
6 39
6 82
6 85
6 59
7 83
7 94
7 58
7 36
7 28
7 15
7 78
7 68
7 39
7 49
7 56
7 95
7 22
8 51
8 23
8 68
8 99
8 9
8 12
8 36
8 47
9 34
9 45
9 65
9 30
9 28
9 88
9 42
9 70
9 40
9 18
9 26
9 18
9 14
10 91
10 83
10 22
10 77
10 91
10 14
10 14
10 48
10 66
10 29
10 47
10 88
11 64
11 20
11 40
11 94
11 79
11 71
11 99
11 28
11 70
11 16
11 47
12 22
12 41
12 22
12 63
12 54
12 19
12 44
12 30
13 82
13 81
13 52
13 50
14 90
14 51
14 44
14 43
14 51
14 57
14 36
15 36
15 19
15 26
15 48
15 67
15 52
15 83
16 51
16 82
16 35
16 92
16 53
16 26
16 28
16 50
17 59
17 46
17 42
17 54
17 83
17 38
17 71
17 69
17 65
18 44
18 31
18 75
18 97
18 32
18 21
18 76
18 66
18 88
18 64
18 82
18 45
19 78
19 96
19 41
19 87
19 68
19 92
19 25
19 27
19 50
19 30
19 24
19 30
19 53
20 63
20 45
20 27
20 84
21 44
21 36
21 71
21 68
21 31
21 65
22 38
22 74
22 99
22 63
22 40
22 98
23 30
23 89
23 76
23 42
23 32
23 98
24 85
24 27
24 80
24 75
25 80
25 76
25 42
25 76
25 96
25 83
25 41
25 80
25 50
26 91
26 71
26 92
26 38
26 55
26 91
26 94
26 42
27 60
27 57
27 83
27 60
27 62
28 54
28 71
28 48
28 31
28 98
28 60
28 44
28 56
28 85
29 76
29 54
29 95
29 53
29 58
29 79
29 95
29 62
30 64
30 47
30 37
30 53
30 49
30 62
31 78
31 89
31 49
31 71
31 53
31 40
31 63
32 53
32 78
32 97
32 98
32 39
33 75
33 61
33 51
33 60
34 56
34 67
34 59
34 42
35 69
35 86
35 86
35 88
35 80
35 85
35 80
35 75
36 99
36 99
36 49
36 39
36 79
36 95
36 82
36 96
36 66
37 60
37 61
37 63
37 56
37 40
37 77
37 81
38 70
38 53
38 84
38 59
38 86
38 85
38 71
39 95
39 43
39 69
39 64
39 77
39 71
39 84
40 73
40 47
40 61
40 71
40 95
40 78
40 54
41 86
41 56
41 91
42 89
42 64
42 71
42 77
42 46
43 51
43 44
43 70
43 84
44 59
44 64
44 75
45 78
45 90
45 52
45 74
45 94
45 52
45 63
46 84
46 81
46 57
46 65
46 75
46 78
46 83
46 74
47 85
47 60
47 67
47 85
48 78
48 55
48 59
48 60
48 50
48 68
48 96
48 82
48 79
48 92
48 77
48 51
48 74
49 78
49 82
49 86
49 75
49 95
49 94
49 77
50 91
50 55
51 88
51 52
51 89
51 76
51 83
52 67
52 72
52 63
52 63
52 92
53 98
53 57
53 95
53 88
53 61
53 57
53 77
53 55
54 86
54 55
54 64
55 72
55 84
55 84
55 72
55 59
56 86
56 84
57 80
57 93
57 67
57 68
58 91
58 93
58 90
58 61
58 95
58 97
58 91
58 88
58 77
59 84
59 74
59 66
60 79
60 99
60 94
60 90
60 61
60 95
60 93
61 80
62 98
62 95
62 78
62 86
63 77
63 81
63 65
63 73
64 69
64 91
64 70
64 89
64 84
65 70
65 98
66 94
66 83
66 98
67 74
67 68
68 92
68 72
68 90
69 98
70 90
71 91
71 77
71 99
72 84
72 98
72 95
72 85
72 79
72 96
73 79
73 89
75 85
76 94
78 90
78 85
80 97
80 85
80 90
82 87
83 96
83 98
83 91
84 93
84 97
84 93
87 89
87 93
87 94
88 95
88 91
89 98
89 92
90 99
91 98
93 94
93 96
98 99
