0 5
0 48
0 47
0 20
0 78
0 74
0 72
0 20
0 15
1 78
1 98
1 9
1 46
1 24
1 7
1 82
1 96
1 12
2 8
2 73
2 41
2 13
2 74
2 17
2 57
2 56
2 4
2 24
2 56
2 43
2 86
3 13
3 97
3 23
3 93
3 22
3 66
3 50
3 30
3 30
3 86
4 10
4 5
4 73
4 9
4 5
5 17
5 59
5 21
5 72
5 66
5 69
5 84
5 91
5 54
5 96
6 61
6 35
6 29
6 61
6 47
6 92
6 21
6 94
6 27
7 90
7 45
7 16
7 93
7 9
7 46
7 83
7 17
7 22
7 44
8 14
8 33
8 86
8 95
8 94
8 70
8 45
8 23
9 82
9 30
9 97
9 82
9 34
9 89
9 65
9 58
9 67
9 35
10 96
10 51
10 68
10 11
10 60
10 25
10 67
10 62
10 56
10 70
10 65
10 48
10 50
10 17
11 67
11 79
11 63
11 52
11 96
11 54
11 34
11 36
11 96
11 25
11 78
11 76
11 29
12 32
12 31
12 41
12 37
12 96
12 58
12 21
12 32
13 39
13 55
13 89
13 64
13 72
13 44
13 37
13 65
13 70
13 48
13 53
13 29
13 40
13 71
13 44
14 27
14 89
14 70
14 27
14 56
14 57
14 69
14 89
14 91
14 31
15 96
15 33
15 39
15 85
15 38
15 42
15 40
15 44
15 69
15 89
15 30
16 19
16 18
16 19
17 78
17 86
17 23
17 77
17 88
18 81
18 61
18 43
18 31
19 32
19 50
19 25
19 96
19 47
20 28
20 67
20 97
20 49
20 92
21 76
21 61
21 88
21 82
21 27
21 33
21 31
21 43
21 93
21 69
21 71
21 70
22 60
22 33
22 69
22 60
23 44
23 75
23 81
23 73
23 47
23 84
23 64
23 57
24 25
24 64
25 40
25 62
25 66
25 49
25 59
25 57
25 69
26 57
26 50
26 63
26 67
26 87
26 69
26 67
27 74
27 94
27 99
27 99
27 94
28 91
28 33
28 76
28 57
28 91
28 96
28 35
28 34
28 87
28 83
28 55
29 73
29 46
29 82
29 65
29 92
29 50
29 51
30 54
30 92
30 32
30 32
30 42
30 89
30 57
30 42
30 64
30 93
30 38
31 46
31 55
31 48
31 97
32 55
32 45
32 93
32 75
32 44
32 89
32 65
32 55
32 63
32 71
32 38
33 68
33 85
33 56
33 46
33 63
33 51
33 60
34 89
34 75
34 39
34 98
34 62
35 69
35 55
35 68
35 80
35 37
35 89
35 63
35 68
35 90
35 94
36 45
36 86
36 49
36 65
36 79
36 64
36 99
36 80
36 94
37 78
37 71
37 84
37 95
37 83
37 77
38 88
38 83
38 71
38 98
38 40
39 78
39 57
39 88
39 52
39 67
39 85
39 73
39 49
40 47
40 56
40 55
40 51
40 79
40 46
40 91
40 46
40 49
40 49
40 59
41 61
41 46
41 43
41 75
42 81
42 52
42 68
42 55
42 44
42 87
43 77
43 80
43 48
43 90
43 87
44 96
44 87
44 70
44 73
44 68
44 64
44 63
45 73
45 62
45 92
45 91
46 53
46 89
47 53
47 70
47 70
47 58
47 96
47 87
47 63
47 75
48 86
48 49
48 90
48 98
48 89
49 85
49 81
49 93
49 53
49 74
50 70
50 62
50 68
50 83
50 89
50 66
50 81
50 70
50 79
52 55
53 62
53 58
53 81
53 92
54 94
54 57
54 79
54 74
54 58
55 62
55 89
55 57
55 71
55 95
56 93
56 90
56 76
56 65
56 72
56 87
57 99
57 86
57 97
57 86
58 59
58 75
58 73
58 90
59 95
59 95
60 72
60 71
60 93
60 68
61 67
61 99
61 95
61 80
61 83
62 85
62 96
62 70
62 81
62 94
63 92
63 74
63 70
64 91
64 88
64 92
65 91
65 69
66 98
66 77
66 84
67 96
67 86
67 78
67 75
67 84
68 69
68 74
69 94
69 88
69 81
70 96
70 81
71 74
71 88
71 90
71 98
71 98
71 80
71 79
71 76
72 74
72 80
73 77
75 98
75 80
76 80
76 91
76 83
76 79
77 89
77 82
77 88
77 85
78 90
78 82
79 96
79 86
80 95
82 92
82 92
82 97
83 95
86 93
87 92
87 94
87 96
87 88
89 99
90 96
90 96
91 93
95 97
98 99
