0 54
0 24
0 62
0 33
0 40
0 33
0 47
0 89
0 64
0 33
0 76
0 64
0 22
0 97
1 54
1 33
1 50
1 15
1 19
1 84
1 98
1 78
1 33
1 90
1 54
2 92
2 64
2 5
2 26
2 94
2 32
3 45
3 46
3 94
3 23
3 43
4 94
4 29
4 99
4 91
4 33
4 49
4 29
4 5
4 19
4 91
4 26
5 89
5 30
5 95
5 74
5 81
5 91
5 41
5 32
5 18
6 40
6 93
6 82
6 67
6 12
6 10
6 22
7 59
7 52
7 73
7 65
7 72
7 43
7 64
7 45
8 29
8 42
8 84
8 22
8 42
8 93
8 61
8 75
8 99
8 98
8 50
9 92
9 65
9 71
9 28
9 92
10 30
10 73
10 26
10 68
10 80
10 41
10 18
10 51
10 69
10 77
11 44
11 22
11 37
11 61
12 93
12 60
12 53
12 61
12 89
12 31
13 82
13 56
13 80
13 77
13 36
13 85
13 99
13 25
14 56
14 27
14 63
14 26
14 83
14 16
14 58
15 91
15 61
15 54
15 37
15 39
15 81
15 92
15 91
15 19
15 39
15 23
15 65
16 57
16 76
16 79
16 26
16 76
16 53
16 81
16 62
16 36
16 72
16 84
16 19
17 66
17 52
17 98
17 80
17 68
17 95
17 96
17 72
17 88
17 90
18 20
18 26
18 64
18 35
18 21
18 30
18 89
18 58
18 49
18 26
18 29
18 62
18 41
18 73
18 58
18 30
18 47
18 25
18 71
19 26
19 65
19 71
19 79
19 82
19 43
19 76
19 87
19 82
19 59
19 73
19 24
19 44
20 71
20 73
20 40
20 86
20 73
20 42
20 33
20 91
20 92
21 66
21 81
21 23
21 53
21 74
21 52
21 36
22 89
22 77
22 88
22 60
22 71
22 96
22 89
22 24
23 86
23 56
23 54
23 24
23 25
23 44
23 33
23 61
23 79
23 82
23 44
24 52
24 84
24 97
24 80
24 52
24 64
24 33
24 38
25 47
25 46
25 34
25 86
25 57
25 39
25 35
25 93
25 72
25 97
26 75
26 71
26 93
26 45
26 34
26 44
26 52
26 47
26 94
27 95
27 71
27 92
27 82
27 80
27 66
28 62
28 38
28 45
28 78
28 33
28 62
29 38
29 96
29 71
29 77
30 57
30 63
30 43
30 60
30 42
30 48
30 78
31 41
31 54
31 69
31 33
32 97
32 81
32 84
32 66
33 40
33 97
33 70
33 69
33 70
33 56
33 86
33 95
33 36
33 84
34 43
34 45
34 43
34 97
35 63
35 70
36 90
36 42
37 75
37 84
37 62
37 88
38 83
38 54
38 48
38 56
38 99
38 54
38 65
38 75
39 80
39 77
39 76
39 73
39 84
40 91
40 57
41 94
41 52
41 60
41 79
42 97
42 58
42 57
42 58
42 98
42 62
42 63
42 63
42 49
43 52
43 53
43 65
43 66
43 70
43 51
43 50
43 58
43 65
43 71
44 55
44 95
44 51
44 58
44 94
44 96
45 96
45 95
45 66
45 92
45 64
45 75
45 98
45 98
45 66
46 58
46 95
47 97
47 59
47 55
47 89
48 78
48 68
48 80
48 68
48 86
48 95
48 94
49 57
49 85
49 88
49 94
49 91
49 69
49 57
50 62
50 64
50 88
50 59
50 88
50 82
51 63
51 79
51 87
51 53
51 99
51 88
52 70
53 69
53 95
54 73
54 79
54 84
54 56
54 92
54 57
55 85
55 95
55 92
55 92
55 71
56 63
56 97
56 78
57 93
57 58
57 85
58 92
58 71
58 96
58 79
58 95
59 81
59 66
59 73
59 87
59 76
59 62
59 65
60 76
60 99
60 85
60 94
60 75
60 61
61 79
61 68
61 91
62 74
62 67
62 80
62 75
62 81
63 66
63 77
63 81
64 75
64 96
64 85
64 68
66 85
66 75
66 68
66 90
67 81
67 97
67 95
68 72
68 73
68 89
68 91
69 78
69 78
70 84
70 80
70 81
70 75
70 97
70 76
70 75
71 81
71 95
71 94
71 91
72 98
72 90
73 85
73 85
73 80
74 86
74 88
74 95
75 88
76 87
76 91
77 94
77 96
78 80
79 91
80 98
80 88
81 83
82 92
82 97
82 88
84 90
85 88
85 98
86 91
88 99
89 90
89 92
90 99
90 91
92 94
92 97
95 97
95 99
97 99
