0 75
0 46
0 15
0 52
0 37
0 30
0 50
0 1
0 67
0 82
0 59
1 64
1 79
1 32
1 41
1 87
1 67
1 62
1 85
1 65
1 47
1 61
2 49
2 25
2 14
2 69
2 80
2 36
2 51
2 55
2 62
2 62
2 23
2 28
3 25
3 23
3 61
3 11
4 30
4 50
4 51
4 79
4 30
5 25
5 10
5 10
5 82
5 89
5 19
5 46
5 26
5 52
5 47
5 76
5 26
5 57
6 46
6 81
6 8
6 23
6 25
6 33
6 78
6 11
6 13
6 37
6 25
6 94
6 79
6 58
7 53
7 98
7 38
7 67
7 29
7 96
7 30
7 15
7 16
7 30
8 25
8 31
8 19
8 55
8 52
8 67
8 25
8 28
8 42
8 25
8 63
8 57
9 37
9 55
9 46
9 22
9 10
9 53
9 25
9 68
10 93
10 42
10 44
10 35
10 90
10 95
10 92
10 43
10 96
10 76
11 28
11 67
11 83
11 27
11 51
11 14
11 97
12 81
12 64
12 95
12 57
12 96
12 13
12 76
12 58
13 18
13 72
13 71
13 33
13 31
13 19
13 77
13 59
13 52
13 36
13 15
14 96
14 66
14 22
14 36
14 17
14 24
14 23
15 46
15 28
15 89
15 80
15 94
15 92
15 68
15 24
15 31
15 61
15 36
16 89
16 57
16 45
16 62
16 91
16 69
16 81
16 35
16 80
16 98
16 48
16 70
16 41
17 49
17 56
17 23
17 93
17 42
17 70
17 95
17 53
18 81
18 70
18 55
18 25
18 33
19 71
19 55
19 56
19 59
19 27
19 93
19 79
19 43
20 91
20 94
20 98
20 23
20 88
20 41
21 74
21 23
21 25
21 38
21 25
21 91
21 40
21 67
21 64
21 48
21 47
21 85
22 44
22 44
22 56
22 46
22 95
22 54
22 67
22 44
22 24
23 50
23 50
23 66
23 51
23 25
23 76
23 26
23 57
23 56
23 55
23 62
23 80
24 74
24 49
24 28
24 67
24 30
24 96
24 49
24 40
24 31
25 74
25 70
25 37
25 29
25 63
25 52
25 83
25 50
25 52
26 83
26 79
26 65
26 27
26 58
26 89
27 66
27 56
27 96
27 59
27 50
27 30
27 34
27 92
27 95
27 52
27 79
28 79
28 68
28 69
29 83
29 57
29 37
30 96
30 86
30 86
30 39
30 67
30 35
30 31
30 66
30 50
30 48
30 63
31 68
31 95
31 44
31 97
31 52
31 95
31 69
31 45
32 39
32 53
32 53
32 84
32 70
32 88
33 84
33 90
33 75
33 94
33 46
33 76
33 46
34 96
34 98
34 65
35 80
35 39
35 74
35 62
35 41
35 57
35 63
35 89
36 71
36 68
36 91
36 79
36 64
36 84
36 73
37 99
37 99
37 47
37 90
37 79
37 79
37 77
38 91
38 75
38 56
38 99
38 42
39 41
39 65
39 84
39 59
39 61
40 65
40 81
40 55
40 62
40 58
40 90
40 73
41 74
41 44
42 87
42 52
42 80
42 48
42 57
43 70
43 98
43 59
43 78
43 57
43 97
43 96
43 85
43 75
44 76
44 64
44 72
44 80
44 55
44 47
44 61
44 98
44 78
44 79
45 69
45 60
45 67
45 74
45 83
45 51
46 73
46 52
46 64
46 76
46 56
46 83
47 84
47 55
47 73
48 61
48 91
48 97
48 80
48 54
48 66
48 51
48 53
48 54
49 94
49 51
50 53
50 77
50 97
50 71
50 83
50 51
51 86
51 91
51 96
51 85
51 89
51 90
51 79
51 75
51 92
52 76
52 98
52 69
52 98
53 70
53 80
53 64
54 55
54 68
54 82
55 56
55 93
56 87
56 77
56 73
56 80
57 71
57 65
57 72
57 97
58 82
58 70
58 67
58 60
58 66
58 72
58 92
59 68
59 89
59 62
59 88
59 66
60 67
60 94
60 96
60 82
60 85
61 63
61 67
61 89
62 70
62 67
62 97
62 73
63 70
63 76
63 93
64 73
64 75
65 75
66 88
66 96
67 71
68 77
69 92
70 83
70 95
71 72
71 76
71 75
72 74
72 76
73 75
74 92
74 79
74 86
75 94
75 97
76 85
76 81
76 92
77 95
77 91
79 83
79 81
80 89
80 93
80 86
81 92
81 88
82 98
83 99
84 93
86 96
88 94
88 99
89 98
89 98
90 95
92 93
95 98
