0 36
0 76
0 34
0 98
0 59
0 19
0 87
0 5
0 55
0 33
0 24
1 56
1 58
1 65
1 50
1 64
1 93
1 37
1 87
1 77
1 51
2 3
2 95
2 96
2 77
2 3
2 52
2 87
2 36
2 53
2 49
3 62
3 21
3 54
3 81
3 64
3 87
3 73
3 60
3 72
3 32
4 52
4 22
4 62
4 53
4 96
4 44
4 16
4 77
4 55
4 64
4 36
5 34
5 14
5 40
5 77
5 86
5 52
5 47
5 9
5 46
5 56
5 23
5 59
5 15
5 43
5 94
5 88
6 27
6 11
6 49
6 29
6 47
6 81
6 72
6 24
6 41
6 84
6 78
6 44
6 54
6 24
6 52
6 93
7 75
7 62
7 81
7 57
7 59
7 60
7 70
7 60
8 15
8 62
8 46
9 47
9 91
9 43
9 42
9 53
9 35
9 99
9 45
9 93
9 41
10 21
10 74
10 50
10 70
10 82
10 80
10 71
10 85
10 46
10 93
10 11
10 54
10 96
10 98
10 39
10 44
10 31
10 47
11 39
11 82
11 12
11 26
11 97
11 15
12 92
12 15
12 76
12 29
13 82
13 86
13 93
13 97
13 71
13 53
13 33
13 75
13 84
13 99
13 96
14 71
14 86
14 57
14 47
14 70
14 89
14 19
15 92
15 86
15 62
15 95
15 84
16 77
16 96
16 77
16 73
16 68
16 28
16 43
16 46
16 25
17 50
17 97
17 96
17 81
17 93
17 23
17 51
17 22
17 29
18 46
18 78
18 81
18 69
18 88
18 39
18 20
18 46
18 89
18 93
18 47
19 24
19 94
19 83
19 86
19 65
19 93
19 89
20 77
20 53
20 27
20 33
20 28
20 96
20 43
21 42
21 23
21 36
21 79
22 54
22 84
22 54
23 69
23 68
23 81
23 71
23 31
23 81
23 77
23 28
23 52
24 65
24 60
24 32
24 41
24 46
24 85
24 74
24 67
24 97
25 78
25 75
25 71
25 88
25 63
25 86
25 89
25 58
25 29
26 73
26 79
26 42
26 75
26 46
26 68
26 44
26 45
26 42
27 90
27 54
27 69
27 47
28 43
28 52
28 48
28 72
28 31
28 55
28 44
29 33
29 48
29 87
29 38
29 98
29 86
30 31
30 99
30 77
30 96
30 78
30 42
30 76
30 44
30 39
31 59
31 80
31 86
31 50
31 69
31 62
31 94
31 54
31 81
32 34
32 75
32 45
32 45
32 84
32 33
32 85
32 42
33 81
33 63
33 74
33 90
33 39
34 76
34 46
34 74
34 51
35 84
35 54
35 72
35 69
35 68
35 93
35 37
35 73
35 41
36 53
36 94
36 63
36 44
37 79
37 46
37 51
37 69
37 92
37 69
37 62
38 43
38 81
38 52
39 76
39 53
39 69
39 42
39 93
39 61
39 49
40 64
40 95
40 49
40 57
40 88
40 73
40 55
41 58
41 95
41 85
41 42
41 44
41 75
41 43
42 99
42 75
42 56
42 86
42 89
42 87
43 77
43 89
43 94
44 91
44 49
44 77
44 48
44 47
44 86
44 62
44 54
45 68
45 90
45 53
45 62
45 66
45 50
45 90
46 52
46 74
46 91
46 85
47 58
47 86
47 75
47 55
47 82
47 97
47 50
47 67
48 67
48 49
48 49
48 66
48 60
48 70
48 78
48 68
48 71
48 74
49 89
49 93
50 71
50 89
50 73
50 58
51 90
51 78
51 65
51 74
51 55
51 89
52 61
52 87
52 92
52 66
53 98
53 89
53 78
53 75
54 82
54 57
54 79
54 68
54 77
54 71
54 99
54 98
54 96
55 93
55 84
55 60
55 73
55 87
55 65
57 72
57 97
57 74
57 89
58 63
59 78
59 87
59 65
59 77
59 93
59 68
60 64
60 92
60 71
60 67
61 93
61 81
62 95
62 82
63 73
63 91
63 89
63 98
64 73
64 69
64 92
64 84
65 85
65 90
65 98
65 98
66 80
68 69
68 94
69 98
69 98
69 82
69 87
69 98
69 84
70 79
70 97
70 87
70 77
71 89
71 99
71 90
71 84
72 89
72 83
72 75
73 75
74 85
74 92
74 91
75 77
75 90
75 81
76 79
76 91
77 87
77 90
78 87
78 83
79 85
81 95
81 86
81 85
82 89
82 86
83 97
84 94
85 97
86 92
86 87
87 91
87 92
88 89
88 96
89 96
97 99
