0 18
0 97
0 3
0 48
0 6
0 87
0 70
0 67
0 23
0 21
0 57
1 20
1 86
1 48
1 38
1 98
1 13
1 87
1 8
1 23
2 25
2 72
2 20
2 65
2 62
2 31
2 64
2 58
2 3
3 42
3 71
3 19
3 67
3 10
3 48
4 15
4 7
4 77
4 9
4 41
5 17
5 56
5 87
5 47
5 26
5 21
5 89
6 81
6 97
6 95
6 21
6 9
6 62
6 52
6 38
6 31
6 78
6 93
7 68
7 44
7 96
7 85
7 29
7 29
7 50
7 97
7 49
7 75
7 31
8 29
8 53
8 51
8 75
8 37
8 73
8 29
8 66
8 34
8 34
9 83
9 28
9 71
9 42
10 11
10 66
10 34
10 77
10 57
10 85
10 18
10 93
11 43
11 83
11 47
11 36
11 28
11 15
11 69
11 20
11 97
11 92
11 64
11 20
12 59
12 52
12 93
12 28
12 86
13 61
13 72
13 59
13 55
13 82
13 52
13 22
13 95
14 75
14 97
14 69
14 69
14 16
14 38
14 66
14 27
14 67
14 29
15 31
15 81
15 17
15 93
15 55
15 96
15 90
15 58
15 70
15 67
16 26
16 79
16 94
16 43
16 92
16 23
16 52
16 54
17 79
17 36
17 81
17 42
17 59
17 28
17 89
17 34
17 28
17 41
17 77
17 97
17 91
18 95
18 38
18 91
18 74
18 22
18 92
18 48
18 80
18 54
18 74
18 90
19 89
19 51
19 83
19 63
19 98
19 86
19 86
19 61
19 90
20 37
20 59
20 27
20 81
20 79
20 23
21 27
21 79
21 58
21 56
21 48
21 99
21 86
21 40
22 68
22 90
22 88
22 41
22 47
22 95
22 84
22 84
22 26
23 63
23 54
23 36
23 65
24 45
24 64
24 31
24 81
24 64
24 80
24 57
25 45
25 57
25 69
25 74
25 74
25 36
26 86
26 63
26 63
26 77
26 34
26 45
26 46
27 29
27 82
27 39
27 60
27 38
28 71
28 42
28 69
28 40
28 52
28 67
28 55
28 75
28 98
29 74
29 68
29 33
30 58
30 71
30 32
30 34
30 66
30 38
30 76
31 72
31 64
31 71
31 93
31 97
31 44
31 87
31 64
31 92
31 45
31 38
32 37
32 86
32 58
32 75
32 43
32 54
33 75
33 44
33 98
33 78
34 48
34 61
34 97
34 48
34 78
34 67
34 76
34 60
35 37
35 80
35 86
35 45
35 96
35 92
35 42
35 98
36 75
36 83
36 52
36 73
36 80
36 96
36 46
36 80
36 85
36 52
36 69
36 40
36 65
37 74
37 68
37 69
37 42
38 54
38 93
38 84
38 65
38 94
38 82
38 56
39 82
39 67
39 54
39 43
40 87
40 65
40 60
40 90
41 98
41 70
41 66
41 97
41 96
41 87
41 62
41 63
41 56
42 55
42 73
42 79
42 57
42 91
42 92
42 80
43 55
43 90
43 59
44 54
44 81
44 50
44 76
44 51
44 74
44 72
45 57
45 63
45 91
45 93
45 48
45 77
46 99
46 63
46 85
47 57
47 94
47 96
47 50
47 57
48 98
48 56
48 53
48 63
48 94
48 83
48 62
48 96
48 65
48 49
48 51
49 68
49 79
49 73
49 70
49 61
49 81
50 88
50 55
50 92
50 56
50 68
51 94
51 89
52 89
52 91
53 68
53 92
53 57
53 75
53 71
54 65
54 90
54 89
54 82
54 95
55 83
55 80
55 85
55 82
55 74
55 68
56 64
56 98
56 87
56 93
56 81
56 68
56 93
57 92
57 88
58 70
59 87
60 80
60 66
60 90
60 87
61 71
61 75
61 89
61 72
61 68
61 90
61 64
62 63
62 78
62 94
63 88
63 91
63 77
63 72
63 93
64 91
64 97
64 97
64 79
64 78
65 68
65 75
66 75
66 93
66 86
66 72
66 87
67 92
67 97
67 82
67 76
67 82
68 88
68 73
69 89
69 93
69 83
70 73
70 91
70 79
71 79
71 77
71 92
71 73
72 79
72 99
72 75
72 96
73 79
73 91
74 97
74 80
74 81
74 95
75 77
76 99
76 98
76 99
77 85
77 84
78 92
78 92
79 91
79 82
80 86
81 86
81 97
81 90
81 85
81 99
81 94
82 96
83 99
84 88
84 98
84 98
84 92
85 96
85 91
85 95
86 91
86 97
88 92
89 90
92 95
94 98
