0 72
0 70
0 33
0 65
0 57
1 29
1 63
1 63
1 88
2 74
2 68
2 27
2 77
2 64
2 41
2 95
2 52
2 81
2 67
2 47
2 63
2 25
3 54
3 30
3 10
3 88
3 7
3 59
3 60
3 21
3 97
3 23
3 84
3 38
3 56
3 34
4 90
4 21
4 90
4 64
4 26
4 60
4 61
4 12
5 51
5 68
5 50
5 15
5 8
5 31
5 98
5 96
5 17
5 56
5 98
5 64
6 65
6 25
6 28
6 52
6 41
6 57
6 96
6 55
6 37
6 75
6 25
6 79
6 16
7 64
7 20
7 20
7 67
7 79
7 41
8 55
8 28
8 49
8 71
8 53
8 27
8 92
8 70
8 47
9 95
9 63
9 90
9 70
9 74
9 96
9 27
10 98
10 43
10 83
10 17
10 12
10 80
11 38
11 59
11 90
11 92
11 39
11 86
11 15
11 23
11 74
11 88
11 93
12 91
12 32
12 79
12 99
12 26
12 95
12 76
13 53
13 53
13 54
13 57
14 80
14 90
14 88
14 74
14 46
14 90
14 84
15 87
15 63
15 54
15 43
15 22
16 42
16 91
16 61
16 58
16 52
16 24
16 93
16 95
17 61
17 41
17 84
17 23
17 58
17 91
17 48
17 89
17 52
17 58
18 83
18 20
18 44
18 40
18 52
18 69
18 86
18 93
18 55
18 37
19 97
19 49
19 99
19 36
19 66
19 36
19 26
19 78
20 90
20 41
20 51
20 71
20 99
20 43
20 81
20 44
20 88
20 56
20 72
20 29
20 60
20 74
20 34
20 95
20 72
20 63
20 51
21 34
21 41
21 29
21 36
21 88
21 72
22 61
22 97
22 31
22 43
22 59
22 33
22 51
22 98
23 78
23 89
23 89
23 27
24 51
24 58
24 43
24 53
25 80
25 78
25 72
25 57
25 46
25 73
25 47
25 52
25 90
26 35
26 69
26 73
26 27
27 43
27 30
27 97
27 97
27 71
27 90
27 54
27 32
27 70
27 66
27 95
28 39
28 42
28 94
28 35
28 92
28 63
28 53
29 79
29 66
29 67
30 96
30 90
30 71
30 99
30 62
30 97
30 91
30 86
30 76
30 53
31 68
31 99
31 88
31 83
31 63
31 84
31 44
31 89
32 68
32 94
32 90
32 53
32 78
32 98
32 40
33 44
33 72
33 51
33 89
33 71
34 94
34 79
34 91
35 43
35 63
35 44
35 76
35 90
35 71
35 75
35 49
35 37
36 78
36 56
36 86
36 59
36 75
36 62
37 40
37 65
37 38
37 98
37 94
37 92
37 63
38 45
38 72
38 67
38 83
38 67
38 61
39 78
39 75
39 89
39 76
39 66
39 58
39 60
39 72
39 69
39 56
40 66
40 94
40 84
40 74
40 42
40 57
40 48
40 46
40 64
40 57
41 88
41 98
41 70
41 66
41 47
41 90
41 44
41 48
41 64
41 91
41 58
41 63
42 57
42 53
42 69
42 45
42 54
42 53
42 89
43 84
43 81
43 66
43 46
43 44
43 48
44 92
44 79
44 53
44 60
44 85
44 96
45 64
45 56
45 71
45 51
45 62
45 67
45 47
45 49
45 73
45 91
46 53
46 75
46 87
46 69
46 85
46 68
47 48
47 83
47 93
47 88
47 74
47 95
48 56
48 83
48 65
48 90
48 78
48 91
48 53
49 51
49 99
49 96
49 76
49 71
50 85
50 57
50 65
50 89
50 74
50 52
50 71
51 58
51 91
51 76
51 61
51 72
52 77
52 58
52 70
52 92
52 94
53 58
53 79
53 64
53 77
53 99
54 92
54 74
55 95
55 61
55 85
55 77
55 58
56 95
56 97
57 91
57 82
58 89
58 98
58 71
58 76
58 65
59 76
59 76
59 94
59 81
60 92
60 86
61 74
61 89
62 99
62 97
62 71
62 78
62 64
62 78
62 66
62 98
62 84
63 87
63 66
64 93
65 95
65 77
66 91
67 76
67 79
67 98
70 99
71 97
71 76
71 98
71 80
71 81
71 99
72 98
72 97
72 81
72 85
73 94
73 88
74 94
74 92
74 80
74 83
75 77
75 92
76 96
76 81
76 85
77 97
77 92
77 84
77 87
79 99
79 90
79 81
79 82
79 91
80 86
80 98
80 86
81 87
82 99
82 92
83 88
84 88
85 89
86 98
86 98
87 89
87 98
89 92
91 96
92 98
95 98
