0 71
0 3
0 4
0 68
0 30
0 19
1 10
1 35
1 33
1 41
1 58
1 86
1 17
1 18
1 57
1 39
2 42
2 19
2 57
2 56
2 45
2 63
2 60
2 88
2 79
2 18
3 22
3 21
3 12
3 53
3 81
3 79
3 17
4 78
4 36
4 70
4 91
4 37
4 34
4 94
4 37
4 44
4 29
4 21
5 67
5 78
5 7
5 81
5 26
5 95
5 79
5 47
5 97
5 17
5 23
6 20
6 96
6 47
6 81
6 14
6 68
6 80
6 89
6 69
6 11
6 76
6 65
6 23
7 91
7 80
7 17
7 51
7 70
7 75
7 35
7 34
7 23
7 94
7 92
7 70
7 12
8 75
8 18
8 25
8 28
9 51
9 53
9 50
9 91
9 37
9 61
9 84
9 25
9 46
9 76
9 60
9 17
9 39
9 32
9 84
10 43
10 98
10 16
10 86
10 50
10 84
10 58
10 51
10 31
10 66
10 29
11 89
11 15
11 47
11 85
11 39
11 56
11 60
11 61
11 33
11 64
12 34
12 53
12 21
12 86
12 46
12 26
12 58
12 74
12 53
12 75
13 47
13 98
13 64
13 28
13 85
13 70
13 93
13 92
13 57
13 60
13 47
13 27
13 70
14 60
14 55
14 79
14 32
14 53
14 58
15 98
15 99
15 39
15 53
15 60
15 53
15 17
15 22
15 75
15 46
15 48
15 23
15 48
16 49
16 58
16 69
16 33
16 98
16 26
16 23
16 51
17 90
17 96
17 29
17 81
18 60
18 49
18 74
18 64
18 85
18 33
18 82
19 24
19 74
19 29
19 43
19 27
19 58
19 46
19 52
19 53
20 60
20 40
20 35
20 28
20 39
20 83
20 94
20 57
20 29
20 29
21 75
21 40
21 87
21 45
21 94
21 45
21 76
21 66
21 92
22 70
22 95
22 75
22 82
22 90
22 73
22 93
22 80
23 50
23 65
23 46
23 28
23 83
23 56
23 41
23 73
23 90
23 84
23 35
24 45
24 75
24 93
24 95
24 32
25 39
25 55
25 27
26 74
26 76
26 80
26 54
26 82
27 92
27 67
27 34
27 98
27 48
28 53
28 75
28 48
28 69
29 38
29 92
29 71
29 94
29 53
29 81
30 83
30 97
30 86
30 97
31 97
31 96
31 57
31 89
31 81
31 43
31 44
32 34
32 72
32 50
32 78
32 53
33 70
33 51
33 53
33 48
33 64
33 37
33 34
34 44
34 35
34 37
34 41
34 96
34 46
35 95
35 38
35 39
35 98
35 64
36 42
36 94
36 83
36 71
36 37
36 46
36 94
36 88
37 70
37 72
37 99
37 39
37 78
37 67
37 85
37 87
37 92
37 90
37 84
38 96
38 43
38 51
38 94
38 48
39 51
39 52
39 94
39 60
39 74
39 44
39 64
39 99
40 87
40 55
40 73
40 94
40 73
40 68
41 84
41 62
41 79
41 79
41 47
41 84
41 48
42 69
42 44
42 99
42 55
42 66
43 73
43 48
43 46
43 98
43 63
44 86
44 91
44 65
44 76
44 46
45 50
45 94
45 82
45 69
45 62
45 48
45 61
45 91
45 86
46 75
46 79
46 57
46 81
47 48
47 90
47 79
47 51
47 99
47 65
48 73
49 86
50 96
50 71
50 99
50 79
50 78
50 84
50 78
50 56
50 61
51 91
51 94
51 65
51 92
51 81
51 88
52 62
52 89
53 71
53 55
53 79
53 63
54 67
54 60
54 74
54 87
54 63
54 96
54 59
54 84
55 99
55 88
55 70
55 59
56 84
56 85
56 82
57 88
57 80
57 69
57 87
57 94
58 94
58 82
58 71
58 65
59 75
59 93
60 74
60 88
61 76
61 92
61 78
61 73
61 89
62 84
62 70
62 86
62 77
62 65
62 86
63 97
63 98
63 87
63 75
63 93
63 97
64 79
64 67
64 88
64 67
64 98
64 85
64 83
64 73
65 96
65 79
65 96
65 91
65 76
66 67
66 71
66 78
66 98
66 95
66 80
67 97
68 99
68 72
68 69
69 75
69 94
70 91
70 88
70 93
71 83
71 72
71 72
71 78
72 85
72 76
74 94
74 78
75 95
75 82
75 93
77 94
78 95
79 87
79 84
80 86
81 99
82 93
83 89
84 85
85 93
85 92
86 91
86 93
87 90
88 95
88 98
88 93
89 99
89 93
90 98
91 98
94 96
98 99
