0 81
0 15
0 5
0 71
0 71
0 28
0 73
0 29
1 15
1 70
1 81
1 65
1 64
1 92
1 26
1 81
1 72
1 41
2 46
2 73
2 38
2 23
2 18
2 77
2 60
2 82
2 91
2 40
3 40
3 78
3 83
3 14
3 47
3 82
3 8
3 44
4 80
4 86
4 33
4 91
4 86
4 34
4 99
4 78
4 66
4 42
5 33
5 40
5 43
5 54
5 75
5 47
5 71
5 24
5 64
5 39
5 72
5 79
5 94
5 53
5 61
5 28
5 42
5 76
5 64
5 52
6 13
6 72
6 61
6 81
6 29
6 11
6 63
7 19
7 25
7 70
7 11
7 11
7 63
7 48
7 60
7 45
7 27
7 63
7 49
7 60
7 55
8 62
8 14
8 36
8 97
8 89
8 62
8 12
8 76
8 88
8 61
8 84
8 84
8 89
8 44
8 31
8 71
9 48
9 59
9 41
9 72
9 34
9 91
9 50
9 46
10 19
10 52
10 26
10 41
10 76
10 71
10 28
10 70
10 15
10 41
10 64
10 39
11 80
11 35
11 76
11 59
11 71
11 30
11 63
11 24
11 14
11 26
12 36
12 78
12 74
12 26
12 15
12 86
13 14
13 64
13 58
13 73
13 85
13 42
13 89
13 28
13 56
14 93
14 69
14 63
14 18
14 48
14 49
14 78
15 33
15 24
15 44
15 42
15 46
15 96
15 43
15 90
16 65
16 64
16 18
17 24
17 58
17 29
17 36
17 50
17 40
17 59
17 30
17 47
17 37
18 55
18 89
18 57
18 64
18 71
18 88
18 24
18 53
19 26
19 71
19 57
19 33
19 95
19 26
19 33
19 53
19 52
19 41
20 47
20 44
20 44
20 55
20 57
20 48
20 42
20 66
20 91
20 24
20 21
21 34
21 24
21 87
21 88
21 56
21 40
21 67
22 69
22 32
22 85
22 71
22 90
22 38
22 72
22 96
23 85
23 96
23 59
23 82
23 44
23 66
24 62
24 77
24 95
24 28
24 77
25 34
25 82
25 29
25 96
25 91
25 47
25 34
25 86
25 36
25 32
25 66
26 64
26 36
26 92
26 69
26 92
26 34
26 68
26 90
26 29
26 54
26 71
26 38
26 64
26 56
27 44
27 39
27 94
28 93
28 61
28 58
28 96
28 70
28 79
28 57
28 66
28 98
29 87
29 89
29 52
29 75
29 59
29 76
30 44
30 56
30 64
30 57
30 46
30 94
31 57
31 42
31 91
31 83
31 41
31 91
31 44
32 77
32 77
32 96
32 78
32 39
33 50
33 69
33 88
33 51
33 65
33 51
34 94
34 90
34 93
34 87
34 61
34 56
34 35
34 53
34 68
34 98
35 48
35 60
35 49
35 68
35 36
36 83
36 54
36 96
36 41
36 95
36 79
36 69
36 46
37 78
37 47
37 98
37 75
37 97
37 43
38 52
38 63
38 81
38 98
38 89
38 39
38 97
38 63
39 84
39 40
39 81
39 53
39 80
39 64
39 40
40 86
40 67
40 47
41 44
41 50
41 61
41 90
41 92
41 53
42 89
42 93
42 51
43 73
44 99
44 87
44 57
45 94
45 72
45 76
45 66
45 59
45 49
45 73
46 69
46 84
46 78
46 66
46 83
46 92
47 89
47 81
47 86
47 81
47 49
47 93
47 57
47 50
48 79
48 64
48 62
49 95
49 71
50 65
50 84
50 83
51 85
51 84
51 55
51 93
51 84
51 86
52 92
52 56
52 79
52 92
52 93
53 99
53 97
53 96
53 67
54 87
54 83
54 95
54 97
54 63
54 85
54 68
54 74
55 76
55 78
55 60
55 91
55 84
55 75
56 64
56 99
56 73
56 84
57 58
57 68
57 63
57 73
57 91
57 92
57 61
58 96
58 69
59 81
59 70
59 87
59 88
60 62
60 67
60 88
61 90
61 93
61 76
61 71
61 96
61 92
62 78
63 70
63 71
63 93
63 64
64 79
64 90
64 67
64 87
64 75
65 84
66 97
66 89
66 88
66 70
66 82
66 93
67 70
67 77
68 96
68 76
68 87
68 76
69 81
69 87
70 76
70 86
70 89
71 72
71 82
71 92
73 89
74 89
75 81
75 90
75 91
75 96
76 89
76 91
76 89
78 91
78 83
78 80
79 91
80 90
82 89
83 92
83 95
84 86
85 89
85 89
86 98
86 87
86 92
89 95
92 94
93 94
93 97
