0 2
0 71
0 63
0 69
0 42
0 82
1 43
1 38
1 18
1 18
1 99
1 13
1 76
1 49
1 2
2 97
2 44
2 69
2 80
2 36
2 13
2 13
2 88
2 34
2 54
2 38
2 95
2 31
2 76
2 44
2 59
3 80
3 83
3 47
3 49
3 38
4 51
4 99
4 37
4 87
4 78
4 23
5 78
5 10
5 18
5 30
5 60
5 61
5 24
5 14
5 59
5 61
5 79
5 90
5 28
6 51
6 33
6 99
6 12
6 14
6 11
6 25
6 69
6 81
6 34
6 57
6 77
6 51
6 69
6 93
7 80
7 82
7 53
7 23
7 27
7 38
7 85
8 62
8 34
8 50
8 79
8 89
9 84
9 66
9 47
10 47
10 24
10 47
10 12
10 80
10 64
10 35
10 95
10 92
10 34
11 97
11 67
11 25
11 91
11 48
11 15
12 32
12 88
12 68
12 19
12 26
12 86
12 28
12 62
12 27
13 34
13 67
13 96
13 39
13 99
13 61
13 70
13 65
13 63
14 20
14 16
14 84
14 60
14 51
14 40
14 96
14 88
14 35
15 39
15 85
15 66
15 16
15 79
16 55
16 93
16 21
16 43
16 41
16 45
16 23
16 82
17 28
17 32
17 92
17 70
17 81
17 35
17 83
17 74
17 81
17 24
17 46
17 45
18 70
18 60
18 87
18 63
18 99
18 82
18 60
18 58
18 32
18 99
18 23
19 60
19 67
19 35
19 26
19 21
19 87
20 65
20 61
20 36
20 31
20 54
20 97
20 46
20 73
20 77
21 56
21 50
21 93
21 82
21 34
21 31
22 51
22 23
22 45
22 33
22 39
22 88
22 25
22 35
23 92
23 47
23 99
23 29
23 59
23 81
23 98
23 40
24 53
24 61
24 86
24 40
24 55
24 42
24 82
24 27
25 33
25 60
25 66
25 32
25 42
25 61
25 75
26 36
26 63
26 46
26 94
26 93
26 48
26 45
26 87
26 66
26 75
27 80
27 66
27 37
27 99
27 70
27 81
27 30
27 50
27 29
28 47
28 82
28 52
28 93
29 33
29 80
29 61
30 37
30 38
30 69
31 44
31 73
31 85
31 38
31 42
32 71
32 45
32 45
32 41
32 66
32 53
32 45
32 78
32 69
32 66
32 87
32 97
33 78
33 77
34 99
34 91
34 48
34 74
34 39
34 87
34 42
34 51
34 40
34 70
34 83
34 64
34 94
34 68
35 85
35 82
35 63
35 47
35 44
35 74
36 80
36 99
36 79
36 75
36 88
36 59
36 98
37 73
37 76
37 69
37 60
37 90
37 51
37 44
38 59
38 57
38 86
38 68
38 89
38 52
38 53
38 93
38 91
38 46
38 59
38 69
39 87
39 65
39 90
39 99
39 53
39 67
39 94
39 44
39 52
40 69
40 52
40 76
40 62
40 69
40 41
41 43
41 86
41 47
41 96
41 96
41 71
41 98
41 42
42 52
42 43
42 71
42 65
43 91
43 73
43 79
43 84
43 59
43 85
43 68
43 46
44 63
44 67
44 56
44 81
44 45
44 95
45 66
45 93
45 48
45 76
45 69
45 98
46 65
47 88
48 72
48 65
48 92
48 86
48 98
48 53
49 61
49 52
49 98
49 68
49 94
49 62
49 50
49 58
50 65
50 89
50 55
50 86
50 86
50 85
51 89
51 72
51 62
52 58
52 97
52 58
52 56
52 77
52 67
52 90
52 84
53 91
53 66
54 59
54 79
54 88
54 69
54 86
55 62
55 67
55 98
55 81
55 77
56 92
56 61
57 76
57 94
57 96
57 63
57 84
57 75
57 58
57 70
57 69
58 97
58 68
58 81
58 65
58 94
59 73
59 66
59 78
60 95
60 82
61 67
61 73
62 68
62 84
62 78
62 81
62 93
63 70
63 85
64 87
64 73
64 87
65 69
65 81
65 69
65 89
66 76
66 67
66 87
66 85
66 94
66 83
67 76
67 95
67 76
68 90
68 94
68 70
69 70
69 79
69 88
70 72
70 82
70 97
70 86
71 86
71 84
71 81
71 79
72 99
72 76
72 83
72 83
73 79
73 81
74 84
74 77
74 97
74 78
75 96
75 85
75 78
75 80
76 88
76 92
76 79
76 95
76 83
78 97
79 87
79 88
80 99
80 97
80 91
80 83
82 87
82 89
83 85
83 89
84 96
84 94
86 90
88 91
89 93
89 91
91 93
95 99
