0 25
0 41
0 87
0 66
0 90
0 71
0 67
0 81
0 37
0 19
0 40
1 92
1 36
1 49
1 98
1 21
1 11
1 27
1 28
1 64
1 26
2 19
2 60
2 24
2 87
2 28
2 96
2 31
2 90
2 40
2 86
3 35
3 43
3 99
3 36
3 95
3 53
3 22
3 71
3 34
4 40
4 92
4 49
4 64
4 37
4 37
4 99
4 55
5 98
5 25
5 79
5 33
5 91
5 31
5 11
5 81
6 72
6 86
6 21
6 33
6 52
6 97
6 81
7 79
7 10
7 63
7 19
7 41
7 23
7 91
7 52
7 47
8 23
8 64
8 23
8 51
8 60
8 16
8 38
8 60
9 26
9 34
9 56
9 53
9 96
9 54
9 67
9 82
9 23
9 84
10 18
10 96
10 82
10 68
10 23
10 86
10 81
10 43
10 84
10 73
10 25
10 38
11 62
11 79
11 17
11 18
11 24
11 61
11 62
11 63
11 78
11 15
12 88
12 78
12 46
12 74
12 32
13 45
13 73
13 23
13 61
13 72
13 15
13 24
13 86
14 74
14 35
14 25
14 23
14 62
14 98
14 68
14 81
14 32
14 38
14 90
14 98
14 60
15 53
15 46
15 39
15 82
15 77
15 18
15 33
16 91
16 35
16 58
16 68
16 83
16 85
16 67
16 85
16 99
16 97
17 72
17 78
17 57
17 67
17 87
18 80
18 49
18 23
18 46
18 29
18 55
18 56
18 39
19 82
19 89
19 61
19 63
19 86
19 21
19 67
19 84
20 77
20 64
20 78
20 57
20 43
20 79
21 96
21 25
21 57
21 86
21 29
21 28
21 53
21 31
21 52
21 84
21 29
21 80
22 25
22 54
22 23
22 98
22 62
22 92
22 35
22 25
23 49
23 65
23 71
23 43
23 35
23 54
24 98
24 43
24 97
24 26
24 93
24 73
25 30
25 45
25 79
25 96
25 41
25 32
25 71
25 45
26 36
26 69
26 79
26 89
26 55
26 52
26 55
27 45
27 99
27 87
28 32
28 47
28 93
28 63
28 38
28 68
28 44
29 63
29 88
29 64
30 50
30 92
30 86
30 62
30 77
30 35
30 42
31 47
31 70
31 53
31 74
31 53
31 50
31 52
31 74
31 90
32 87
32 72
32 90
32 87
32 79
32 52
32 77
33 72
33 92
33 72
33 82
33 75
34 85
34 43
34 73
34 61
34 36
34 78
34 74
34 50
35 73
35 88
35 84
35 53
35 81
35 59
36 84
36 41
36 42
37 96
37 59
37 63
37 73
37 87
37 70
37 96
38 62
38 91
38 56
38 69
38 41
38 53
38 90
39 93
39 69
39 59
39 67
39 67
39 68
39 55
40 99
40 55
40 49
40 85
40 82
40 50
40 54
41 49
41 55
41 91
41 75
41 46
41 52
42 70
42 94
42 75
42 94
42 51
43 84
43 72
43 63
43 83
43 78
43 91
43 75
44 69
44 98
44 98
44 97
44 52
44 53
45 56
45 59
45 90
46 97
47 99
47 97
47 57
48 77
48 97
48 57
49 52
49 59
49 75
49 56
49 56
49 89
49 92
49 93
50 75
51 65
51 58
51 99
51 67
51 70
51 84
51 60
51 63
51 79
52 53
52 78
52 77
52 64
52 82
52 79
52 92
52 60
53 95
53 90
53 77
53 65
53 60
54 97
54 92
54 91
54 60
55 77
55 60
55 66
55 89
55 60
56 95
56 92
56 73
56 61
56 62
56 90
57 97
57 84
57 84
57 60
57 65
57 66
57 87
57 63
57 82
57 97
58 61
58 80
59 94
59 87
59 74
59 87
60 84
61 84
61 88
61 77
62 91
63 82
63 88
63 95
63 69
63 65
64 86
64 93
64 78
64 65
64 94
65 70
65 72
65 84
65 82
66 95
66 73
66 91
66 88
66 94
66 89
67 82
67 86
68 89
68 94
68 87
68 69
68 88
68 99
68 98
68 72
68 99
69 96
69 88
69 81
70 73
70 80
70 86
70 89
70 78
71 77
71 96
71 86
71 84
71 74
72 86
72 97
73 82
74 78
75 94
75 94
75 99
75 84
76 89
76 81
76 97
77 94
77 79
77 83
78 79
78 89
78 82
78 87
79 99
80 93
80 95
80 91
80 92
80 96
80 95
81 88
81 93
81 91
82 90
83 85
83 97
84 98
84 86
85 86
86 93
87 97
88 99
90 94
93 94
95 96
