0 24
0 56
0 49
0 11
0 17
0 65
0 38
0 86
0 14
0 53
0 57
0 28
0 21
0 2
1 45
1 63
1 27
1 69
1 20
1 89
1 53
1 79
1 45
2 65
2 50
2 55
2 12
2 73
2 89
2 30
2 91
2 12
3 8
3 44
3 72
3 77
3 67
3 85
3 25
3 51
3 98
3 12
4 73
4 14
4 63
4 87
4 49
4 57
4 67
4 17
4 23
5 35
5 42
5 47
5 65
6 17
6 10
6 27
6 77
6 64
6 40
6 34
6 98
6 18
7 49
7 32
7 79
7 53
7 38
7 73
7 78
8 87
8 21
8 90
8 26
8 10
8 72
8 17
8 63
8 60
8 90
8 70
8 68
9 19
9 21
9 73
9 94
9 25
9 30
9 61
9 68
9 60
9 25
9 22
10 14
10 55
10 76
10 49
10 36
10 27
10 21
10 60
10 84
10 25
10 74
11 21
11 69
11 54
11 26
11 87
11 37
11 69
11 32
11 66
11 88
11 77
11 26
12 67
12 28
12 53
12 27
12 79
12 72
12 25
12 34
12 42
13 52
13 96
13 99
13 15
13 24
13 18
13 23
13 99
13 55
13 61
13 41
13 24
14 82
14 37
14 85
14 69
14 28
14 77
15 20
15 69
15 23
15 43
15 31
15 72
16 21
16 76
16 55
16 82
16 77
17 93
17 97
17 91
17 81
17 91
17 31
17 56
17 73
17 24
17 54
18 56
18 71
18 85
18 27
18 75
18 23
18 88
18 74
18 54
18 93
19 50
19 68
19 39
20 41
20 27
20 39
20 99
20 76
20 97
20 52
20 65
20 53
20 72
20 39
20 95
21 22
21 92
21 22
21 63
21 47
21 75
21 49
21 75
22 68
22 78
22 86
22 98
22 90
22 42
22 99
22 65
23 59
23 59
23 56
23 43
23 71
23 59
23 49
23 28
23 56
23 95
23 68
24 76
24 42
24 34
24 69
24 47
24 49
24 37
24 72
24 56
24 95
25 59
25 64
25 85
25 31
25 75
25 72
26 96
26 70
26 29
26 48
26 71
27 77
27 92
27 83
27 57
27 79
27 58
27 90
27 45
27 93
27 65
27 83
28 40
28 47
28 93
28 42
28 79
28 82
28 90
29 71
29 78
29 63
29 54
29 89
29 61
29 82
30 54
30 48
30 63
30 41
31 34
31 76
31 85
31 59
31 82
31 64
31 36
32 73
32 57
32 93
32 38
32 33
32 95
33 55
33 75
34 72
34 85
34 99
34 98
34 39
34 74
34 67
34 99
34 54
34 84
34 96
35 63
35 88
35 72
35 41
35 95
35 96
35 71
36 74
36 61
36 88
36 52
36 42
36 82
36 68
37 55
37 42
37 79
38 70
38 52
38 50
38 73
38 58
39 80
39 61
39 96
39 45
39 83
40 96
40 46
40 51
40 84
40 64
41 65
41 78
41 82
41 85
42 86
42 80
42 76
42 91
42 64
42 49
43 57
43 88
43 54
43 44
43 95
43 93
43 82
44 82
44 54
44 54
44 52
44 46
44 81
44 74
45 70
45 47
45 50
45 98
45 63
45 91
45 96
46 85
46 63
46 59
47 86
47 84
47 90
47 50
48 66
48 92
48 54
48 89
48 60
48 71
48 86
48 78
50 70
50 90
50 54
51 91
51 62
51 66
51 95
51 90
51 73
51 85
52 78
52 86
52 75
53 97
53 63
53 63
53 60
54 80
54 59
54 88
55 66
55 63
55 70
55 97
55 72
56 76
56 86
56 59
56 69
56 65
56 63
57 73
57 86
57 92
57 58
57 96
58 69
58 74
58 90
58 80
59 88
59 79
59 82
59 98
59 86
60 74
60 63
60 88
60 62
60 81
61 66
61 75
62 79
62 80
62 95
62 71
62 79
62 97
63 65
63 66
63 95
63 73
63 89
64 67
64 76
64 69
64 73
64 72
65 74
68 75
69 73
69 94
69 91
70 98
70 82
71 89
71 82
71 95
72 78
72 80
72 89
72 82
72 75
72 97
72 82
72 82
73 90
73 90
73 95
73 77
73 86
74 94
74 84
74 97
75 93
75 98
75 84
76 89
76 85
76 91
77 82
77 99
77 88
78 85
78 96
78 91
78 80
79 84
79 83
79 99
80 91
81 99
81 98
81 89
81 98
82 85
82 93
83 91
84 85
84 94
84 96
86 88
87 91
89 90
90 99
91 97
92 96
93 95
96 98
