0 60
0 80
0 94
0 9
0 16
0 66
0 76
0 7
0 88
0 29
0 34
0 90
0 98
1 37
1 14
1 63
1 6
1 41
1 15
1 84
1 81
2 28
2 65
2 61
2 70
2 58
2 74
3 69
3 94
3 8
3 47
3 71
3 83
3 34
3 4
3 24
3 16
3 28
3 76
3 56
3 49
4 5
4 37
4 6
4 72
4 78
4 24
4 59
4 25
5 50
5 72
5 36
5 37
5 96
5 68
5 64
5 32
5 36
6 21
6 37
6 78
6 43
6 26
6 65
6 59
6 60
6 68
6 66
6 51
6 22
6 78
6 71
6 84
6 14
6 47
6 98
7 80
7 12
7 92
7 59
7 18
7 22
7 46
7 9
7 96
7 34
7 56
7 91
8 85
8 27
8 54
8 73
8 81
8 88
8 21
8 95
8 38
8 13
8 93
8 67
8 68
9 96
9 42
9 59
9 21
9 78
9 64
9 87
9 76
9 71
10 18
10 75
10 74
10 29
10 14
10 87
10 81
10 82
10 12
10 95
10 18
11 70
11 95
11 14
11 41
11 53
12 36
12 17
12 29
12 59
12 51
12 83
12 52
12 59
12 76
13 37
13 16
13 57
13 74
13 17
13 49
13 23
14 19
14 62
14 76
14 39
14 88
15 26
15 29
15 33
15 53
15 91
15 78
15 40
15 88
15 49
16 86
16 40
16 60
16 87
16 19
17 58
17 79
17 27
17 21
17 84
17 56
17 19
17 73
17 46
17 43
17 71
18 93
18 54
18 25
18 60
18 20
18 74
18 52
18 91
18 44
18 29
18 23
18 99
18 97
19 89
19 31
19 94
19 43
19 73
19 89
19 54
19 83
20 89
20 44
20 47
20 66
20 55
20 47
20 95
21 74
21 67
21 64
21 29
21 25
21 38
22 88
22 84
22 69
22 61
22 93
22 92
22 66
22 72
22 42
22 80
23 38
23 35
23 61
23 60
23 50
23 30
23 72
23 82
23 99
23 61
23 57
23 93
24 73
24 88
24 29
24 88
24 56
24 44
25 94
25 29
25 31
25 74
25 71
25 80
26 91
26 75
26 93
26 98
26 43
27 29
27 44
27 74
27 68
27 88
27 40
27 83
27 37
28 40
28 72
28 61
28 54
28 95
28 98
29 33
29 39
29 44
29 79
29 90
29 50
29 36
29 75
29 95
29 52
30 96
30 72
30 70
30 79
30 75
30 82
30 39
31 68
31 76
32 97
32 66
32 44
32 65
33 95
33 45
33 42
33 60
33 45
33 84
34 93
34 46
34 55
34 35
34 86
34 75
35 50
35 89
35 40
36 91
36 95
36 62
36 88
37 57
37 53
38 87
38 85
38 74
38 93
38 67
39 55
39 69
39 78
39 56
39 88
39 65
39 43
39 57
39 99
39 42
40 53
40 93
40 97
40 95
40 91
40 42
40 77
40 57
41 68
41 97
41 48
41 91
41 50
41 73
41 44
42 91
42 78
42 65
42 91
42 63
42 62
43 98
43 93
43 78
43 63
43 89
43 97
43 51
44 61
44 68
44 87
44 69
44 64
44 86
44 97
44 49
44 72
44 52
44 48
45 54
45 95
45 80
45 86
46 54
46 51
46 74
46 57
46 79
46 55
46 75
46 47
46 66
46 66
46 61
46 90
47 96
47 95
47 69
47 88
47 80
47 98
48 81
48 88
48 50
48 52
49 56
49 56
49 67
49 95
50 55
50 60
51 75
51 52
51 98
53 65
53 59
53 60
53 74
53 77
53 64
53 66
53 99
54 73
54 60
54 62
54 96
55 74
55 80
56 71
56 75
58 70
58 65
58 62
59 95
59 80
59 74
60 89
60 96
60 88
60 97
60 63
60 75
61 80
61 75
61 78
62 87
62 91
62 77
63 80
63 94
63 87
64 65
64 73
64 96
65 81
65 83
65 69
65 89
65 66
66 70
66 69
66 74
66 93
67 84
67 76
68 93
68 77
68 89
68 79
69 95
69 81
70 91
71 96
71 83
71 99
72 97
73 83
73 74
74 91
74 93
75 81
75 83
75 86
76 86
76 88
77 95
77 88
77 95
77 92
78 95
78 83
78 91
78 80
79 89
79 90
79 99
80 91
80 91
80 89
80 85
81 92
81 88
82 94
83 97
83 95
84 94
85 92
85 86
85 93
86 88
86 94
87 96
87 89
88 90
89 99
89 98
89 97
90 95
91 97
94 96
95 98
95 96
