0 51
0 37
0 54
0 25
0 47
0 57
0 59
0 81
0 49
0 49
1 99
1 93
1 55
1 2
1 4
1 75
1 69
1 54
1 18
1 79
1 24
1 66
1 48
2 99
2 78
2 56
2 21
2 91
2 21
2 59
2 79
2 11
2 13
2 43
3 42
3 58
3 41
3 46
3 36
3 95
3 93
3 79
3 13
3 95
3 55
3 67
4 52
4 79
4 33
4 79
4 62
4 14
4 78
4 23
4 38
4 64
4 45
4 81
4 46
4 79
4 62
4 17
4 12
5 40
5 69
5 43
5 10
5 74
5 70
5 63
6 87
6 44
6 30
6 55
6 32
7 71
7 38
7 79
7 13
7 14
7 10
7 66
7 76
7 89
8 88
8 24
8 10
8 77
8 53
8 73
8 44
9 88
9 38
9 81
9 77
9 38
9 37
9 23
9 72
9 86
9 85
10 48
10 14
10 18
10 67
10 82
10 36
10 19
10 49
10 73
10 17
10 40
10 93
11 36
11 20
11 45
11 75
11 48
11 92
11 77
12 88
12 27
12 90
12 33
12 52
12 86
12 38
12 34
13 93
13 75
13 19
13 84
14 20
14 28
14 66
14 65
14 69
14 25
14 23
14 33
14 30
14 29
14 88
14 27
15 78
15 78
15 53
15 65
15 93
15 84
15 95
15 27
15 43
16 71
16 68
16 71
16 48
16 34
16 91
16 82
17 43
17 64
17 94
17 86
17 27
17 53
17 46
17 73
17 36
17 30
17 39
18 86
18 50
18 36
18 81
18 41
18 46
18 22
18 85
18 34
18 71
19 28
19 96
19 47
19 96
19 25
19 35
19 77
19 24
19 64
20 36
20 82
20 48
20 31
20 61
20 54
20 47
21 26
21 31
21 67
21 78
21 91
21 31
22 62
22 62
22 48
22 36
22 31
22 46
22 67
23 48
23 68
23 56
23 69
23 61
23 97
23 44
23 95
23 34
24 79
24 48
24 67
24 84
24 31
24 81
24 33
24 67
25 72
25 39
25 30
25 27
26 59
26 48
26 42
26 48
26 28
26 65
26 90
27 74
27 80
27 49
27 85
28 72
28 91
28 38
28 97
28 60
28 66
28 78
29 48
29 69
29 88
29 72
29 74
29 65
29 62
29 49
29 65
30 80
30 37
30 99
30 49
30 31
30 97
31 36
31 47
31 78
31 98
31 52
31 77
31 68
32 70
32 39
32 39
32 35
32 65
32 34
32 94
32 89
32 43
33 67
33 78
33 83
33 37
33 83
33 40
34 68
34 60
34 69
34 58
34 39
34 75
34 89
34 59
35 62
35 88
35 79
35 60
36 87
36 46
36 71
36 50
36 74
36 43
37 69
37 61
37 86
37 76
37 88
37 50
37 63
38 59
38 61
38 56
38 45
38 82
38 78
39 40
39 96
39 57
39 74
39 97
39 51
40 41
40 68
40 62
40 66
40 91
41 98
41 54
41 57
41 73
41 75
42 94
42 55
42 86
42 61
42 87
42 91
42 87
42 68
42 53
43 76
43 95
43 66
43 45
43 59
43 78
43 93
44 46
44 75
45 97
45 51
45 74
45 95
46 68
46 68
46 76
47 67
47 78
47 90
48 85
48 59
48 98
48 71
48 92
49 70
49 93
49 97
50 77
50 83
50 69
50 53
51 55
51 91
51 96
51 69
52 73
53 82
53 62
53 82
53 55
53 79
53 90
54 65
54 71
54 75
55 63
55 66
55 57
55 60
55 65
56 92
56 88
56 76
56 74
56 92
56 74
56 73
56 63
57 90
57 58
58 94
58 74
58 94
58 74
58 72
58 62
58 81
58 73
59 70
59 80
59 81
59 76
59 85
59 72
60 62
60 92
60 85
60 66
60 83
60 92
61 99
61 81
62 83
62 75
62 92
62 63
62 95
62 78
63 85
63 83
64 90
64 95
64 65
64 98
64 68
64 95
65 82
65 90
65 72
65 96
66 82
66 99
66 92
66 73
66 84
66 83
67 75
68 88
68 89
68 90
69 89
69 93
69 74
70 74
70 72
71 78
71 96
71 87
72 75
72 87
72 95
73 78
74 84
74 99
74 90
74 79
74 89
76 99
77 87
77 83
78 81
79 97
79 97
80 93
80 97
80 99
81 84
81 88
81 87
82 94
82 93
83 94
83 87
83 95
83 84
84 92
85 92
85 87
86 88
87 99
88 90
89 95
90 96
90 97
91 93
92 94
93 99
93 96
