0 48
0 8
0 5
0 61
0 26
0 37
0 26
0 53
0 33
0 64
0 31
0 57
0 30
0 81
1 45
1 69
1 64
1 85
1 95
1 63
1 24
2 7
2 23
2 44
2 91
2 5
2 18
2 41
2 7
2 37
2 14
2 77
3 50
3 44
3 42
3 25
3 21
3 51
3 71
3 39
3 26
3 99
3 87
4 23
4 90
4 55
4 11
4 27
4 18
4 9
4 68
4 99
4 78
5 34
5 54
5 23
5 62
5 94
5 38
5 97
5 98
5 72
6 65
6 98
6 38
6 69
6 42
6 11
6 25
6 47
7 14
7 75
7 17
7 15
7 91
7 67
7 71
7 86
7 38
7 82
8 70
8 55
8 59
8 87
8 88
8 42
8 43
8 18
8 74
8 20
8 56
8 49
8 27
8 64
8 15
9 81
9 79
9 27
9 24
9 66
9 35
9 43
9 62
9 20
9 10
9 81
9 47
9 30
9 47
9 83
9 73
9 35
10 70
10 16
10 65
10 85
10 26
10 93
10 25
11 82
11 58
11 34
11 62
11 31
11 37
11 51
11 77
12 92
12 69
12 38
12 45
12 45
12 47
12 86
12 23
12 34
12 55
12 51
12 39
12 76
13 90
13 64
13 60
13 92
13 73
13 77
13 55
13 54
13 75
13 45
13 71
14 52
14 83
14 32
14 38
14 98
14 63
14 97
14 97
15 49
15 20
15 98
15 86
15 69
15 57
15 16
16 80
16 94
16 19
16 45
16 28
16 65
16 67
16 68
16 78
16 69
17 46
17 76
17 95
17 58
17 23
17 80
17 34
17 62
17 56
17 69
17 62
18 60
18 71
18 49
18 34
18 41
19 95
19 26
19 86
19 85
19 47
19 51
19 27
20 82
20 56
20 90
20 92
20 41
20 49
21 30
21 77
21 53
21 89
21 47
21 41
22 68
22 98
22 90
22 61
22 70
22 47
22 28
22 44
22 80
22 91
23 96
23 86
23 49
23 86
23 74
23 80
23 68
24 30
24 67
24 35
24 39
24 56
24 93
24 46
24 96
24 32
25 70
25 98
25 76
25 30
25 94
25 47
25 30
25 62
26 54
26 68
26 29
27 35
27 46
27 88
27 56
27 47
27 46
27 32
27 90
27 45
27 50
28 79
28 40
29 74
29 66
29 82
29 78
30 59
30 78
30 63
30 46
30 33
30 72
31 76
31 75
31 40
31 89
31 92
31 67
31 45
31 70
32 33
32 96
32 42
32 92
33 34
33 84
33 59
33 83
33 57
33 97
34 78
34 60
34 87
35 65
35 58
35 40
35 69
36 82
36 78
36 99
36 41
37 41
37 68
37 47
37 71
37 41
37 77
37 64
37 63
37 74
38 82
38 42
39 64
39 50
39 84
39 57
39 44
39 72
39 66
39 57
40 47
40 83
40 76
40 97
40 74
40 56
40 78
41 69
41 72
41 59
41 53
41 48
41 92
41 61
41 55
41 68
41 44
42 44
42 97
42 68
42 44
42 82
42 80
42 79
42 48
42 67
43 77
43 96
43 81
44 66
44 94
44 91
45 72
45 97
45 50
45 73
45 87
45 91
46 56
46 72
46 63
46 63
46 58
46 81
47 95
47 82
47 51
47 73
47 85
47 98
48 60
48 64
48 59
48 52
48 83
48 71
49 51
49 71
49 89
49 82
49 70
49 83
49 91
49 72
50 91
50 74
50 98
50 96
50 58
50 87
51 95
51 61
51 56
51 78
51 64
52 58
52 97
52 67
52 72
53 99
53 96
53 64
53 85
53 80
53 72
54 78
54 76
54 66
54 55
54 85
54 76
55 81
55 87
55 85
56 71
56 95
56 60
56 99
56 83
57 90
57 81
58 65
58 63
58 80
58 97
59 80
59 81
59 85
59 87
60 85
61 63
61 88
61 88
61 68
61 65
62 75
63 96
63 79
63 82
63 74
64 93
64 74
64 75
65 77
65 76
66 75
67 86
67 95
67 96
68 95
68 96
68 69
69 98
69 91
70 73
70 88
70 94
71 94
71 79
72 91
72 73
72 76
73 80
73 93
73 74
73 96
74 75
74 78
75 90
75 83
75 80
75 83
75 95
75 95
76 91
77 87
77 90
77 93
78 84
78 91
80 96
80 81
80 88
81 90
81 82
82 87
82 94
83 86
83 93
85 94
85 88
85 86
88 98
88 98
90 98
90 91
90 96
90 94
92 98
92 97
97 99
97 98
