0 30
0 48
0 39
0 23
0 15
0 94
0 6
0 1
0 45
0 25
0 91
0 85
1 91
1 13
1 95
1 64
1 13
1 90
1 36
1 86
2 37
2 7
2 54
2 74
2 66
2 31
2 65
2 31
2 68
2 61
2 75
2 89
2 7
2 61
2 71
2 90
3 10
3 42
3 79
3 13
3 64
3 54
3 20
3 78
3 37
3 24
3 72
3 21
3 44
3 28
4 87
4 80
4 71
4 13
4 31
4 79
4 53
4 33
4 83
4 11
4 87
4 84
5 84
5 30
5 47
5 58
5 59
5 24
5 90
5 38
5 98
6 16
6 36
6 33
6 48
6 90
6 35
6 21
7 19
7 10
7 24
7 32
7 41
7 91
7 26
7 74
8 55
8 59
8 76
8 56
8 65
8 77
8 98
8 36
9 85
9 60
9 63
9 53
9 83
9 40
9 69
10 36
10 14
10 42
10 21
10 12
10 55
10 68
10 96
10 27
10 61
10 54
11 16
11 56
11 51
11 13
11 37
11 97
11 50
11 58
12 51
12 52
12 44
12 79
12 59
12 34
12 73
12 33
12 72
12 78
13 29
13 85
13 91
13 92
13 22
13 59
13 38
13 52
13 38
14 34
14 22
14 83
14 75
14 87
14 66
14 66
14 25
14 54
14 53
14 20
14 93
14 18
14 77
15 30
15 60
15 51
15 93
15 62
15 37
15 44
15 72
15 84
15 40
16 62
16 19
16 26
16 65
16 37
16 99
16 57
16 80
16 91
16 88
16 85
16 79
17 48
17 92
17 39
17 78
17 61
17 46
17 85
17 34
17 41
17 55
17 31
18 28
18 55
18 20
18 21
18 56
18 51
18 78
18 71
19 96
19 76
19 86
19 62
19 49
19 66
19 86
20 71
20 84
20 59
20 26
20 23
20 63
21 66
21 69
21 67
21 93
21 66
21 65
21 52
21 34
21 77
21 85
21 67
22 84
22 39
22 98
22 93
22 54
23 73
23 99
23 47
23 80
23 94
23 97
23 82
24 33
24 28
24 77
24 98
24 74
24 40
24 86
24 97
24 41
24 78
24 28
25 34
25 58
25 81
25 27
25 45
25 52
26 70
26 63
26 87
26 37
26 49
26 32
26 40
26 57
26 39
27 96
27 93
27 53
27 49
27 89
27 29
27 85
27 42
28 46
28 67
28 53
28 99
29 83
29 64
29 95
29 49
29 97
30 52
30 88
30 59
31 81
31 74
31 41
31 91
32 99
32 60
32 40
32 33
32 41
32 68
32 34
32 47
32 49
32 33
32 47
32 80
33 68
33 92
33 37
33 91
33 53
34 92
34 44
34 64
34 94
34 81
35 45
35 93
35 39
35 47
35 56
35 70
36 84
36 92
36 89
36 40
36 93
36 92
36 41
36 46
36 55
36 71
37 66
37 94
37 48
37 50
37 87
37 95
38 54
38 40
38 78
38 85
38 51
39 53
39 84
39 54
39 72
39 96
39 61
39 42
39 58
40 65
40 43
40 99
41 99
41 72
41 44
41 85
41 81
41 56
42 74
42 69
42 68
42 84
42 55
42 62
43 52
43 71
43 95
43 53
43 63
43 89
44 61
44 54
44 48
44 80
44 66
44 56
45 93
45 63
45 52
46 63
46 89
46 94
47 60
47 82
47 99
47 67
47 90
48 76
48 76
49 68
49 95
49 60
49 81
50 88
50 89
50 69
50 66
50 66
51 88
51 59
51 88
52 97
52 70
52 60
53 58
53 61
53 83
54 74
54 65
54 70
54 63
54 71
55 88
55 73
55 99
55 96
56 66
56 82
56 96
57 82
57 99
57 80
58 64
58 95
58 98
58 79
58 95
59 65
59 95
60 86
61 94
61 82
61 81
61 75
61 93
62 87
62 89
62 86
62 86
63 64
63 86
63 82
63 77
64 66
64 74
64 92
65 97
65 71
66 87
66 85
66 78
66 79
67 75
67 83
68 84
68 70
69 76
69 98
69 86
69 71
69 78
70 89
70 76
71 73
71 77
71 94
71 81
72 87
73 98
73 83
73 76
74 88
74 75
74 90
74 87
74 99
75 91
75 84
75 88
76 80
77 78
77 78
77 80
77 78
78 83
78 89
78 92
78 84
78 81
78 80
79 94
79 82
81 84
82 96
83 98
85 93
85 91
85 93
85 91
88 93
89 96
89 91
89 92
89 97
89 91
89 93
90 95
91 97
92 99
92 94
92 96
96 97
