0 59
0 77
0 40
0 54
0 72
0 87
0 20
0 7
0 76
0 22
0 80
0 74
0 81
1 14
1 89
1 28
1 36
1 41
1 9
1 83
1 73
1 88
1 88
2 78
2 12
2 55
2 64
2 32
2 16
2 51
2 80
2 46
2 4
2 6
2 57
3 65
3 79
3 36
3 84
3 88
3 62
3 83
3 79
3 45
3 77
4 95
4 75
4 42
4 94
4 20
4 8
4 14
4 18
4 97
5 46
5 56
5 17
5 15
5 86
5 32
5 57
5 7
5 18
6 12
6 49
6 78
6 17
6 95
6 83
6 35
6 93
6 51
6 47
6 33
6 32
6 8
6 66
6 35
6 64
6 30
7 29
7 28
7 55
7 64
7 16
7 45
7 19
7 70
7 46
7 96
7 27
7 24
7 37
7 79
8 84
8 45
8 61
8 58
8 30
8 25
8 40
8 95
8 33
8 58
8 25
8 71
9 79
9 11
9 33
9 73
9 11
9 84
9 99
9 99
9 94
9 68
9 64
9 45
10 76
10 73
10 23
10 16
10 99
10 85
10 27
10 42
10 39
10 50
11 55
11 72
11 25
11 19
11 79
11 62
11 73
11 72
11 52
11 46
11 18
11 49
12 74
12 33
12 48
12 92
12 53
13 60
13 62
13 95
13 50
13 38
13 90
13 71
13 31
13 48
13 40
13 86
13 94
14 79
14 91
14 39
14 77
14 98
14 15
14 73
14 41
15 23
15 51
15 86
15 58
15 82
15 22
15 55
15 84
15 57
15 89
15 81
15 48
15 67
16 80
16 45
16 95
16 49
16 71
16 81
17 81
17 99
17 85
17 39
18 89
18 22
18 47
18 30
18 62
18 30
18 86
18 35
18 39
19 73
19 76
19 32
19 36
19 75
19 66
19 55
19 22
19 95
19 95
20 79
20 62
20 70
20 40
20 84
20 85
20 99
21 71
21 71
21 79
21 67
21 74
21 57
21 25
22 32
22 41
22 74
22 97
22 74
22 51
22 80
22 26
22 94
22 75
22 72
23 80
23 52
23 63
23 95
23 43
23 40
23 52
24 87
24 32
24 82
24 83
24 80
24 85
24 27
24 48
25 41
25 98
25 88
25 50
25 31
25 29
25 57
26 50
26 36
26 94
26 61
26 73
26 67
27 28
27 63
27 51
27 30
27 39
27 69
27 97
27 88
27 70
27 76
27 43
28 37
28 31
28 31
28 55
28 30
28 94
28 48
28 68
28 57
28 92
28 90
29 59
29 93
29 37
29 86
29 66
29 85
29 60
29 57
29 67
30 71
30 58
30 61
30 79
30 44
30 40
30 33
31 68
31 63
31 93
31 73
31 98
32 99
32 62
32 66
32 33
32 48
32 98
32 98
32 66
33 49
33 51
33 66
33 89
33 63
33 74
33 92
33 82
34 68
34 81
34 79
34 82
34 47
35 60
35 67
35 85
35 63
35 72
35 56
35 46
35 57
35 89
36 81
36 37
36 43
36 49
36 94
36 79
36 56
36 83
37 75
37 41
37 97
37 45
38 96
38 68
38 83
39 48
39 45
39 68
39 67
40 41
40 69
40 60
40 96
41 50
41 77
41 81
41 63
42 73
42 81
42 79
42 65
42 76
42 45
43 50
43 97
43 49
43 47
43 94
43 56
43 98
44 64
44 61
44 87
44 90
44 59
45 70
45 54
45 61
45 89
46 88
46 83
46 88
46 65
46 67
46 98
47 84
47 96
47 56
47 84
48 51
48 72
48 87
49 95
49 80
49 61
49 61
49 91
49 86
50 95
50 78
50 95
50 59
50 54
50 78
50 65
51 85
51 97
51 99
52 58
52 71
52 87
52 69
53 74
53 80
53 66
54 68
54 57
54 91
55 75
55 87
56 63
57 91
57 67
57 69
58 71
58 83
58 62
58 66
58 93
59 67
59 75
59 90
59 98
59 94
59 84
59 98
60 93
61 64
61 62
61 76
61 82
62 88
62 94
63 65
64 78
64 92
64 92
64 68
64 67
64 65
65 83
66 96
66 72
67 88
68 83
68 87
68 98
69 98
69 79
69 75
70 92
70 89
71 87
71 79
71 89
71 79
72 89
73 98
74 80
74 90
74 78
75 88
75 97
76 89
77 83
79 90
82 90
82 83
83 92
83 92
84 93
84 88
85 92
85 88
85 95
86 93
87 88
87 94
88 99
89 97
89 98
90 99
90 97
90 92
91 97
96 98
96 97
