0 81
0 11
0 77
0 28
0 73
0 33
0 71
0 94
0 94
0 74
0 64
1 40
1 83
1 81
1 95
1 3
1 90
1 20
1 60
1 82
1 24
1 59
1 58
2 41
2 14
2 19
2 88
2 6
2 23
2 98
3 87
3 69
3 50
3 95
3 82
3 29
3 14
3 95
3 99
3 99
3 40
3 13
4 59
4 49
4 7
4 44
4 10
4 45
4 86
4 8
4 89
5 83
5 46
5 52
5 96
5 98
5 21
6 76
6 95
6 24
6 65
6 40
6 91
6 96
6 99
6 33
6 71
7 24
7 90
7 42
7 48
8 38
8 78
8 22
8 97
8 74
8 81
8 49
8 41
8 12
8 60
8 46
9 60
9 23
9 95
9 77
9 61
9 88
9 87
9 48
9 71
9 29
9 88
10 95
10 17
10 17
10 62
10 98
10 87
10 59
10 35
11 31
11 90
11 67
11 13
12 21
12 48
12 97
12 38
12 58
12 63
12 31
12 39
12 47
12 73
12 96
13 66
13 53
13 97
13 38
13 41
13 61
13 50
13 30
14 76
14 52
14 55
14 25
14 52
14 29
14 37
14 48
14 66
15 61
15 85
15 60
15 65
15 92
15 24
16 33
16 59
16 35
16 43
16 52
16 58
16 62
16 67
16 85
16 35
16 32
16 68
16 81
16 27
17 85
17 41
17 21
17 64
17 64
17 51
17 49
18 24
18 94
18 67
18 85
18 72
18 64
18 86
18 90
18 60
19 47
19 73
19 66
20 85
20 91
20 69
20 79
20 28
20 84
20 56
20 24
20 97
20 83
20 90
21 79
21 31
21 31
21 97
21 92
21 52
21 62
21 35
22 89
22 54
22 81
22 63
22 77
22 80
22 71
22 83
22 85
22 56
23 90
23 28
23 41
23 43
24 27
24 75
24 65
25 31
25 82
25 61
25 29
25 44
26 60
26 70
26 86
26 92
26 89
26 45
26 91
26 56
27 54
27 64
27 37
27 65
27 78
27 68
27 76
27 74
28 36
28 42
28 82
28 70
28 91
28 53
28 86
28 74
28 98
29 68
29 64
29 59
30 50
30 73
30 86
30 97
30 72
30 50
30 36
30 89
30 47
31 68
31 55
31 45
31 35
31 72
31 67
32 60
32 89
33 65
33 48
33 40
34 72
34 52
34 36
35 74
35 84
35 51
35 82
35 56
36 56
36 50
36 59
36 77
36 88
36 43
36 46
37 44
37 75
37 88
37 89
37 83
37 46
38 95
38 44
38 95
39 53
39 50
39 49
39 61
39 91
39 96
39 88
39 74
40 88
40 61
40 87
40 83
40 64
40 86
40 60
40 55
40 61
41 63
41 44
41 64
41 64
41 85
41 93
42 76
42 73
42 85
42 61
42 49
42 83
43 91
43 48
43 58
43 55
43 94
43 80
43 71
44 53
44 52
44 89
44 87
44 61
44 89
44 88
44 54
44 63
44 75
44 55
45 54
45 51
45 85
46 70
46 99
46 78
47 53
47 94
47 75
47 74
47 69
47 63
47 70
48 82
48 74
48 58
48 51
48 68
48 81
48 79
48 81
49 70
49 75
49 67
49 69
49 68
49 73
49 61
49 86
50 89
50 55
50 84
50 93
50 89
50 80
50 97
51 92
51 64
51 66
51 55
51 92
51 96
52 75
52 85
52 69
52 79
53 88
53 60
54 95
54 92
54 71
54 76
54 77
55 57
55 58
55 88
56 99
56 58
56 77
56 72
56 90
56 98
56 83
56 85
57 74
57 78
57 90
57 98
57 92
57 96
58 65
58 74
58 79
58 91
58 79
59 79
59 78
59 62
59 81
60 97
60 97
60 79
60 62
60 96
61 90
61 73
61 63
61 77
62 73
62 70
62 75
62 85
63 97
63 78
63 91
63 88
63 92
63 89
64 71
64 80
64 70
65 81
65 77
65 92
66 71
66 96
67 74
67 79
67 72
67 99
67 91
67 76
67 93
68 86
68 91
68 79
69 96
70 96
70 98
70 82
71 93
71 87
71 85
71 91
72 73
72 73
72 76
72 82
73 74
73 81
73 98
73 74
74 88
74 86
74 93
74 81
74 75
75 89
75 95
75 99
76 81
76 81
77 83
77 81
77 90
77 96
78 90
79 80
81 92
81 85
81 96
81 88
82 98
83 87
83 94
83 96
84 97
84 96
84 91
85 88
85 89
86 98
87 97
89 92
90 95
91 99
91 99
92 95
