0 95
0 86
0 59
0 79
0 78
0 17
1 5
1 9
1 15
1 43
1 47
1 32
1 74
1 59
2 74
2 80
2 41
2 71
2 15
2 45
2 61
2 68
2 89
3 23
3 24
3 78
3 5
3 24
4 26
4 31
4 25
4 44
4 70
4 68
4 35
4 85
4 11
4 26
4 35
5 36
5 7
5 25
5 56
5 77
5 84
5 54
5 36
5 19
5 45
5 77
5 33
6 86
6 66
6 40
6 62
6 83
6 35
6 50
7 88
7 42
7 90
7 58
7 74
7 80
7 30
7 60
7 44
7 59
7 61
7 24
8 70
8 72
8 28
8 9
8 10
8 71
8 46
8 79
9 23
9 16
9 10
9 35
9 22
9 54
10 32
10 14
10 42
10 18
10 45
10 17
10 91
11 40
11 92
11 56
11 20
11 92
11 50
11 93
11 50
11 23
11 14
11 51
11 86
11 51
11 58
12 92
12 52
12 83
12 38
12 77
12 22
12 79
12 45
12 33
13 87
13 70
13 80
13 63
14 66
14 87
14 77
14 67
14 60
14 44
14 38
15 48
15 58
15 16
15 27
15 78
15 48
16 48
16 29
16 56
16 98
16 37
16 84
16 41
16 73
16 63
16 91
16 72
17 63
17 98
17 47
17 46
17 51
17 42
17 60
17 92
17 91
17 36
17 76
18 89
18 62
18 43
18 54
18 79
19 37
19 59
19 65
19 48
19 41
19 81
19 90
19 27
19 26
19 52
19 48
20 84
20 33
20 21
20 53
20 75
20 43
20 85
20 22
20 92
20 53
20 21
21 50
21 39
21 85
21 54
21 28
21 28
22 33
22 80
22 90
22 40
22 87
22 68
22 64
22 93
23 29
23 35
23 98
23 85
23 38
23 97
23 64
23 91
23 64
24 60
24 87
24 86
24 45
24 99
24 90
24 38
24 38
24 92
24 33
24 38
25 41
25 27
25 89
25 84
25 74
26 41
26 33
26 97
26 57
26 58
26 92
27 75
27 79
27 63
27 36
27 32
27 95
27 76
27 28
27 58
27 88
28 75
28 30
28 38
28 72
29 78
29 38
29 74
29 75
29 51
29 45
29 68
30 67
30 86
30 43
30 40
30 67
30 92
30 89
31 96
31 42
31 59
31 36
31 89
31 38
31 67
31 38
31 60
32 42
32 82
32 64
33 82
33 54
33 64
33 77
33 92
33 39
34 53
34 99
34 64
34 88
34 99
34 91
34 57
34 39
35 61
35 60
35 56
35 60
35 94
35 43
35 97
35 82
36 63
36 96
36 72
36 42
36 51
36 90
36 68
36 93
36 83
36 68
36 99
36 68
37 91
37 72
37 83
37 61
37 53
38 43
38 86
38 96
38 95
38 91
38 46
38 78
39 61
39 95
39 86
39 89
39 50
39 92
39 46
39 82
39 88
39 54
40 65
40 64
40 54
40 52
41 89
41 54
41 91
41 59
41 87
41 53
41 56
41 57
41 44
42 75
42 89
42 82
42 56
42 64
42 99
43 69
43 71
43 91
43 66
43 59
44 88
44 81
44 67
44 57
45 82
45 61
45 85
45 58
45 98
45 73
45 54
45 59
45 65
46 48
46 68
46 55
47 80
48 58
48 57
48 94
48 75
49 53
49 86
49 63
49 98
49 78
49 93
50 56
50 81
50 73
50 52
50 79
50 55
51 57
51 80
51 52
51 96
51 64
52 68
52 62
52 84
53 61
53 69
53 68
53 68
54 67
54 66
54 76
55 93
55 75
55 79
55 75
55 60
55 88
56 75
56 88
56 65
56 84
57 60
57 58
57 94
58 70
58 73
58 90
59 77
59 86
59 99
59 85
60 78
60 92
60 96
61 98
61 90
61 68
61 95
62 64
62 90
62 98
63 73
63 68
63 69
63 93
63 80
64 81
64 96
64 91
65 69
65 72
65 88
65 97
65 96
66 83
67 98
67 83
67 97
67 94
68 86
68 73
68 85
68 78
68 69
68 76
69 72
69 91
69 79
69 78
69 84
69 81
69 76
70 77
70 96
70 84
70 80
70 81
71 80
71 81
71 95
71 96
71 74
73 97
73 94
73 85
73 92
74 82
74 93
75 78
75 86
76 93
76 81
76 95
76 91
77 92
77 84
79 93
79 99
80 82
80 83
81 87
81 83
82 87
82 88
82 84
83 93
84 98
85 86
85 94
86 95
89 95
90 94
90 97
91 94
91 95
93 98
94 98
94 95
