0 94
0 2
0 50
0 77
0 91
0 63
0 30
0 30
0 52
0 95
0 72
1 47
1 4
1 78
1 12
1 50
1 53
1 49
1 16
1 40
1 68
1 6
2 76
2 80
2 35
2 74
2 50
2 63
2 55
2 35
2 54
2 5
2 80
3 30
3 96
3 82
3 12
3 13
3 67
3 28
3 53
3 47
3 60
4 57
4 42
4 37
4 22
4 60
4 18
4 62
4 41
4 31
4 34
5 75
5 48
5 25
5 78
5 23
5 91
5 37
5 38
5 56
5 45
5 33
6 75
6 57
6 43
6 28
6 9
6 44
6 35
6 67
6 48
6 56
7 89
7 15
7 43
7 8
7 38
7 37
7 65
7 67
7 65
7 13
8 17
8 86
8 68
8 53
8 39
8 24
8 83
8 74
9 80
9 70
9 15
9 57
9 96
9 90
9 37
9 77
10 85
10 70
10 52
10 67
10 98
10 28
11 50
11 35
11 99
11 71
11 19
11 89
11 70
12 37
12 75
12 89
12 69
12 71
12 17
12 36
12 32
12 46
12 81
13 95
13 79
13 93
13 35
13 29
13 43
13 50
13 93
13 73
14 78
14 53
14 71
14 17
14 50
14 70
14 80
14 50
15 74
15 46
15 47
15 38
15 68
15 81
15 43
15 20
15 28
15 93
15 40
15 44
15 17
15 89
15 63
15 89
15 20
15 53
15 21
16 25
16 25
16 74
16 68
16 45
16 92
17 32
17 47
17 84
17 76
17 84
17 20
17 87
18 36
18 31
18 30
18 58
18 93
18 40
18 66
18 49
18 80
18 72
18 95
18 33
19 48
19 33
19 73
19 61
19 82
19 50
19 59
19 65
19 80
19 93
19 41
20 60
20 36
20 50
20 87
20 67
20 61
20 55
20 39
20 74
20 70
20 35
20 43
20 77
21 88
21 45
21 67
21 29
21 67
21 63
21 72
21 62
21 97
21 23
21 45
21 52
22 47
22 97
22 41
22 61
22 49
22 24
22 87
22 34
22 32
23 46
23 64
23 71
24 61
24 50
24 72
24 96
24 62
24 87
24 26
25 90
25 78
25 71
25 44
25 68
26 36
26 88
26 90
26 86
26 33
26 68
26 35
27 37
27 69
27 67
28 34
28 62
28 76
29 44
29 68
29 51
29 99
29 56
29 95
29 81
29 36
29 81
29 96
30 43
30 69
30 52
30 71
30 69
30 80
31 37
32 67
32 50
32 47
32 72
32 81
32 86
32 39
33 79
33 50
33 34
34 59
34 78
34 78
34 82
34 62
34 65
34 96
34 69
34 41
34 64
34 85
35 56
35 73
35 42
35 47
35 42
35 48
35 51
36 85
36 40
36 90
36 60
37 70
37 81
37 54
37 76
38 91
38 94
38 94
38 92
38 45
39 68
39 64
39 80
39 71
40 85
40 82
40 81
40 69
40 95
40 97
41 48
41 68
41 97
41 46
41 86
41 80
41 56
41 49
41 81
42 64
42 53
42 92
42 51
42 61
42 81
42 78
42 68
42 73
43 91
43 65
43 90
43 69
43 44
43 57
44 90
44 96
44 47
44 81
44 99
44 62
44 77
45 59
45 54
45 64
45 56
46 55
46 65
46 78
46 82
46 83
46 85
46 50
46 84
46 60
47 85
47 66
47 53
47 55
47 66
47 67
48 74
48 93
48 80
48 93
48 82
49 70
49 59
49 83
49 70
49 59
49 67
50 99
50 99
50 67
51 83
51 69
51 84
51 55
51 75
51 78
51 76
52 91
52 93
52 87
52 99
52 89
52 81
52 87
53 88
53 55
54 81
54 73
54 75
55 91
55 88
55 56
55 87
56 87
56 75
57 88
57 81
57 74
58 62
58 77
58 63
58 97
59 88
59 94
60 74
60 99
61 75
61 89
61 76
61 64
61 71
62 68
62 97
62 93
63 87
63 70
64 80
64 83
64 74
65 73
65 72
65 89
65 74
66 90
66 71
66 91
66 86
67 75
67 86
68 85
68 88
69 91
69 88
69 98
70 73
71 83
71 84
71 79
72 82
73 89
73 95
74 85
74 83
75 96
76 79
76 79
77 95
77 90
77 85
78 79
79 97
79 84
79 84
79 96
80 95
80 82
80 86
80 87
80 90
80 87
81 97
81 89
81 86
82 93
82 83
82 85
82 96
83 86
84 88
85 97
86 99
86 88
87 98
87 91
87 88
88 98
89 92
89 98
91 95
96 99
96 97
