0 50
0 83
0 96
0 98
0 23
0 44
0 48
1 52
1 49
1 93
1 32
1 76
1 94
1 39
1 38
1 62
2 53
2 93
2 40
2 34
2 80
2 15
2 18
2 5
2 29
2 10
3 87
3 28
3 68
3 6
4 58
4 7
4 9
4 51
4 76
4 43
4 17
4 95
5 92
5 38
5 65
5 14
5 73
5 48
5 64
5 87
5 53
6 88
6 8
6 66
6 20
6 98
7 67
7 17
7 73
7 89
7 27
7 65
7 61
7 17
7 65
7 44
7 73
7 21
7 12
7 22
8 54
8 73
8 11
8 49
8 69
8 46
8 65
9 77
9 60
9 15
9 74
9 17
9 95
9 97
9 38
9 68
9 73
9 37
9 58
10 30
10 20
10 56
10 15
10 32
10 18
10 95
10 88
10 55
10 62
10 57
11 85
11 47
11 26
11 27
11 74
11 56
11 41
11 67
11 12
11 84
11 31
12 60
12 80
12 55
12 56
13 79
13 16
13 86
13 76
13 50
13 15
13 88
13 47
13 70
13 14
14 59
14 79
14 56
14 66
14 56
14 93
14 58
14 47
14 70
14 78
14 60
14 31
14 68
15 31
15 35
15 55
15 42
15 84
15 66
15 61
16 40
16 82
16 94
16 35
16 67
16 34
16 41
16 65
17 49
17 86
17 81
17 80
17 28
17 88
17 20
18 38
18 72
18 70
18 74
18 28
18 27
18 79
18 20
19 88
19 31
19 91
19 56
19 85
19 38
20 33
20 61
20 86
20 97
20 82
20 80
20 67
20 82
20 25
20 72
20 90
20 70
20 41
21 64
21 52
21 26
21 79
21 63
21 75
21 85
21 49
21 56
21 71
22 55
22 73
22 86
22 73
22 64
22 51
22 28
22 89
22 70
23 33
23 72
23 33
23 41
23 54
23 63
23 43
23 85
23 26
23 46
23 54
23 81
24 69
24 83
24 93
24 32
24 50
24 78
24 47
25 35
25 41
25 40
25 46
25 69
25 86
26 60
26 36
26 49
26 53
26 75
26 57
26 88
26 67
27 52
27 43
27 45
27 97
27 45
27 54
27 51
27 76
28 33
28 42
28 77
28 80
28 77
28 98
28 84
29 88
29 51
29 47
29 92
29 60
29 86
29 62
30 53
30 69
30 84
30 39
30 54
30 32
30 98
30 31
31 67
31 33
31 96
32 48
32 86
32 65
32 36
32 75
32 94
32 80
33 48
33 56
33 98
33 88
33 64
33 36
34 39
34 83
34 67
34 50
35 91
35 67
35 93
35 60
35 64
35 80
36 38
36 64
36 61
36 96
36 75
36 43
36 74
36 83
36 87
36 95
37 57
37 98
37 53
37 66
37 68
37 77
37 59
37 45
38 86
38 87
38 46
38 41
38 63
38 78
38 75
38 51
39 81
39 52
39 43
39 63
40 70
40 99
40 86
40 93
40 88
40 85
40 44
41 43
41 59
41 45
41 73
41 49
41 68
42 98
42 75
42 88
42 47
42 54
42 99
42 45
42 46
43 89
44 98
44 86
44 45
44 48
44 45
44 65
45 52
45 55
45 70
45 98
45 55
46 94
46 86
46 52
47 54
47 64
47 74
47 75
48 56
48 88
48 87
48 99
48 51
49 85
49 69
49 88
49 69
49 56
49 87
50 78
50 77
50 70
50 85
50 83
50 69
50 92
51 96
51 87
51 69
51 96
51 52
51 83
51 61
51 68
52 64
52 77
52 77
53 89
53 98
53 70
54 93
54 84
56 57
56 91
57 83
57 84
57 77
58 80
58 63
58 79
58 60
58 88
58 63
59 79
59 66
59 62
59 99
60 87
60 97
60 86
61 70
61 83
61 70
62 97
62 93
62 94
62 87
62 93
63 91
63 92
63 66
64 67
64 77
64 84
65 88
65 98
65 68
65 67
65 71
66 70
66 99
66 78
66 79
66 73
66 84
66 89
67 97
67 98
67 70
67 68
67 73
68 92
68 70
68 89
69 94
69 73
70 96
70 99
71 84
71 79
72 83
72 95
72 74
72 94
73 82
73 88
73 95
73 74
73 87
74 86
74 94
74 98
74 87
74 92
75 77
75 95
75 87
75 99
76 94
77 78
77 92
77 86
77 96
78 81
78 93
78 85
78 83
79 91
80 88
82 86
82 89
83 88
83 98
84 87
84 96
86 91
87 94
87 89
87 95
88 99
88 95
88 90
88 98
89 90
90 95
92 95
94 95
