0 74
0 23
0 7
0 27
0 4
0 15
0 21
0 90
0 5
0 48
1 79
1 37
1 43
1 34
1 29
1 46
1 24
1 66
1 55
1 87
1 55
1 19
1 75
1 87
1 16
2 26
2 30
2 76
2 46
2 36
2 15
2 15
2 87
2 85
2 26
3 97
3 89
3 46
3 89
4 77
4 5
4 22
4 79
4 91
4 22
4 97
5 78
5 17
5 19
5 50
5 54
5 54
5 63
5 53
5 63
5 88
6 86
6 65
6 48
6 49
6 43
6 78
6 12
6 33
6 14
7 52
7 79
7 18
7 84
7 50
7 29
7 54
7 32
8 75
8 70
8 74
8 67
8 60
8 31
8 93
8 83
8 93
9 93
9 53
9 22
9 11
9 92
9 46
9 86
9 75
9 95
9 61
9 58
10 30
10 68
10 68
10 71
10 59
11 65
11 96
11 59
11 64
11 76
11 65
11 60
11 45
12 31
12 29
12 76
12 27
12 76
12 37
12 42
12 96
12 70
13 64
13 32
13 88
13 53
13 50
13 61
13 20
13 73
13 87
13 59
14 23
14 54
14 33
14 59
15 81
15 73
15 39
15 67
15 42
15 21
15 31
15 21
15 45
15 52
15 18
16 19
16 58
16 47
16 73
16 26
16 41
16 69
16 76
16 32
17 19
17 27
17 31
17 18
17 22
17 82
18 55
18 65
18 98
18 27
18 96
18 53
18 63
18 86
18 56
18 87
19 81
19 35
19 62
19 64
19 93
19 36
19 24
19 21
19 82
19 92
20 89
20 61
20 54
20 28
20 53
20 21
20 77
21 25
21 81
21 44
21 99
21 91
21 93
21 70
21 82
22 49
22 94
22 43
22 52
22 71
22 89
22 94
22 96
22 60
22 36
23 76
23 54
23 58
23 39
23 42
24 70
24 69
24 79
24 46
24 71
24 71
24 41
24 25
25 60
25 80
25 62
25 97
25 47
25 35
25 43
25 95
26 48
26 61
26 46
26 52
26 71
27 61
27 52
27 80
27 62
27 80
28 57
28 96
28 49
28 44
28 50
28 91
28 69
29 39
29 56
29 83
29 96
29 38
29 89
29 56
29 61
29 58
30 46
30 57
30 33
30 87
30 61
30 52
30 80
30 35
30 50
30 62
30 90
31 47
31 53
31 88
31 62
31 43
31 46
31 84
32 53
32 70
32 63
32 65
32 40
32 70
33 96
33 67
33 46
33 54
33 70
33 87
33 60
33 39
33 45
34 45
34 48
34 80
34 44
34 53
34 54
35 52
35 87
35 72
35 89
35 41
36 94
36 92
36 73
36 79
36 87
36 57
37 50
37 56
37 81
37 55
37 61
37 93
37 52
37 89
37 49
38 68
38 95
38 95
38 67
39 52
39 57
40 80
40 56
40 87
40 96
40 45
40 73
40 87
41 82
41 45
41 67
41 75
41 96
42 72
42 85
42 82
42 62
43 77
43 90
43 55
43 99
43 53
43 95
44 65
44 69
44 60
44 76
44 80
44 56
45 95
45 99
45 77
45 60
45 71
45 53
45 56
46 81
46 81
46 92
46 90
46 59
46 85
46 99
46 65
47 68
47 57
47 49
47 52
47 60
47 53
47 98
47 85
47 93
47 78
48 50
48 52
48 65
48 90
48 52
49 93
49 96
49 71
49 75
50 92
50 96
50 74
50 64
50 90
50 95
50 58
50 79
51 97
51 88
51 73
52 62
52 76
52 95
52 69
52 57
52 81
53 66
53 92
53 59
53 97
54 90
54 78
54 56
54 63
55 76
55 63
55 98
55 72
56 84
56 84
56 78
57 91
57 79
57 63
57 68
57 67
57 94
57 96
57 81
58 66
58 96
58 70
58 59
59 75
59 65
59 95
59 61
59 97
61 85
61 94
61 75
61 92
62 89
62 82
62 74
62 89
62 91
63 99
63 67
63 67
64 84
65 84
65 76
65 93
66 67
66 89
66 68
66 99
66 86
66 74
66 89
66 90
67 95
67 79
67 98
68 81
68 96
71 90
71 90
72 87
73 78
73 85
73 89
73 91
73 87
73 91
73 94
73 74
74 90
74 76
74 88
74 85
74 76
75 89
75 79
76 95
77 96
77 87
77 88
78 92
78 91
79 83
79 89
80 85
80 90
80 98
80 85
81 94
81 94
82 98
83 92
83 97
84 85
84 85
86 95
88 95
89 91
89 99
90 92
90 93
91 99
91 99
93 98
93 97
96 99
