0 92
0 1
0 97
0 19
0 97
0 72
0 92
0 5
0 94
1 46
1 20
1 79
1 9
1 34
1 71
1 81
2 41
2 11
2 90
2 76
2 86
2 82
2 78
3 83
3 70
3 33
3 98
3 76
3 15
3 60
3 80
3 26
3 6
3 67
4 71
4 70
4 11
4 63
4 92
4 61
4 92
4 48
4 65
5 6
5 98
5 40
5 74
5 24
5 12
5 97
5 53
5 31
5 17
5 34
5 67
5 11
5 14
5 79
5 68
6 10
6 26
6 71
6 18
6 24
6 94
7 11
7 61
7 87
7 53
7 36
7 24
7 88
7 91
7 76
8 50
8 82
8 51
8 86
8 38
8 72
8 72
8 29
8 79
8 60
8 37
9 11
9 53
9 24
9 40
9 56
10 72
10 66
10 38
10 41
10 19
10 73
10 42
10 95
10 13
10 21
11 18
11 16
11 58
11 49
11 24
12 17
12 27
12 34
12 42
12 35
12 87
12 42
12 32
12 32
12 70
13 62
13 67
13 29
13 90
13 25
13 61
13 95
13 38
13 77
13 55
14 35
14 52
14 85
14 29
14 68
14 86
14 56
14 57
14 35
14 54
14 40
14 45
14 66
15 68
15 35
15 77
15 94
15 67
15 45
15 48
15 33
15 50
15 55
16 86
16 39
16 17
16 54
16 80
16 91
16 92
17 30
17 26
17 60
17 85
17 50
17 54
17 39
17 94
17 78
17 54
17 23
17 88
17 85
18 73
18 45
18 96
18 47
18 91
18 28
18 63
18 25
18 27
18 85
19 50
19 31
19 58
19 90
19 79
19 30
20 80
20 64
20 70
20 83
20 67
20 95
20 57
20 71
20 94
21 69
21 41
21 82
21 64
21 93
21 61
21 51
21 69
21 83
21 23
21 58
21 59
21 85
22 23
22 90
22 45
22 96
23 82
23 27
23 81
23 84
23 90
23 26
23 41
23 45
23 80
24 34
24 65
24 45
24 74
24 44
24 53
24 68
24 64
24 87
24 90
25 90
25 84
25 70
25 35
25 89
25 51
25 30
26 76
26 58
26 59
26 99
26 61
26 44
26 50
27 82
27 75
27 79
27 46
27 72
28 36
28 48
28 61
28 67
28 42
28 51
28 31
28 94
28 64
28 98
28 48
28 53
29 55
29 73
29 35
29 60
29 35
30 75
30 34
30 32
31 49
31 51
31 74
31 59
31 73
31 91
31 46
31 71
31 58
31 72
31 54
31 54
31 84
31 90
31 39
31 99
32 66
32 55
32 80
32 92
32 58
32 92
32 80
33 65
33 92
33 45
33 67
33 36
33 34
33 43
33 72
33 93
33 37
34 41
34 70
34 79
34 36
34 66
35 97
35 69
35 84
35 55
35 61
35 71
35 45
35 96
35 73
36 63
36 67
36 51
37 51
37 97
37 70
37 94
37 44
38 43
38 77
38 58
38 99
39 48
39 78
39 88
39 62
39 45
39 50
39 82
39 95
39 61
39 90
40 98
40 41
40 50
40 86
41 49
41 64
41 49
41 69
42 74
42 46
42 60
42 70
43 68
43 48
43 68
43 44
43 59
43 61
44 74
44 98
44 97
44 86
44 92
45 67
45 62
45 71
46 48
46 82
46 95
47 49
47 92
47 82
47 85
48 70
48 85
48 93
48 82
48 52
49 79
49 84
49 58
49 75
50 59
50 71
50 88
50 73
50 72
50 82
51 98
51 91
51 62
51 95
52 95
52 98
52 77
53 98
53 99
53 91
53 63
53 89
53 73
53 81
53 95
53 98
53 72
54 55
54 96
54 60
54 66
55 56
55 84
56 99
56 97
56 61
56 98
56 72
57 60
57 96
57 78
57 85
57 63
57 63
57 97
58 66
58 60
58 98
58 72
58 97
58 94
59 73
59 69
60 72
60 81
60 74
60 67
61 82
61 65
61 75
62 96
62 86
62 71
62 83
62 95
63 83
63 89
64 67
65 92
65 72
66 95
66 87
66 82
66 75
67 99
67 74
68 89
68 76
68 93
68 85
68 75
68 96
69 80
70 95
70 97
70 94
70 96
71 74
71 85
71 78
71 78
71 87
72 86
72 96
72 99
72 97
72 77
73 90
73 85
73 91
74 97
75 76
76 85
76 99
77 90
77 98
77 98
78 99
78 99
78 82
80 84
80 95
81 94
81 96
81 89
82 88
82 87
85 96
85 96
85 86
86 96
87 90
88 99
88 93
94 95
