0 33
0 6
0 62
0 83
0 18
0 40
0 29
0 18
0 50
0 56
0 60
0 30
1 51
1 64
1 84
1 82
1 23
1 14
1 27
1 4
1 8
1 84
2 97
2 54
2 81
2 40
2 77
2 79
2 47
2 83
2 63
2 56
2 52
2 53
3 64
3 8
3 77
3 14
3 85
3 27
3 11
3 8
4 88
4 31
4 98
4 8
4 96
4 11
4 8
4 22
4 91
4 81
5 23
5 6
5 79
5 33
5 60
5 42
5 7
5 23
5 18
6 29
6 17
6 97
6 85
6 27
6 10
6 91
6 36
6 51
6 75
6 98
6 98
6 44
6 58
7 24
7 45
7 99
7 11
7 69
7 94
7 68
7 26
8 79
8 94
8 54
8 14
8 41
8 52
8 23
8 69
8 99
9 64
9 90
9 32
9 12
9 24
9 57
9 74
9 50
9 53
9 78
9 53
10 20
10 56
10 43
10 29
10 84
10 76
11 35
11 72
11 85
11 32
11 45
11 50
12 88
12 25
12 55
12 78
12 13
12 79
12 15
12 54
12 96
12 16
12 57
13 52
13 34
13 43
13 60
13 30
13 32
13 14
13 39
13 78
13 56
13 35
13 22
13 92
14 93
14 90
14 89
14 99
14 47
14 30
14 71
14 60
15 78
15 26
15 43
15 51
15 85
15 95
15 38
15 69
15 97
15 87
15 71
16 68
16 69
16 78
16 50
17 29
17 18
17 75
17 86
17 77
17 54
17 77
17 28
17 90
18 44
18 59
18 79
18 55
18 75
18 20
18 82
19 32
19 90
19 38
20 90
20 45
20 61
20 38
20 93
20 65
20 92
20 32
21 30
21 31
21 41
21 38
21 45
21 69
21 38
22 68
22 34
22 90
22 96
22 90
22 40
22 52
22 33
22 97
23 27
23 39
23 26
23 97
23 94
23 44
23 26
23 28
23 39
23 70
23 35
24 80
24 79
24 79
25 95
25 97
25 99
25 84
26 44
26 67
26 36
26 97
26 49
27 97
27 47
27 45
27 87
27 92
27 57
27 46
28 86
28 72
28 82
29 65
29 43
29 58
29 91
29 89
29 57
29 56
29 65
29 75
30 37
30 87
30 97
30 52
31 46
31 42
31 37
31 59
31 73
31 87
31 99
31 52
31 37
31 74
32 59
32 53
32 52
32 85
32 86
32 36
32 45
33 85
33 92
33 63
33 63
33 83
33 77
33 63
34 47
34 38
34 71
34 79
34 79
34 83
34 57
35 98
35 62
35 88
35 49
35 75
35 92
35 37
35 65
35 37
35 40
35 65
36 92
36 98
36 46
36 42
36 42
36 60
37 78
37 45
37 83
37 92
38 55
38 41
38 84
39 53
39 55
39 78
39 73
40 55
40 91
40 48
40 92
40 95
40 71
41 59
41 91
41 61
41 59
41 64
41 53
41 45
41 95
42 69
42 76
42 65
42 54
42 77
42 70
42 64
42 96
42 53
42 54
43 71
43 88
43 99
43 79
43 45
43 85
44 96
44 72
44 55
44 70
44 69
45 54
46 66
46 86
46 72
46 47
46 64
46 62
46 50
47 52
47 93
47 71
47 79
48 89
48 51
48 86
48 54
48 61
48 83
48 79
48 57
49 77
49 52
49 66
49 60
49 62
49 98
49 70
49 79
49 99
50 58
50 55
50 94
50 84
50 96
50 76
51 67
51 81
51 98
51 65
51 80
51 75
51 56
52 55
52 58
52 56
52 64
52 88
53 82
53 78
53 99
53 73
53 56
53 99
54 68
54 70
54 69
54 80
54 68
54 97
54 70
54 99
55 61
55 68
55 63
55 72
55 65
55 95
56 95
56 58
56 94
56 85
56 81
57 58
57 94
57 66
58 59
58 92
58 62
58 89
59 65
59 81
60 89
60 84
60 95
60 62
60 68
61 80
61 64
61 72
61 94
61 62
62 92
62 98
62 63
63 97
63 90
64 72
64 65
64 83
64 78
64 86
66 93
66 84
66 91
66 94
66 90
67 81
67 73
67 97
68 78
69 89
69 79
69 87
69 77
70 87
70 77
70 81
71 96
71 72
71 73
71 83
71 77
72 98
72 90
72 97
73 86
73 86
74 99
74 94
74 94
74 83
74 87
74 84
75 83
75 80
75 77
75 99
77 81
77 95
77 98
78 88
79 97
79 86
79 94
79 82
82 85
88 90
89 98
91 96
92 93
94 98
95 99
96 97
97 99
98 99
