0 32
0 55
0 45
0 23
0 67
0 3
0 76
0 40
1 2
1 20
1 78
1 80
1 98
1 57
1 65
1 21
1 9
1 39
1 58
1 5
1 39
1 62
2 27
2 83
2 79
2 46
2 59
2 49
2 67
2 58
2 53
2 32
2 81
2 60
3 91
3 28
3 54
3 86
3 89
3 8
3 17
3 97
3 5
4 16
4 69
4 89
4 72
4 75
4 5
4 43
4 15
4 98
4 89
5 93
5 99
5 77
5 77
5 42
5 43
5 10
5 78
6 25
6 86
6 81
6 54
6 8
7 78
7 19
7 67
7 89
7 85
7 84
7 87
7 48
7 76
7 65
7 17
7 49
7 80
8 65
8 35
8 37
8 59
8 49
8 13
8 68
8 72
9 97
9 98
9 94
9 15
9 78
9 73
9 93
10 95
10 76
10 88
10 82
10 17
10 73
10 87
10 95
10 50
10 35
10 93
11 93
11 70
11 65
11 87
11 13
11 51
11 78
11 41
11 18
12 83
12 58
12 59
12 28
12 58
12 25
12 37
12 38
12 95
12 82
12 24
12 56
12 44
12 22
12 88
13 95
13 82
13 60
13 23
13 43
14 67
14 26
14 59
14 74
14 64
14 38
14 57
14 17
14 21
15 75
15 52
15 85
15 71
16 28
16 71
16 35
16 47
16 98
16 55
16 26
17 73
17 26
17 58
17 61
17 35
17 91
17 32
17 87
17 44
18 36
18 66
18 92
18 59
18 67
18 88
18 77
18 45
18 87
19 24
19 66
19 31
19 54
20 68
20 71
20 26
20 23
20 52
20 73
20 63
20 56
20 43
21 45
21 66
21 90
21 42
21 41
21 98
21 83
21 70
22 69
22 33
22 82
22 84
22 54
22 76
22 69
22 55
22 33
22 35
23 65
23 71
23 52
23 28
23 50
23 29
23 29
23 51
23 46
24 37
24 68
24 59
24 91
24 63
24 38
24 77
24 52
25 50
25 65
25 73
25 45
25 56
25 86
25 42
25 60
25 42
25 90
25 77
25 65
26 69
26 68
26 29
26 62
26 40
26 89
26 97
26 50
26 30
26 73
27 61
27 30
27 39
27 70
27 97
27 73
28 58
28 80
28 96
28 97
29 82
29 55
29 54
29 61
29 54
29 56
29 38
29 60
29 66
30 97
30 94
30 98
30 66
30 53
30 87
30 53
30 40
30 33
31 56
31 36
31 87
31 44
31 89
31 97
32 62
32 82
32 84
32 92
32 97
32 81
32 35
33 65
33 98
33 78
33 65
33 67
33 99
34 97
34 48
34 78
34 55
34 52
34 48
34 85
34 92
34 88
35 54
35 68
35 80
35 46
35 41
36 53
36 89
36 60
36 47
37 57
37 67
37 71
38 39
38 59
38 99
38 79
38 83
38 73
38 82
38 60
38 40
38 86
39 90
39 48
39 91
39 59
39 62
40 87
40 69
40 46
40 71
40 67
40 50
41 98
41 51
41 49
41 89
41 75
41 64
42 65
42 60
42 54
42 98
42 57
42 70
43 81
43 64
43 99
43 74
43 44
43 53
43 86
43 59
43 66
44 70
44 47
44 96
45 98
45 66
45 87
45 78
45 87
46 59
46 71
46 61
46 63
47 93
47 68
47 55
47 80
48 65
48 61
48 67
49 58
49 86
49 90
49 52
49 96
49 94
49 65
49 64
50 99
50 91
50 98
50 97
50 98
50 51
50 54
51 63
51 98
51 58
51 78
51 86
51 72
52 86
52 79
52 74
53 66
53 73
53 77
53 67
53 55
53 66
54 60
54 90
54 84
54 60
55 98
55 83
55 92
55 97
55 81
55 83
55 88
56 96
56 82
56 97
56 64
57 61
57 58
57 77
57 79
58 68
58 64
58 97
59 90
59 93
59 96
59 98
59 76
60 67
60 91
60 78
60 68
62 91
62 98
62 92
63 64
63 77
63 65
64 81
64 99
64 84
64 78
65 94
65 90
65 95
65 76
65 84
65 78
66 89
67 89
67 85
67 77
67 78
67 74
67 68
68 92
69 90
69 77
69 97
69 87
69 92
70 97
70 83
70 94
70 77
70 87
71 81
71 84
72 78
72 99
72 95
73 93
73 87
74 96
75 77
76 80
76 81
76 93
77 97
77 85
77 93
77 86
77 94
78 99
78 85
79 90
79 83
79 96
79 90
80 92
80 92
81 90
81 95
81 84
81 84
85 93
86 98
90 99
90 96
94 99
