0 95
0 88
0 29
0 23
0 30
0 70
0 41
0 74
0 45
0 15
0 19
0 96
0 69
1 39
1 37
1 2
1 9
1 15
1 63
1 39
1 68
1 11
1 74
2 79
2 18
2 73
2 67
2 20
2 96
2 56
2 63
2 48
2 65
2 95
2 39
3 57
3 51
3 99
3 64
3 92
3 58
3 73
3 32
3 25
3 32
4 52
4 96
4 47
4 93
4 58
4 40
4 47
4 77
4 83
4 27
4 80
4 18
5 77
5 21
5 66
5 30
5 51
5 85
5 85
5 84
6 66
6 33
6 70
6 26
6 54
7 23
7 80
7 27
8 76
8 71
8 10
8 35
8 46
8 47
8 65
8 89
9 77
9 19
9 15
9 47
9 38
9 95
9 66
9 13
9 61
9 94
9 48
10 98
10 84
10 27
10 16
10 86
10 24
10 68
11 70
11 72
11 55
11 33
11 28
11 18
11 33
11 36
11 98
11 87
11 71
12 73
12 20
12 41
12 84
12 83
12 60
12 35
12 26
12 90
12 63
13 20
13 73
13 51
13 67
13 73
13 20
13 21
13 45
13 46
13 58
14 78
14 34
14 45
14 62
14 25
14 46
14 23
14 91
14 39
14 75
14 50
15 61
15 68
15 92
15 27
15 17
15 63
15 24
15 63
15 91
15 84
15 73
16 65
16 62
16 81
16 78
16 31
16 89
16 65
16 87
16 69
16 76
16 22
16 23
16 24
17 62
17 99
17 43
17 55
18 78
18 83
18 86
18 83
18 33
18 36
18 95
18 59
18 50
18 86
19 69
19 85
19 93
19 94
19 89
19 98
19 47
19 88
20 80
20 36
20 60
20 81
20 37
20 68
20 29
20 28
21 40
21 48
21 83
21 95
21 72
21 74
21 81
22 48
22 65
22 25
22 69
23 77
23 56
23 91
23 82
23 69
23 79
23 33
23 65
23 95
23 80
23 60
23 27
24 34
24 85
24 75
24 83
24 93
24 51
24 87
24 71
25 57
25 61
25 94
25 66
25 61
25 44
25 88
25 89
26 51
26 42
26 28
26 89
27 58
27 54
27 33
27 98
27 69
27 66
27 62
27 58
27 70
27 93
27 56
28 81
28 67
28 55
28 33
28 33
28 58
28 87
29 86
29 33
29 90
29 62
29 53
30 81
30 31
30 40
30 77
30 92
30 57
30 90
31 89
31 99
31 66
31 45
31 52
31 33
31 40
31 99
31 85
31 40
31 66
31 48
31 83
31 58
32 37
32 55
32 94
32 59
32 47
32 70
32 88
32 58
32 69
32 57
33 65
33 97
33 35
33 69
33 87
33 54
34 61
34 53
34 95
35 77
35 99
35 48
35 51
35 72
35 64
35 74
36 62
36 86
36 70
36 88
36 86
36 47
36 77
36 67
36 47
37 40
37 40
37 93
37 79
37 95
37 87
38 47
38 87
39 59
39 51
39 90
39 66
39 74
40 87
40 55
40 56
40 65
40 59
41 81
41 55
41 61
41 65
41 94
41 59
42 44
42 56
42 69
42 94
43 90
43 46
43 73
43 66
43 99
43 96
43 67
44 50
44 59
44 72
44 46
44 82
44 76
45 62
45 95
45 57
45 79
45 89
46 51
46 59
47 56
47 78
47 85
47 68
47 68
47 84
48 76
48 65
48 70
49 67
49 53
49 67
49 74
50 80
50 91
50 94
50 80
50 55
50 92
50 81
51 67
51 68
51 94
51 63
51 59
51 72
51 68
52 92
52 71
53 76
53 81
53 78
53 65
53 78
54 96
54 85
54 79
54 91
55 71
55 87
56 97
56 74
56 60
56 70
56 70
56 62
57 84
57 81
57 73
57 89
58 70
58 92
58 92
58 77
58 74
59 82
59 64
59 79
59 92
60 74
60 87
61 70
61 80
61 88
61 81
62 80
63 90
63 64
63 93
63 90
64 83
64 70
64 98
64 98
65 91
65 90
65 67
65 82
65 71
66 81
66 91
66 79
66 78
66 88
66 88
66 76
67 83
67 78
67 98
67 74
68 87
68 83
69 99
69 76
69 72
70 84
70 78
70 75
72 82
73 80
73 94
73 94
73 84
74 97
74 86
74 95
74 94
74 86
74 91
75 96
75 88
76 91
76 90
76 83
77 87
78 86
78 96
79 95
79 97
80 95
80 98
81 92
82 88
83 98
85 90
87 96
88 92
88 98
88 93
89 91
89 95
89 90
91 97
92 95
93 95
