0 28
0 77
0 63
0 4
0 18
1 37
1 76
1 53
1 13
1 13
1 20
1 74
1 26
1 48
2 63
2 80
2 85
2 95
2 58
2 29
2 88
2 96
2 35
2 50
3 99
3 79
3 96
3 15
3 58
3 93
3 58
3 89
3 31
4 95
4 13
4 98
4 10
4 35
4 91
4 92
4 25
4 31
4 51
4 71
4 71
4 59
4 64
4 10
5 71
5 98
5 59
5 17
5 18
5 32
5 87
5 79
5 51
5 45
5 84
5 12
6 65
6 91
6 97
6 26
6 7
6 75
6 42
6 60
6 42
6 71
7 66
7 88
7 13
7 99
7 33
7 38
7 11
7 43
7 27
7 93
7 8
7 33
7 44
8 23
8 97
8 23
8 96
8 96
8 11
8 96
9 97
9 20
9 66
9 97
9 20
9 59
9 20
10 19
10 76
10 77
10 36
10 40
10 36
10 74
10 68
10 33
10 81
10 70
11 28
11 47
11 48
11 90
11 20
11 95
11 40
11 38
11 73
12 13
12 22
12 56
12 17
13 61
13 49
13 44
13 19
13 40
13 66
13 51
13 65
14 53
14 89
14 64
14 39
14 21
14 75
14 70
14 15
14 93
14 95
14 74
14 22
15 78
15 25
15 24
15 29
15 74
15 24
15 27
16 56
16 24
16 36
16 69
16 33
16 85
16 19
16 63
16 32
16 95
16 97
17 25
17 41
17 42
17 53
18 46
18 36
18 80
18 19
18 30
18 56
18 84
18 45
19 91
19 22
19 23
19 67
19 45
20 78
20 82
20 27
20 74
20 86
20 86
20 24
20 93
20 82
20 26
21 72
21 36
21 32
21 87
21 86
21 85
22 99
22 62
22 37
22 97
22 79
22 74
22 80
22 81
22 33
22 76
23 41
23 40
23 46
23 77
23 42
23 36
23 45
23 44
23 34
24 30
24 45
24 44
24 91
24 38
24 53
24 97
25 31
25 66
25 48
25 90
25 88
25 88
25 73
25 91
25 64
26 54
26 97
26 34
26 58
26 96
26 68
26 41
26 63
26 98
27 86
27 74
27 32
27 39
27 48
27 69
27 57
27 47
28 99
28 40
28 96
28 90
29 53
29 39
29 93
29 74
29 65
29 42
29 53
29 67
29 69
29 38
29 35
29 71
29 42
29 91
30 91
30 87
30 78
30 61
30 66
31 37
31 43
31 39
31 66
31 61
31 93
32 43
32 90
32 67
33 34
33 61
33 59
33 61
33 73
33 45
33 74
33 87
33 87
33 53
33 81
33 72
33 74
33 41
33 90
34 58
34 79
34 93
34 46
34 95
34 71
34 59
34 46
34 75
34 48
35 81
35 61
35 93
35 49
35 38
35 36
35 89
35 75
36 63
36 81
36 88
36 59
36 58
37 54
37 68
37 47
37 89
38 43
38 57
38 79
38 80
38 54
38 76
38 39
38 89
38 57
39 96
39 55
39 55
39 46
39 97
40 85
40 43
40 67
40 80
41 73
41 80
41 93
41 99
41 95
41 47
41 91
41 42
41 73
42 46
42 77
42 71
43 52
43 99
43 45
43 99
43 80
44 92
44 82
45 69
45 99
45 59
45 76
46 70
46 98
47 98
47 69
47 65
47 67
47 80
48 58
48 96
48 66
48 91
48 65
49 56
49 80
49 96
50 63
50 61
50 95
50 88
50 56
50 57
50 86
50 68
51 82
51 68
52 97
53 65
54 83
54 90
54 80
55 66
55 77
55 89
55 99
56 99
56 68
56 74
57 91
57 59
57 72
57 86
58 80
58 82
58 87
59 83
59 63
59 72
59 87
60 79
60 92
60 77
60 77
61 80
61 80
61 87
62 80
62 86
62 82
62 82
62 68
62 90
62 79
63 93
63 74
63 85
63 69
63 79
64 95
64 79
64 82
64 96
64 98
64 90
64 69
65 79
65 74
65 76
65 89
66 84
66 82
66 75
67 95
67 81
68 71
68 91
68 72
68 92
68 74
69 93
69 91
69 89
70 89
70 71
70 89
70 83
71 87
72 84
72 78
72 73
73 81
73 88
73 97
73 96
73 93
74 83
74 86
75 78
75 86
75 78
76 92
76 90
76 92
76 94
76 97
77 81
77 85
78 96
78 88
78 83
79 99
80 85
81 83
81 86
81 93
81 95
82 88
83 85
84 99
85 99
86 99
86 93
86 96
86 97
87 94
88 91
91 93
92 96
93 95
95 96
95 99
98 99
