0 87
0 24
0 64
0 58
0 48
0 66
0 81
0 33
0 61
0 53
1 4
1 50
1 23
1 87
1 19
1 97
1 19
1 20
1 46
1 58
2 46
2 86
2 32
2 13
2 68
2 3
2 67
2 7
2 67
2 41
2 87
2 70
2 21
2 59
2 32
3 51
3 68
3 18
3 15
3 67
3 80
3 82
3 97
3 53
3 93
3 32
3 79
3 86
3 44
3 43
3 14
3 4
4 30
4 26
4 50
4 70
4 86
4 94
4 15
4 52
5 46
5 10
5 77
5 7
5 43
5 42
5 86
5 31
6 84
6 30
6 16
6 21
6 50
6 29
7 87
7 96
7 15
7 81
8 80
8 41
8 55
8 58
8 91
8 36
8 35
8 43
8 72
8 95
8 90
8 59
9 95
9 89
9 28
9 95
9 32
9 33
9 57
9 43
9 90
9 18
9 99
10 34
10 38
10 35
10 77
10 26
10 41
10 30
10 36
10 71
10 98
10 86
10 21
10 70
11 62
11 72
11 60
11 14
11 21
12 44
12 66
12 56
12 80
12 63
12 58
12 41
12 46
12 40
13 51
13 18
13 16
13 50
13 20
13 43
13 79
14 56
14 97
14 32
14 67
14 28
14 91
14 76
14 23
14 85
14 89
14 86
14 90
14 44
15 95
15 63
15 97
15 74
15 30
15 27
15 81
15 87
16 93
16 55
16 53
16 28
16 74
16 56
16 81
16 34
16 94
16 17
16 85
17 98
17 96
17 96
17 40
17 29
17 43
18 60
18 37
18 39
18 82
18 34
18 59
18 67
18 43
18 62
19 67
19 89
19 33
19 21
19 25
19 22
19 34
19 90
19 37
19 63
20 86
20 61
20 89
20 70
21 27
21 51
21 45
21 95
21 25
21 98
21 80
21 93
22 57
22 95
22 90
22 88
22 96
22 54
22 93
23 98
23 89
23 50
23 60
23 84
23 57
23 78
23 27
23 26
23 58
23 81
23 69
24 96
24 66
24 91
24 51
24 30
24 25
24 76
24 99
24 49
25 82
25 80
25 82
25 92
25 60
26 75
26 62
26 57
26 28
26 85
26 86
26 59
26 79
26 86
27 54
27 81
27 94
27 55
28 39
28 61
28 95
28 30
28 71
28 75
28 90
28 97
28 96
28 99
28 37
29 45
29 54
29 37
29 61
29 75
29 30
29 56
29 45
29 63
29 88
29 96
30 91
30 50
30 44
31 59
31 49
31 60
31 44
31 98
31 74
31 55
32 82
32 54
32 74
32 68
32 71
33 61
33 50
33 68
33 66
34 62
34 37
34 79
35 54
35 59
35 68
35 38
35 88
35 95
36 53
36 79
36 85
36 77
36 43
36 80
36 90
36 68
36 62
36 54
36 44
36 59
37 93
37 81
37 64
37 40
37 50
37 89
37 96
37 81
37 58
37 58
37 98
38 48
38 87
39 47
39 61
40 77
40 80
40 44
40 79
40 53
41 99
41 60
41 48
41 50
41 87
41 56
42 87
42 44
42 47
42 52
43 66
43 77
43 71
43 52
44 81
44 62
44 81
44 86
44 81
45 67
45 56
45 87
45 62
45 65
45 72
46 67
46 54
46 57
46 72
46 87
47 50
47 53
47 62
47 81
47 69
48 94
48 94
48 51
48 87
49 85
49 80
49 85
49 96
49 67
49 60
49 52
49 75
49 90
50 87
50 52
50 86
51 76
51 83
51 98
51 91
51 89
51 56
51 97
51 55
51 64
52 59
52 82
52 55
52 76
52 56
52 87
52 61
53 75
53 80
53 86
53 66
53 61
53 94
53 77
53 85
53 89
53 92
54 92
54 63
54 75
54 80
54 79
54 65
54 59
55 82
55 94
56 69
56 62
56 71
56 67
56 72
56 82
56 61
57 72
57 58
57 82
58 64
58 97
58 65
58 76
60 81
60 80
60 70
60 69
60 93
60 91
60 75
60 89
61 71
61 73
62 69
63 90
63 82
63 98
64 66
64 76
64 89
65 69
65 93
65 86
65 96
65 69
66 69
66 68
66 78
66 69
67 91
67 95
67 84
68 84
68 72
68 69
69 78
70 93
70 74
70 98
71 77
72 80
72 84
72 84
73 95
73 90
74 87
75 84
75 87
76 93
76 95
76 83
77 94
77 89
78 87
78 96
81 90
82 93
82 93
83 84
83 85
83 94
83 96
88 93
89 96
90 93
90 92
90 98
92 98
93 95
95 98
97 99
