0 28
0 70
0 42
0 97
0 62
0 14
0 7
0 11
0 77
0 66
1 15
1 98
1 39
1 65
1 89
1 72
1 59
1 82
1 74
1 30
1 61
1 24
1 66
1 49
1 37
2 69
2 9
2 40
2 85
2 15
2 27
2 10
2 11
2 7
2 98
2 11
2 32
2 6
2 70
2 68
3 97
3 23
3 70
3 98
3 43
3 49
3 77
3 33
3 63
3 93
3 33
4 76
4 54
4 61
4 8
4 28
4 95
4 14
4 79
4 66
5 53
5 85
5 57
5 21
5 99
5 12
5 98
6 91
6 52
6 17
6 29
6 59
6 20
6 97
6 91
6 88
6 12
6 92
7 55
7 58
7 54
7 29
7 86
7 27
7 86
7 31
8 94
8 64
8 85
8 31
8 77
8 10
8 87
8 69
8 52
9 83
9 14
9 83
9 17
9 80
9 53
9 48
9 36
9 93
10 28
10 15
10 95
10 65
10 39
11 63
11 57
11 29
11 81
11 89
11 79
11 49
12 40
12 57
12 25
12 38
12 78
12 44
12 69
12 60
12 45
12 46
13 62
13 89
13 64
13 41
13 72
13 30
13 98
13 15
13 23
13 14
13 72
13 61
14 68
14 16
14 49
14 48
14 19
14 59
14 55
14 83
14 29
14 74
15 56
15 31
15 46
15 88
15 16
16 40
16 25
16 72
16 21
16 46
16 94
16 80
16 76
16 29
17 32
17 55
17 44
17 75
17 67
17 85
17 30
17 70
17 24
17 20
17 66
17 84
18 43
18 23
18 48
18 80
18 69
18 88
18 96
18 99
18 35
18 89
19 28
19 46
19 57
19 80
19 49
19 94
19 98
19 45
19 59
19 51
20 94
20 30
20 88
20 76
20 44
21 79
21 97
22 78
22 76
22 70
22 75
22 68
22 57
22 46
22 54
22 92
22 80
23 65
23 55
23 67
23 40
23 44
23 76
23 67
23 71
23 29
23 34
24 48
24 77
24 99
24 62
24 46
25 33
25 53
25 64
25 35
25 57
25 49
25 95
26 73
26 68
26 49
26 79
26 62
26 49
26 58
26 53
27 68
27 50
27 65
27 30
27 53
27 38
27 71
27 93
28 81
28 81
28 37
28 77
28 51
28 38
29 94
29 86
29 97
29 69
29 91
29 52
30 78
30 38
30 89
30 51
30 83
30 81
30 95
30 53
30 81
30 98
30 81
30 45
30 52
31 98
31 77
31 66
31 90
31 41
31 42
31 77
31 89
31 54
31 51
31 95
31 49
31 89
32 82
32 40
32 48
32 96
33 70
33 43
34 41
34 91
34 40
34 35
34 79
34 66
34 85
34 92
35 93
35 79
35 91
36 42
36 37
36 90
36 87
36 42
37 53
37 52
37 43
37 96
37 48
37 51
37 75
37 59
37 96
37 38
37 43
38 58
38 62
38 99
38 78
38 43
38 50
38 70
38 81
38 39
39 40
39 62
39 94
39 84
39 58
39 50
39 69
40 63
40 48
40 60
40 50
40 59
41 91
41 59
41 78
42 88
42 82
42 86
42 96
42 73
42 43
42 46
42 48
42 83
42 81
43 56
43 58
43 48
44 79
44 65
45 65
45 71
45 72
45 72
45 59
45 51
45 63
45 67
45 60
46 64
46 49
46 84
46 76
46 91
46 63
46 47
47 64
47 79
47 90
47 54
47 58
48 99
48 87
48 58
48 61
48 63
49 92
49 58
49 68
49 96
49 60
49 76
49 90
49 86
49 54
49 96
49 61
50 94
50 64
50 94
50 65
50 96
51 73
51 79
51 69
51 99
51 80
52 82
52 94
52 81
52 82
52 74
53 90
53 87
53 98
53 68
53 73
53 84
53 84
54 73
54 83
55 85
55 75
55 77
55 64
56 87
56 63
56 88
56 83
56 78
56 92
57 96
58 85
58 71
58 92
58 70
59 61
59 71
59 98
59 91
59 72
59 88
60 76
60 99
61 65
62 64
62 70
64 81
64 86
64 92
65 71
65 73
65 73
65 92
65 95
66 72
66 84
66 99
66 80
67 97
68 90
68 96
68 74
68 90
68 69
69 74
69 96
70 74
70 72
70 91
71 91
72 78
73 79
73 82
73 96
73 93
74 97
74 78
74 94
74 82
74 89
75 93
75 83
75 97
76 81
76 83
77 99
78 79
78 94
79 97
79 92
79 97
80 87
81 82
82 90
85 88
85 87
88 96
90 94
90 99
91 98
