0 21
0 72
0 18
0 3
0 85
0 28
0 84
0 34
0 55
1 66
1 79
1 87
1 34
1 20
1 96
1 66
1 66
1 75
1 42
2 35
2 74
2 69
2 81
2 52
2 96
2 43
3 90
3 25
3 61
3 47
3 33
3 41
4 69
4 90
4 74
4 8
4 24
4 62
4 81
4 24
4 14
4 37
4 72
4 22
4 63
4 92
4 21
5 59
5 75
5 59
5 50
5 55
5 28
5 18
5 62
5 63
6 69
6 53
6 69
6 32
6 57
6 78
6 27
7 89
7 87
7 80
7 29
7 34
7 50
7 56
7 52
7 65
7 12
7 54
7 62
7 79
8 91
8 80
8 21
8 67
8 13
8 73
8 51
9 29
9 92
9 52
9 82
9 33
9 49
9 86
9 91
9 11
9 69
9 30
9 19
9 20
10 94
10 13
10 42
10 99
10 52
10 85
10 29
10 49
10 99
10 36
10 48
10 57
10 91
11 80
11 75
11 53
11 91
11 41
11 44
11 91
11 38
11 41
11 78
11 63
12 99
12 96
12 53
12 41
12 68
12 23
12 26
12 27
12 30
13 83
13 41
13 94
13 23
13 47
13 19
13 76
13 49
13 56
13 88
14 71
14 38
14 83
14 48
14 48
14 21
14 52
14 32
14 89
14 93
15 81
15 22
15 88
15 78
15 76
15 99
15 57
15 36
15 18
15 66
15 24
16 60
16 39
16 61
16 44
16 55
16 35
16 34
16 55
16 81
17 69
17 28
17 67
17 60
17 56
17 65
17 89
18 64
18 86
18 96
18 87
18 29
18 36
18 60
18 25
18 70
18 22
18 96
18 76
18 66
18 87
19 39
19 76
19 90
19 52
19 87
19 21
19 66
19 54
19 38
19 91
20 52
20 51
20 78
20 73
21 58
21 73
21 84
21 46
21 68
22 81
22 77
22 62
22 63
22 44
22 49
22 74
22 98
22 96
22 97
23 75
23 51
23 32
23 66
23 42
23 66
23 24
23 73
23 25
24 47
24 52
24 35
24 44
24 56
24 88
24 47
25 69
25 40
25 89
25 57
25 65
26 96
26 58
26 40
26 35
26 81
26 69
26 43
26 82
26 87
26 48
26 75
27 64
27 29
27 28
27 98
27 62
28 60
28 69
28 62
28 59
28 95
28 44
29 95
29 79
29 73
29 53
29 99
29 72
29 83
30 77
30 70
30 72
30 89
30 91
30 90
30 37
30 95
31 72
31 68
31 77
31 67
31 59
31 33
31 84
31 63
31 72
32 57
32 52
32 88
32 82
32 95
32 37
32 79
32 88
33 71
33 74
33 73
33 69
33 61
34 46
34 56
34 95
34 92
34 97
34 66
34 44
35 61
35 95
35 92
35 62
35 91
35 63
35 89
36 70
36 48
36 71
36 64
36 63
36 63
36 94
37 80
37 51
37 77
37 68
37 74
38 63
38 43
38 81
38 76
39 88
39 66
39 80
39 47
40 41
40 53
40 55
40 97
40 43
40 45
40 43
41 91
41 66
41 95
41 97
41 59
41 45
42 59
42 68
42 64
43 98
43 85
43 53
43 54
43 73
43 75
43 97
44 87
44 64
44 76
44 48
44 98
44 60
44 70
44 49
45 92
45 95
45 67
46 94
46 80
46 56
46 94
46 73
46 70
47 85
47 83
47 89
47 52
47 66
48 64
48 65
48 86
49 86
49 67
49 87
49 83
49 54
49 99
50 71
50 78
50 68
50 95
50 89
50 63
50 75
51 63
51 81
51 72
52 54
52 90
52 73
53 87
54 64
55 83
55 82
55 69
55 67
55 97
56 89
56 85
56 64
57 70
57 87
57 90
58 99
58 76
59 90
59 66
59 72
59 75
60 87
60 84
60 94
60 70
61 63
61 98
63 73
64 84
64 98
64 73
64 69
64 97
64 98
65 76
65 82
65 90
65 77
65 70
66 85
66 79
66 91
66 73
66 84
67 73
68 71
68 98
68 77
69 76
69 99
69 82
70 73
71 92
71 93
71 78
71 91
72 89
73 97
73 87
73 99
74 80
74 87
74 95
74 76
75 84
75 79
76 79
76 82
77 89
77 87
78 84
78 96
78 93
78 86
78 99
79 92
79 88
80 88
80 83
81 82
82 83
82 86
82 86
82 86
82 83
83 93
83 99
83 95
83 90
84 88
84 90
85 95
86 95
86 89
87 90
87 90
89 96
90 91
92 94
95 97
97 98
98 99
