0 59
0 76
0 75
0 14
0 20
0 21
1 34
1 18
1 62
1 22
1 14
1 48
2 72
2 16
2 86
2 15
2 14
2 70
2 5
2 85
2 13
2 89
3 77
3 63
3 68
3 72
3 33
3 40
3 80
3 53
3 8
3 67
3 28
3 47
4 58
4 24
4 27
4 77
4 37
4 24
4 29
4 42
4 14
4 12
4 93
5 64
5 83
5 20
5 21
5 67
5 30
5 68
5 61
6 15
6 59
6 45
6 8
6 22
7 87
7 30
7 93
7 77
7 65
7 67
7 38
7 60
7 10
7 32
7 47
8 81
8 95
8 87
8 46
8 9
8 70
8 24
9 75
9 35
9 69
9 42
9 66
9 34
10 95
10 58
10 88
10 81
10 83
10 65
10 41
10 30
10 65
10 72
10 45
10 74
10 50
10 49
11 31
11 31
11 60
11 37
11 55
11 55
11 51
12 49
12 16
12 33
12 55
12 32
12 83
12 36
13 45
13 67
13 75
13 16
13 23
13 98
13 71
13 85
13 52
13 47
13 50
13 29
13 52
13 59
14 50
14 82
14 18
14 51
14 51
14 30
14 62
14 77
14 25
15 85
15 95
15 88
15 25
15 98
15 69
15 84
15 64
16 45
16 91
16 56
16 78
16 20
16 97
16 24
17 64
17 72
17 96
17 37
17 83
17 80
17 87
18 19
18 94
18 72
18 59
18 81
18 83
18 39
18 79
18 87
18 97
19 83
19 91
19 38
19 62
19 53
19 49
19 45
19 21
20 64
20 82
20 34
20 49
20 53
20 96
20 46
20 86
20 95
20 86
20 56
20 26
21 83
21 97
21 93
21 32
21 67
21 32
22 94
22 23
22 61
22 53
22 59
22 89
22 30
23 90
23 36
23 35
23 49
23 93
23 80
23 32
23 30
24 48
24 44
24 68
24 75
24 74
24 73
24 58
24 77
24 96
25 99
25 65
25 60
25 64
25 91
25 29
26 76
26 55
26 91
26 66
26 72
26 51
26 50
26 89
26 64
26 34
26 52
27 33
27 68
27 35
28 73
28 52
28 88
28 69
28 96
28 89
28 93
28 35
29 38
29 95
29 46
29 70
29 36
29 55
29 56
30 45
30 96
30 50
30 34
30 62
30 54
30 49
31 38
31 68
31 67
31 58
31 74
31 38
31 80
32 34
32 66
32 53
32 98
32 91
33 65
33 52
33 69
33 43
33 92
33 52
34 97
34 47
34 41
34 85
34 88
34 83
34 80
35 51
35 73
35 84
35 98
35 66
36 83
36 74
37 65
37 77
37 89
37 74
38 78
38 90
38 46
38 79
39 42
39 57
39 56
39 72
39 76
39 86
39 69
39 93
39 45
40 92
40 99
40 56
41 78
41 45
41 54
41 59
42 54
42 69
42 46
42 68
42 77
42 73
43 48
43 56
44 48
44 83
44 72
44 81
45 86
45 66
45 49
45 74
45 85
46 62
46 79
46 88
46 53
46 92
46 82
47 66
47 69
47 66
47 93
47 67
47 71
47 66
47 82
48 85
48 63
48 68
48 87
48 90
48 93
48 54
48 67
49 61
49 71
49 71
49 89
49 57
50 84
50 51
50 85
50 57
50 94
50 85
51 66
51 93
51 72
52 78
52 86
52 58
52 78
52 55
52 75
53 87
53 71
53 70
53 98
53 90
54 97
54 72
54 93
55 93
55 96
55 69
55 91
56 66
56 85
56 92
57 99
57 74
57 89
57 67
58 94
58 75
58 89
58 91
59 87
59 93
59 73
59 99
59 76
60 64
60 82
60 73
60 73
61 98
61 83
61 74
61 99
61 63
62 77
62 85
62 68
62 95
63 78
63 71
63 66
63 94
63 82
63 83
63 92
64 65
64 97
64 66
64 73
64 86
65 68
65 88
65 84
65 74
66 79
66 94
66 77
66 72
66 97
67 77
67 91
67 85
68 92
68 76
68 89
68 92
68 97
69 71
69 73
69 82
70 76
70 80
71 92
71 90
72 86
72 94
72 77
73 98
74 95
74 83
74 80
74 82
74 98
75 97
75 89
75 99
75 87
76 99
77 96
78 82
78 82
78 90
78 85
78 90
78 91
79 95
79 95
79 99
80 89
80 86
80 84
81 85
81 85
81 87
82 83
82 93
83 94
84 87
85 99
86 98
86 92
86 88
87 92
88 95
88 94
88 98
89 96
91 94
92 95
93 98
95 98
95 99
95 99
96 98
98 99
