0 62
0 65
0 19
0 89
0 27
1 6
1 72
1 77
1 24
1 57
1 28
1 16
1 50
1 84
1 39
1 54
1 77
2 22
2 78
2 51
2 78
2 11
2 5
2 57
2 65
2 12
2 78
3 19
3 71
3 81
3 76
3 31
3 37
3 47
3 60
3 69
3 65
3 13
3 44
4 62
4 19
4 6
4 16
4 40
4 66
4 46
5 22
5 11
5 33
5 19
5 18
5 82
5 51
5 30
5 66
5 30
5 92
5 21
5 83
6 23
6 79
6 29
6 70
6 52
6 48
6 98
6 90
7 99
7 99
7 12
7 9
7 68
7 69
7 58
7 66
7 90
7 91
7 18
7 40
8 90
8 27
8 31
8 96
8 20
8 61
8 93
8 9
8 34
9 10
9 71
9 58
9 85
9 47
9 16
9 63
9 28
9 80
9 21
10 40
10 12
10 73
10 33
10 58
10 76
10 90
10 52
11 94
11 44
11 30
11 74
11 43
11 40
11 20
11 67
11 21
12 85
12 81
12 44
12 66
12 14
12 81
12 53
12 81
13 89
13 38
13 26
13 35
13 93
13 19
14 72
14 32
14 98
14 48
14 70
14 65
14 25
14 87
15 37
15 72
15 30
15 87
15 27
15 92
15 77
16 82
16 69
16 54
16 88
16 98
16 39
16 43
16 40
16 67
16 96
16 44
16 36
16 57
16 54
16 73
17 61
17 84
17 41
17 62
17 28
17 50
17 57
17 98
18 53
18 63
18 41
18 23
18 64
18 87
18 48
18 78
19 35
19 85
19 47
19 57
19 42
19 37
19 56
19 82
19 58
19 59
20 43
20 31
20 35
20 56
20 87
20 46
20 76
20 72
20 69
20 41
20 32
20 64
21 61
21 61
21 98
21 40
21 51
21 38
22 39
22 71
22 27
22 67
22 93
22 78
22 97
22 75
23 83
23 81
23 60
23 82
23 81
23 61
23 54
24 51
24 62
24 63
24 55
24 93
24 28
24 94
24 92
24 59
24 62
24 94
24 36
25 28
25 51
26 72
26 85
26 61
26 52
26 78
27 57
27 85
27 90
27 90
27 76
27 62
27 89
27 34
27 60
27 40
28 29
28 55
28 44
28 59
28 52
28 82
28 61
28 46
29 48
29 71
29 45
29 32
29 54
29 79
29 48
30 83
30 51
30 64
30 75
30 40
31 94
31 46
31 63
31 76
31 75
31 52
32 51
32 94
32 79
32 53
32 53
32 93
32 78
32 56
32 39
32 64
32 47
32 34
32 94
33 90
33 50
33 65
33 95
33 86
33 44
33 88
33 49
33 41
34 91
34 40
34 95
34 64
34 56
34 51
35 89
35 62
35 64
35 79
35 36
35 72
35 87
36 38
36 45
36 54
36 78
36 99
36 41
36 80
36 93
36 76
36 58
36 44
37 80
37 88
38 58
38 84
38 51
38 71
38 43
38 76
38 68
39 50
39 92
39 88
39 95
39 68
40 64
40 89
40 53
40 49
40 78
40 54
40 72
41 68
41 54
41 70
41 71
41 84
41 72
41 63
41 74
41 86
41 95
41 61
42 92
42 95
42 53
42 97
42 63
42 79
43 97
43 79
43 90
43 54
44 50
44 76
44 74
44 48
44 96
44 90
45 69
45 65
45 47
45 71
45 96
45 88
46 88
46 73
46 97
47 51
47 71
47 68
47 97
48 97
48 93
48 82
48 90
48 73
48 71
49 85
49 98
49 80
49 57
49 52
50 99
50 61
50 75
50 81
50 81
51 53
51 78
51 89
51 67
52 89
52 89
52 60
52 57
52 54
52 89
52 62
53 62
53 62
53 79
53 82
53 93
54 90
54 98
54 60
54 94
54 97
56 69
57 83
57 81
57 63
58 90
58 88
58 91
58 74
58 94
59 66
59 74
59 95
59 77
59 92
60 81
60 84
62 64
62 81
63 82
63 71
63 77
63 80
64 88
64 84
64 74
64 83
64 73
64 88
64 96
65 75
65 75
65 91
66 78
66 87
66 70
67 80
68 98
68 72
68 80
68 79
69 70
69 75
69 75
71 89
71 78
72 78
72 81
72 91
73 89
74 77
76 89
76 86
76 98
76 95
76 93
76 94
77 78
78 86
78 80
78 84
78 85
80 95
80 83
80 86
80 90
80 84
80 85
81 90
81 90
81 97
82 87
83 86
83 91
84 94
86 95
86 95
87 89
87 99
88 93
88 94
89 92
91 96
92 94
