0 36
0 92
0 57
0 1
0 18
0 58
0 70
0 70
0 17
0 49
0 58
1 58
1 29
1 92
1 37
1 41
1 97
1 22
2 59
2 44
2 78
2 9
2 45
2 5
2 16
3 88
3 56
3 67
3 45
3 20
3 65
3 78
3 85
3 30
3 13
3 45
3 25
4 74
4 82
4 91
4 9
4 57
4 55
4 24
4 28
4 15
4 14
4 46
4 10
5 43
5 62
5 72
5 39
5 92
6 64
6 69
6 43
6 85
6 55
6 29
6 73
7 22
7 75
7 28
7 9
7 68
7 17
7 22
7 33
7 53
7 9
8 60
8 95
8 52
8 99
8 36
8 19
8 35
9 81
9 28
9 82
9 73
9 96
9 85
9 88
9 30
9 62
10 45
10 58
10 56
10 86
10 62
10 11
10 85
10 43
10 16
10 35
11 85
11 16
11 63
11 14
11 57
11 31
12 72
12 13
12 20
12 27
12 18
12 96
12 60
12 16
12 33
13 35
13 96
13 71
13 91
13 14
13 76
13 54
13 65
13 62
13 52
14 61
14 92
14 75
14 37
14 51
15 48
15 26
15 50
15 70
15 64
15 94
15 96
15 58
15 19
15 81
16 72
16 68
16 48
16 70
16 36
16 65
16 20
16 21
17 80
17 42
17 82
17 39
17 42
17 42
17 61
17 75
18 73
18 22
18 30
18 27
18 19
18 94
18 80
19 89
19 96
19 32
19 48
19 49
19 96
19 70
19 68
20 62
20 84
20 22
20 34
20 34
20 66
20 61
20 33
20 83
20 42
21 43
21 33
21 81
21 56
21 44
21 80
21 47
21 97
21 87
22 63
22 96
22 34
22 62
22 40
23 79
23 28
23 61
23 96
23 35
23 87
23 90
23 85
23 39
23 85
23 32
23 53
23 71
23 41
23 47
24 28
24 57
24 89
24 50
24 98
24 43
24 44
25 61
25 88
25 32
25 27
25 56
25 86
25 42
25 69
25 27
25 60
25 36
25 66
25 38
25 85
26 34
26 55
26 46
26 53
26 43
27 89
27 31
27 58
27 91
27 88
27 57
27 62
27 85
28 52
28 52
28 59
28 66
29 56
29 71
29 38
29 34
29 57
29 56
30 99
30 38
30 72
30 73
30 65
30 59
30 85
30 53
31 54
31 95
31 86
31 65
32 35
32 98
32 90
32 52
32 40
32 70
32 49
32 85
32 93
33 83
33 86
33 71
33 59
34 39
34 95
34 90
34 98
34 35
34 71
34 64
35 88
35 88
35 79
35 87
35 45
35 62
35 70
35 68
35 68
36 40
36 69
36 43
36 41
36 42
36 75
36 67
36 96
37 97
37 75
37 88
37 39
37 51
38 88
38 91
38 61
38 45
38 42
38 42
38 97
38 75
38 70
39 59
39 78
39 53
39 52
39 55
39 50
39 93
39 68
39 72
40 43
40 95
40 82
40 64
40 41
41 64
41 89
41 68
41 79
41 65
41 96
41 67
41 67
41 66
41 90
41 44
41 48
42 90
42 84
42 94
43 93
43 49
43 87
43 79
43 62
43 82
43 85
43 78
44 73
44 46
44 79
44 64
44 70
44 84
45 80
45 73
45 91
45 94
45 58
45 83
45 93
45 54
45 82
45 78
45 90
45 95
46 93
46 55
46 94
46 61
46 62
46 77
46 56
46 89
47 58
47 91
47 48
48 67
48 76
48 75
48 78
48 89
48 97
49 54
49 92
49 62
50 79
50 72
50 97
50 76
50 69
50 87
50 64
50 89
51 88
51 57
51 98
51 63
51 87
51 67
52 94
52 99
52 71
52 81
54 67
54 84
54 71
54 81
54 82
55 92
55 84
55 68
55 86
55 85
55 91
55 64
56 93
57 88
57 90
57 76
57 97
58 81
58 67
58 72
58 77
58 93
59 79
60 64
60 61
61 86
61 89
61 87
61 77
62 66
62 71
62 74
62 79
63 88
63 92
63 79
64 79
65 86
65 77
65 79
65 97
66 90
67 71
67 79
67 75
69 71
69 86
69 77
70 81
70 78
70 82
70 99
70 74
71 83
72 77
73 77
73 97
73 95
74 98
74 80
76 94
76 98
77 97
77 85
78 97
78 92
80 89
80 97
80 88
80 90
80 88
81 88
82 84
83 93
84 85
84 99
84 98
84 96
84 92
86 98
86 98
86 87
86 96
88 97
88 95
88 98
89 95
92 99
93 94
93 95
93 99
94 98
96 99
