0 58
0 25
0 56
0 59
0 63
0 32
0 62
0 49
0 3
0 78
1 89
1 40
1 37
1 42
1 27
1 32
1 20
2 62
2 34
2 84
2 43
2 88
2 39
2 90
2 21
2 40
2 62
2 71
3 34
3 22
3 60
3 37
3 90
3 76
3 88
3 29
3 83
3 86
3 39
4 78
4 83
4 83
4 88
4 66
4 75
4 99
4 92
5 30
5 96
5 49
5 76
5 91
5 44
5 10
5 92
5 38
5 37
5 90
6 9
6 94
6 37
6 20
7 60
7 57
7 59
7 86
7 99
7 97
7 60
7 14
7 24
7 80
7 41
7 15
8 38
8 70
8 55
8 26
8 98
8 68
8 88
8 79
9 67
9 52
9 92
9 56
9 53
9 22
9 78
10 93
10 98
10 54
10 59
10 19
10 13
10 36
11 72
11 79
11 23
11 75
11 58
11 44
12 73
12 13
12 15
12 56
12 93
13 82
13 90
13 19
13 34
13 97
13 70
13 96
13 83
13 86
13 81
13 62
13 83
13 90
14 39
14 25
14 41
14 58
14 81
14 23
14 93
14 43
14 48
14 78
14 35
14 55
15 75
15 76
15 35
15 27
16 28
16 35
16 91
16 67
16 20
16 81
16 99
16 86
16 41
16 20
16 58
16 90
16 80
16 87
17 33
17 74
17 52
17 22
17 77
17 40
17 74
17 65
18 38
18 25
18 35
18 41
18 65
18 98
18 55
18 39
19 71
19 43
19 85
19 80
19 29
19 91
20 71
20 86
20 76
20 99
20 89
20 53
20 76
20 51
20 62
20 99
20 99
20 71
20 56
20 49
21 58
21 41
21 69
21 85
21 73
21 97
21 73
21 38
21 74
21 41
21 84
22 80
22 66
22 61
22 98
22 57
22 99
22 61
22 56
22 36
22 54
23 28
23 88
23 79
23 38
23 43
23 61
23 46
23 35
24 32
24 50
24 93
24 59
24 35
24 59
25 48
25 90
25 85
25 74
25 35
25 70
25 84
25 73
26 80
26 47
26 88
26 46
26 72
27 64
27 48
27 74
27 98
27 53
27 65
28 46
28 57
28 50
28 68
28 58
28 50
28 73
28 91
28 70
29 53
29 62
29 63
29 76
29 89
29 57
29 79
29 87
29 61
29 51
29 50
30 85
30 99
30 78
30 99
30 35
31 86
31 34
31 81
31 53
31 72
31 41
31 67
31 45
32 57
32 63
32 39
33 63
33 82
33 43
33 62
33 93
33 69
33 68
33 57
34 93
34 89
34 98
34 63
34 38
34 47
34 87
34 50
35 94
35 95
35 92
35 83
35 58
35 51
35 40
36 52
36 43
36 40
36 59
37 40
37 95
37 79
37 68
37 98
37 80
37 84
37 54
37 89
37 59
37 50
38 96
38 42
38 94
38 85
38 84
38 75
38 52
38 92
38 95
39 56
39 52
39 48
39 50
39 93
39 44
39 64
39 57
39 90
40 70
40 54
40 46
41 53
41 46
41 98
41 69
41 82
41 78
41 78
42 60
42 55
42 74
42 86
42 77
42 73
42 65
43 62
43 84
43 83
44 78
44 89
44 72
44 76
44 45
44 49
45 70
45 77
45 82
45 81
46 70
46 62
46 58
46 98
46 62
46 61
47 74
47 76
48 71
48 89
48 51
48 87
48 49
49 95
49 98
50 82
50 62
50 65
51 94
51 77
51 67
51 96
51 53
52 70
52 58
53 79
53 59
54 80
54 56
55 70
55 96
55 85
55 65
55 76
56 62
56 63
56 77
56 80
57 81
57 97
57 62
58 92
58 78
58 98
58 67
58 87
59 83
59 74
59 82
59 61
59 76
59 79
60 93
60 64
60 95
61 92
61 81
61 92
61 83
61 76
61 88
62 97
62 85
62 95
62 65
63 79
63 65
63 99
63 83
64 79
64 80
65 85
65 86
65 92
66 74
66 67
66 93
66 78
67 74
67 73
67 73
67 75
68 97
68 92
68 87
68 88
68 78
68 81
68 85
69 91
69 94
70 76
70 91
71 89
71 77
72 87
72 87
72 97
72 80
73 81
73 85
73 80
74 79
74 96
74 78
75 96
75 89
76 81
76 79
77 80
77 80
77 87
77 99
78 87
79 91
80 88
80 98
80 90
80 99
83 85
84 97
86 90
86 90
86 89
86 98
86 89
86 99
87 94
88 99
88 92
89 98
89 96
91 92
92 97
92 95
93 98
94 98
96 97
