0 87
0 13
0 35
0 19
0 95
0 98
0 98
0 67
0 80
0 4
1 52
1 82
1 93
1 60
1 31
1 59
1 47
1 97
1 46
1 80
1 26
2 80
2 81
2 35
2 48
2 99
2 18
2 15
2 86
3 27
3 25
3 49
3 37
3 10
3 40
3 71
3 24
3 20
3 50
3 41
3 40
3 50
3 6
3 68
3 57
3 20
3 5
4 10
4 56
4 21
4 75
4 76
4 16
4 44
4 7
4 21
5 90
5 56
5 59
5 78
5 77
5 54
5 75
5 30
5 40
5 26
5 6
5 97
6 42
6 42
6 74
6 28
6 59
6 30
6 96
6 66
7 37
7 10
7 35
7 57
7 47
7 25
7 12
8 79
8 67
8 31
8 48
8 74
8 94
8 83
8 96
8 53
8 33
9 40
9 94
9 26
9 70
9 56
9 85
9 94
9 63
9 26
9 49
9 68
10 87
10 83
10 32
10 79
10 57
10 54
10 80
11 47
11 33
11 80
11 91
12 62
12 35
12 47
12 14
12 80
12 51
13 61
13 75
13 50
13 36
13 73
14 58
14 24
14 42
14 99
14 62
14 57
14 57
14 77
14 46
14 29
14 69
15 91
15 34
15 79
15 98
15 92
15 75
15 85
15 35
15 47
15 40
15 54
16 34
16 42
16 46
16 99
17 56
17 54
17 65
17 61
17 36
18 53
18 42
18 82
18 59
18 85
18 66
18 55
18 51
19 35
19 75
19 96
19 43
19 94
19 31
19 29
19 51
19 51
19 28
19 67
19 39
19 23
19 32
20 98
20 71
20 67
20 56
20 87
20 43
20 73
21 49
21 57
21 38
21 31
21 28
21 75
22 90
22 33
22 46
22 97
22 80
22 67
22 64
23 75
23 40
23 80
23 88
23 76
23 39
23 77
23 79
23 35
23 72
24 77
24 36
24 70
24 44
25 60
25 43
25 26
25 60
25 71
25 58
25 96
25 93
25 39
25 58
25 36
25 53
26 79
26 63
26 38
26 44
26 61
26 75
26 44
26 57
27 56
27 83
27 39
27 54
27 49
27 61
28 33
28 40
28 72
28 56
28 82
28 52
28 32
28 94
28 91
29 82
29 30
29 39
29 62
29 45
29 55
29 93
29 60
29 31
30 66
30 87
30 65
30 37
31 95
31 51
31 78
31 88
31 94
31 49
31 93
31 46
32 50
32 83
32 42
33 73
33 96
33 89
33 36
33 57
33 43
33 72
33 54
34 36
34 96
34 96
34 53
35 52
35 55
35 40
35 42
35 99
35 78
35 36
35 62
35 56
35 66
35 56
36 57
36 98
36 78
37 95
37 98
37 64
37 94
37 55
37 95
37 85
38 49
38 56
38 55
38 85
38 59
38 85
38 76
38 51
39 40
39 46
39 72
39 90
39 66
39 82
39 63
39 96
40 62
40 95
40 68
40 98
40 58
41 90
41 49
41 49
41 85
41 65
41 70
42 73
42 65
42 83
42 90
42 89
42 82
42 57
42 90
42 50
43 94
43 88
43 54
44 46
44 70
44 79
44 45
44 95
44 97
44 98
45 46
45 94
45 92
45 97
45 69
45 65
45 63
45 64
46 72
46 92
46 87
46 56
47 58
47 77
47 62
47 60
47 74
48 64
48 63
48 89
48 78
48 72
49 78
49 60
49 67
49 99
50 68
50 71
50 95
51 64
51 58
51 62
51 53
51 55
51 76
51 71
51 67
51 78
52 63
52 55
52 63
52 86
53 73
53 89
53 89
54 86
54 77
54 85
54 90
54 71
54 72
55 64
55 84
56 66
56 67
56 69
56 77
56 86
57 76
57 96
57 92
57 90
57 87
57 74
58 61
58 85
59 97
59 68
59 95
59 67
60 66
60 79
60 62
60 90
61 74
61 95
61 87
61 81
61 98
61 70
62 90
62 99
62 75
62 86
63 64
63 82
63 73
63 94
64 92
65 87
65 97
66 91
66 74
66 74
66 71
66 70
66 67
67 79
68 84
69 85
69 95
69 70
70 80
71 92
71 89
71 98
72 74
72 90
73 82
73 80
73 74
73 74
73 82
74 88
74 89
74 90
74 88
74 85
74 77
75 87
75 79
77 95
77 82
77 89
78 97
79 82
79 98
79 97
80 81
80 94
81 84
81 88
82 88
82 93
82 87
83 89
83 94
83 94
84 95
85 93
87 98
87 92
87 91
88 94
91 96
91 95
92 93
94 95
98 99
