0 2
0 12
0 22
0 70
0 30
0 75
0 7
0 98
0 82
0 35
0 37
0 82
0 4
0 38
1 73
1 24
1 17
1 92
1 83
1 36
1 40
2 14
2 70
2 8
2 33
2 84
2 62
2 35
2 76
2 10
2 75
2 78
2 25
2 46
2 36
2 67
2 91
3 46
3 36
3 59
3 21
3 54
3 37
3 22
3 60
3 69
4 24
4 42
4 14
4 77
4 94
4 84
4 74
4 21
4 77
5 17
5 46
5 21
5 9
5 29
5 81
6 66
6 99
6 59
6 9
6 41
7 56
7 57
7 25
7 85
7 61
7 38
8 71
8 53
8 22
8 70
8 68
9 12
9 18
9 45
9 63
9 93
9 65
9 86
9 46
9 71
9 55
9 43
9 95
9 30
9 69
9 90
10 33
10 50
10 49
10 88
10 60
10 57
11 89
11 37
11 91
11 92
11 53
11 41
11 79
11 75
12 23
12 31
12 16
12 93
12 80
12 78
12 84
12 62
12 34
12 80
12 67
12 66
12 39
12 45
13 87
13 88
13 77
13 80
13 37
13 33
14 77
14 58
14 78
14 31
14 71
14 93
14 62
14 17
14 43
14 69
14 26
15 25
15 95
15 50
15 94
15 20
15 87
15 38
15 33
15 88
15 55
15 22
15 43
16 74
16 83
16 58
16 61
16 20
16 97
16 33
16 29
16 81
17 99
17 21
17 61
17 82
17 57
17 50
17 24
18 64
18 48
18 77
18 40
18 22
18 28
18 43
18 46
18 35
18 79
18 59
19 64
19 65
19 74
19 68
19 21
19 58
19 26
19 73
19 81
19 22
19 30
20 32
20 85
20 71
20 61
20 78
20 65
20 85
20 76
20 70
20 68
21 52
21 41
21 43
21 85
21 39
21 93
21 96
21 40
21 51
21 43
22 49
22 87
22 60
22 98
22 94
22 47
22 71
22 81
22 99
22 53
23 39
23 90
23 80
23 76
23 97
23 46
23 36
24 97
24 76
24 28
24 55
24 86
24 34
24 53
25 94
25 34
25 38
25 78
25 54
25 69
25 56
25 40
25 32
25 38
26 74
26 30
26 77
26 86
26 82
26 87
26 83
26 87
26 36
26 43
27 45
27 91
27 48
27 94
27 54
27 58
27 96
27 73
27 64
28 67
28 53
28 38
28 98
29 46
29 91
29 48
29 41
30 94
30 37
30 98
30 62
30 71
30 94
30 83
30 43
31 75
31 99
31 39
31 95
31 64
31 82
31 84
31 96
31 38
32 47
32 72
32 53
32 54
33 67
33 65
33 72
33 58
33 56
33 58
33 97
33 82
34 87
34 80
34 83
34 40
34 43
34 68
35 94
35 72
35 86
36 42
36 70
37 88
37 51
37 74
37 86
37 55
37 61
37 84
37 52
37 92
37 57
38 59
38 79
38 40
39 78
39 77
39 95
39 83
39 97
40 99
40 58
40 95
40 72
40 48
41 59
41 90
41 45
41 71
41 51
41 49
41 79
42 97
43 45
43 49
43 55
43 70
43 68
43 69
44 73
44 51
44 54
44 49
44 91
44 93
45 55
45 46
46 52
46 96
46 85
46 83
47 72
47 53
47 94
47 72
47 86
47 91
47 78
48 92
48 82
48 91
48 66
48 80
48 93
48 77
49 51
49 78
49 91
49 92
49 63
49 99
50 90
50 63
50 52
50 95
50 57
51 75
51 80
52 80
52 74
52 99
52 59
52 62
52 97
53 88
53 60
53 89
53 78
53 59
54 60
54 76
54 58
54 94
54 68
54 80
54 81
55 87
55 64
55 72
56 71
56 76
56 77
56 65
57 96
57 86
57 60
57 84
57 73
58 62
59 65
59 85
59 67
59 84
59 89
60 96
60 69
60 96
60 79
61 71
61 76
61 75
62 91
62 66
62 88
62 95
62 68
62 98
63 67
63 66
64 78
64 88
64 99
64 83
64 95
65 67
66 96
66 76
66 75
66 78
66 68
67 99
67 92
67 97
67 88
67 95
68 83
68 82
68 71
68 96
69 77
69 92
69 78
69 85
70 91
70 95
70 86
70 83
71 93
71 79
71 90
72 98
72 83
72 89
73 80
74 75
74 94
75 88
75 79
75 81
75 87
76 87
77 87
78 96
78 82
79 86
79 91
79 97
79 81
79 82
79 80
80 85
80 81
82 93
83 96
83 85
83 96
85 94
86 97
86 89
87 97
87 97
89 90
90 95
92 94
