0 70
0 3
0 56
0 9
1 49
1 28
1 50
1 63
1 88
1 40
1 57
1 39
2 85
2 65
2 73
2 22
2 83
2 96
2 12
2 4
2 39
2 85
3 60
3 42
3 61
3 93
3 34
3 97
3 90
3 6
4 87
4 56
4 45
4 46
4 76
4 90
4 54
5 79
5 51
5 77
5 68
5 71
5 67
5 70
6 37
6 48
6 60
6 75
6 71
6 67
6 33
7 32
7 60
7 81
7 30
7 29
7 51
7 26
7 50
7 81
7 22
8 45
8 85
8 44
8 59
8 35
8 59
8 58
8 55
9 77
9 97
9 93
9 59
9 25
9 59
9 95
9 66
9 12
9 56
9 14
10 11
10 53
10 26
10 25
10 35
10 60
10 66
10 85
11 84
11 46
11 87
11 26
11 47
11 15
11 81
11 89
12 65
12 79
12 28
12 23
12 47
12 23
12 33
13 53
13 81
13 79
13 69
13 94
13 74
13 14
13 47
13 23
14 24
14 95
14 63
14 39
14 63
14 86
14 35
15 97
15 24
15 23
15 42
15 37
16 21
16 71
16 86
16 54
16 77
17 97
17 75
17 79
17 18
17 43
17 26
17 29
17 85
17 20
17 50
18 80
18 87
18 89
18 66
18 59
18 68
18 33
18 55
18 60
18 43
18 90
18 67
18 84
18 22
18 30
18 67
18 61
19 92
19 78
19 57
19 43
19 72
19 95
19 96
19 55
19 25
19 98
19 49
19 69
19 20
19 37
19 23
20 32
20 59
20 80
20 93
20 42
20 26
20 68
20 23
20 29
21 23
21 96
21 45
22 45
22 65
23 26
23 95
23 58
23 31
23 26
24 54
24 47
24 63
24 85
24 97
24 27
24 84
24 64
24 56
24 39
24 69
24 34
25 83
25 83
25 36
25 94
25 40
25 28
25 90
25 84
26 64
26 61
26 77
26 46
26 31
26 47
27 60
27 74
27 98
27 90
27 92
27 39
27 78
27 37
27 76
27 84
27 76
28 87
28 29
28 64
28 47
28 38
28 62
29 96
29 57
29 75
29 33
29 31
29 97
29 61
29 84
29 89
29 45
30 71
30 61
30 50
30 59
31 47
31 51
31 65
31 72
31 71
31 85
31 99
31 82
32 57
32 84
32 42
32 58
32 42
32 92
32 94
33 90
33 49
33 80
33 75
33 34
34 45
34 83
34 55
34 45
34 93
34 73
34 87
34 57
34 35
34 59
34 52
35 98
35 88
35 43
35 44
35 86
35 52
36 87
36 54
37 82
37 69
37 81
37 56
38 93
38 57
38 79
38 77
38 78
38 86
38 76
38 71
39 42
39 43
39 99
40 41
40 43
40 96
40 53
40 50
40 47
40 83
40 60
40 65
40 67
40 79
41 75
41 54
42 55
42 46
42 44
42 68
42 68
42 67
43 53
43 85
43 54
43 69
43 69
43 52
43 45
44 55
44 71
44 54
44 69
45 88
45 95
46 50
46 55
46 94
46 96
46 63
46 56
46 66
46 74
47 58
47 67
47 84
47 85
47 99
47 77
47 64
47 58
47 73
48 60
48 87
48 93
48 59
48 67
49 83
49 93
49 91
49 98
49 54
49 65
49 80
50 93
50 72
50 70
50 83
50 90
50 98
50 96
51 91
51 60
51 63
51 55
51 74
52 55
52 72
53 54
53 85
53 93
53 83
53 73
54 57
54 89
55 99
55 72
55 60
55 80
56 93
56 77
56 98
56 84
57 76
57 66
57 75
57 71
57 89
57 73
57 72
57 90
57 80
58 74
58 69
58 89
59 81
59 79
59 88
60 94
60 61
60 70
60 69
60 75
60 90
61 82
61 63
61 83
61 88
61 79
62 66
62 72
62 66
63 69
63 85
63 78
63 73
63 75
64 82
64 79
65 94
65 76
65 94
65 90
65 82
66 83
66 91
66 79
67 90
67 83
67 77
67 71
68 77
68 75
68 82
68 90
68 73
69 92
70 82
70 93
71 94
71 93
71 96
71 77
71 88
72 81
74 86
74 80
74 75
74 83
75 84
75 93
75 89
76 93
76 88
76 80
76 91
77 86
78 95
78 90
78 81
78 98
79 82
80 94
80 85
80 86
80 94
80 89
80 91
81 96
81 87
81 99
82 95
83 93
84 88
84 95
84 91
84 86
84 95
85 91
88 95
88 89
88 92
89 92
90 95
90 92
91 95
91 93
91 92
92 96
94 97
94 96
95 97
