0 41
0 40
0 91
0 38
0 67
0 69
0 87
0 25
1 55
1 31
1 89
1 17
1 34
1 13
2 65
2 84
2 24
2 27
2 24
2 54
3 75
3 46
3 80
3 72
3 91
3 51
3 12
3 93
4 58
4 71
4 50
4 38
4 45
4 64
4 29
4 47
4 10
4 41
4 95
4 84
4 5
4 65
4 27
5 79
5 95
5 41
5 77
5 41
5 15
5 23
5 73
5 51
5 12
5 75
5 76
6 29
6 45
6 8
6 24
6 39
6 22
6 12
6 35
6 83
7 36
7 72
7 84
7 59
7 27
7 21
7 20
8 84
8 35
8 30
8 52
8 56
8 31
8 73
8 18
9 64
9 16
9 81
9 94
9 44
9 64
9 11
9 56
10 45
10 77
10 36
10 74
10 40
10 46
10 86
10 97
10 86
11 73
11 96
11 17
11 38
11 47
11 25
11 19
11 25
11 77
12 28
12 87
12 58
12 72
12 64
12 28
12 26
12 39
12 85
12 85
12 46
13 43
13 87
13 94
13 39
13 35
13 76
13 65
13 81
13 17
13 40
13 58
14 33
14 15
14 91
14 82
14 15
14 78
14 44
14 84
14 92
14 36
14 75
14 62
15 78
15 99
15 67
15 57
15 35
16 24
16 59
16 83
16 58
16 99
16 51
17 20
17 49
17 90
17 45
17 35
17 31
17 55
18 94
18 34
18 67
18 32
18 94
18 86
18 88
18 77
19 29
19 39
19 76
19 28
19 25
19 55
19 69
20 38
20 78
20 86
20 28
20 75
20 77
20 35
20 66
20 35
20 69
20 84
20 99
20 63
20 77
20 79
21 38
21 46
21 28
21 68
21 77
21 69
21 47
21 69
21 25
21 73
22 26
22 34
22 90
22 99
23 32
23 34
23 36
23 94
23 88
23 36
23 36
23 79
23 39
23 73
23 58
24 62
24 70
24 28
24 91
24 56
24 89
24 78
24 27
24 47
25 92
25 99
25 49
25 30
25 60
25 98
25 50
25 73
25 29
25 83
25 26
25 97
25 99
26 69
26 55
26 61
26 91
26 38
26 94
26 36
26 50
27 83
27 33
27 77
27 35
27 36
27 85
28 68
28 39
28 75
29 91
29 50
29 54
29 74
29 60
30 94
30 63
30 54
30 56
30 95
30 70
31 40
31 40
31 40
31 42
31 96
32 76
32 78
32 58
32 88
33 41
33 41
33 80
33 50
33 79
33 91
33 90
33 54
34 58
34 68
34 37
34 51
34 91
34 39
34 82
35 55
35 36
35 41
35 90
35 55
36 72
36 78
36 59
36 63
36 90
36 63
37 40
37 48
37 78
37 73
37 59
37 62
38 55
38 89
38 88
38 75
39 44
39 66
39 88
39 54
39 65
39 63
39 61
40 98
40 50
40 71
40 61
40 68
40 89
40 61
40 91
40 76
41 68
41 98
41 97
41 88
41 96
41 58
41 44
41 96
42 87
42 48
42 65
42 62
42 84
42 46
43 88
43 66
43 96
43 47
43 89
43 62
43 90
43 85
43 80
44 74
45 86
45 65
45 72
45 75
45 52
45 58
45 49
46 90
46 58
46 78
46 80
46 82
46 84
46 50
47 53
47 61
47 73
47 48
47 61
47 84
47 98
47 68
48 60
48 82
48 69
48 80
48 92
49 63
49 97
49 80
49 63
49 62
49 96
49 95
50 64
50 99
50 87
50 72
50 86
50 56
50 94
51 56
51 61
51 64
51 57
51 84
52 60
52 89
52 86
52 91
52 85
52 95
53 66
53 58
53 99
53 89
53 83
53 80
53 61
54 85
54 98
54 70
55 95
55 89
55 72
55 88
56 92
56 58
56 65
56 85
57 59
57 63
57 71
57 85
57 99
57 63
57 63
58 96
58 62
58 90
58 63
59 73
60 62
60 96
61 63
61 62
61 62
61 70
61 78
61 84
62 98
62 74
62 74
63 90
63 74
63 87
63 99
64 97
64 92
64 89
64 90
64 67
64 82
64 66
64 96
65 77
65 93
66 89
66 68
66 69
67 92
67 74
68 77
68 84
68 91
68 71
69 90
69 88
69 77
69 87
69 92
69 73
70 98
71 75
71 88
71 80
72 74
73 85
74 85
74 82
76 97
77 82
78 89
78 83
78 93
79 93
80 99
80 96
80 97
82 88
82 84
84 94
85 90
88 89
88 92
89 95
91 99
91 98
92 93
95 96
96 99
97 99
97 98
