0 82
0 1
0 45
0 93
0 80
0 32
0 58
0 44
1 18
1 35
1 50
1 24
2 65
2 98
2 7
2 97
2 18
2 64
2 88
2 50
2 81
3 56
3 91
3 73
3 58
3 93
4 66
4 33
4 34
4 49
5 23
5 42
5 54
5 23
5 70
5 96
5 18
5 20
5 12
5 49
6 27
6 32
6 52
6 18
6 23
6 81
6 84
6 48
7 56
7 90
7 45
7 39
7 35
7 44
7 70
7 88
7 64
7 86
7 32
8 56
8 35
8 86
8 70
8 46
8 51
8 53
8 49
8 44
9 90
9 96
9 50
9 63
9 97
9 88
9 44
9 34
10 91
10 45
10 23
10 93
10 97
10 90
10 77
11 15
11 96
11 57
11 95
11 34
11 84
11 63
11 96
11 15
11 30
11 14
11 96
12 49
12 30
12 76
12 94
12 39
13 33
13 75
13 46
13 32
13 82
13 94
13 68
14 65
14 89
14 46
14 15
15 75
15 26
15 65
15 45
15 37
15 25
16 19
16 70
16 78
16 30
16 61
16 65
16 34
16 99
17 69
17 50
17 63
17 92
17 65
18 35
18 33
18 75
18 72
18 58
18 23
18 86
18 24
18 99
19 69
19 88
19 39
19 58
19 36
19 71
19 73
19 54
20 27
20 87
20 74
21 36
21 46
21 51
21 40
21 69
21 47
21 81
21 71
21 80
21 55
21 32
21 67
22 50
22 91
22 63
22 90
22 99
22 42
22 34
22 34
22 41
22 30
23 77
23 80
23 71
23 30
23 36
24 46
24 42
24 69
24 48
24 70
24 69
24 85
24 38
24 59
24 54
24 26
24 40
25 99
25 41
25 80
25 99
25 53
25 78
26 47
26 98
26 76
26 51
26 40
26 97
26 59
26 67
26 53
26 57
26 77
26 40
26 90
26 72
27 66
27 67
27 44
27 33
27 63
27 75
27 94
27 34
27 29
28 56
28 87
28 88
29 67
29 80
29 48
29 33
30 66
30 87
30 94
30 69
30 32
30 89
30 40
30 35
30 59
30 89
30 55
30 49
30 74
30 88
31 69
31 58
31 45
31 42
31 37
31 41
31 96
31 79
31 53
31 95
31 60
31 91
32 97
32 54
32 91
32 91
32 74
32 89
33 58
33 45
33 52
33 60
33 66
33 68
33 81
34 54
34 47
34 61
34 68
34 88
34 73
35 64
35 68
35 54
35 41
35 49
36 87
36 99
36 38
37 85
37 67
37 90
37 65
37 39
38 57
38 81
38 69
38 98
39 67
39 57
39 89
39 42
39 40
39 89
40 50
40 75
40 63
40 41
40 90
40 73
40 64
40 70
41 73
41 48
41 75
41 70
41 92
41 60
42 94
42 49
42 48
42 61
42 62
42 98
42 58
43 79
43 63
43 96
43 82
43 94
43 61
43 50
43 52
43 83
43 97
43 54
44 87
44 67
44 85
44 48
44 73
44 94
44 90
44 54
45 88
45 61
45 75
45 83
45 98
45 52
45 89
45 93
46 60
46 93
46 92
46 62
46 84
46 55
46 59
46 76
47 50
47 67
47 61
47 56
47 49
47 92
47 53
47 53
48 52
48 64
48 71
48 64
48 69
48 79
49 53
49 82
50 73
50 81
50 57
50 84
50 60
50 73
50 53
51 71
51 69
51 88
51 79
51 79
51 54
51 83
52 76
52 94
52 81
52 83
53 89
53 68
53 87
53 61
53 91
54 68
54 74
54 98
54 74
54 71
54 83
55 97
55 70
55 90
55 68
55 93
56 94
56 70
56 63
56 93
56 86
56 85
57 88
57 99
57 70
57 93
57 96
58 93
58 98
58 97
58 80
58 77
58 82
59 72
59 92
59 67
59 77
59 89
59 88
60 62
60 89
60 89
60 81
61 76
62 64
62 80
62 91
63 78
63 69
63 95
63 99
64 72
64 78
65 74
65 81
65 79
65 80
65 78
66 81
67 84
67 90
67 82
67 98
68 85
68 77
68 85
69 91
69 72
69 74
70 89
70 72
70 89
71 84
71 80
71 82
72 83
72 77
72 96
73 97
73 82
73 86
73 79
73 98
74 81
75 94
76 95
76 77
76 79
76 88
77 85
77 83
78 99
78 81
78 85
78 99
78 82
79 82
79 90
79 95
80 94
81 88
81 94
81 97
82 92
82 88
83 95
84 89
86 93
88 98
88 93
88 90
89 90
90 94
92 95
93 94
93 99
95 97
