0 41
0 57
0 12
0 49
0 98
0 85
0 46
1 39
1 25
1 17
1 81
1 44
1 38
1 50
1 35
2 43
2 76
2 9
2 47
2 92
2 66
2 4
2 89
3 21
3 22
3 90
3 63
3 25
3 4
3 18
3 91
3 78
3 33
4 83
4 24
4 21
4 59
4 65
4 95
4 13
4 39
4 18
4 85
4 85
5 19
5 52
5 47
5 58
5 79
5 17
5 38
6 38
6 29
6 51
6 30
6 84
6 87
6 58
6 98
6 10
6 51
6 67
7 68
7 8
7 32
7 56
7 50
7 42
7 67
8 82
8 92
8 33
8 44
8 61
8 33
8 91
8 17
8 50
8 32
8 24
8 67
8 69
8 32
9 89
9 91
9 70
9 45
10 19
10 65
10 98
10 55
10 62
10 58
10 50
10 54
10 81
10 16
11 28
11 30
11 31
11 67
11 59
11 49
11 18
11 50
11 90
11 70
12 25
12 26
12 41
12 77
12 74
12 30
12 75
12 45
12 63
12 13
12 70
12 42
13 64
13 53
13 41
13 80
13 37
13 15
14 65
14 22
14 52
14 26
14 79
14 86
14 79
14 38
14 39
14 88
14 66
15 85
15 91
15 20
15 58
15 42
15 97
15 19
16 51
16 25
16 34
16 78
16 76
16 82
16 60
16 68
16 53
17 34
17 87
17 41
17 19
17 92
17 84
17 63
17 46
17 82
17 84
17 53
17 68
17 82
17 21
17 91
18 29
18 68
18 59
18 31
18 66
18 62
18 58
18 30
18 22
18 87
18 77
19 53
19 20
19 72
19 41
19 69
19 36
19 68
19 48
19 97
20 64
20 27
20 85
20 48
20 43
20 66
20 42
20 21
20 41
21 53
21 55
21 79
21 71
21 34
21 82
22 37
22 27
22 89
22 83
22 48
22 44
22 47
23 28
23 69
23 39
23 80
23 74
23 84
23 28
23 37
24 56
24 53
24 80
24 32
24 48
24 26
24 61
25 75
25 97
25 62
25 84
25 32
25 37
25 34
25 90
25 50
25 56
25 86
25 53
26 69
26 29
26 64
26 29
26 34
27 48
27 90
27 52
27 79
27 28
27 39
27 38
28 93
29 35
29 55
29 91
29 32
29 71
29 42
29 51
30 83
30 99
30 98
30 55
30 59
30 99
30 87
31 58
31 94
31 47
31 75
31 61
31 49
31 77
32 45
32 89
32 66
32 33
32 83
32 44
32 90
32 41
32 66
33 39
33 40
33 63
33 41
34 66
34 85
34 62
34 37
35 49
35 50
35 75
35 93
35 47
35 67
35 99
36 53
36 40
36 40
36 60
36 97
36 43
36 81
37 87
37 88
37 81
37 72
37 53
37 92
37 81
37 92
37 50
37 65
38 42
38 54
38 69
38 92
38 93
39 92
39 99
39 44
39 45
39 94
39 69
39 82
40 82
40 53
41 67
41 73
41 85
41 92
41 79
41 88
42 71
42 89
42 82
42 90
42 87
42 76
42 56
42 83
43 88
43 72
43 86
43 52
43 79
44 45
44 75
44 82
44 76
44 62
44 67
44 86
45 67
45 82
45 96
45 80
45 88
46 78
46 62
46 99
46 95
46 65
46 85
46 48
46 77
46 94
46 52
46 52
47 48
47 83
47 86
47 81
47 88
48 81
48 63
48 97
48 80
49 57
49 65
49 65
50 63
50 55
50 70
50 77
50 72
51 86
51 60
51 99
51 91
51 73
52 65
52 74
52 93
52 61
52 61
52 77
54 99
54 97
54 64
54 95
54 77
54 65
54 60
54 72
55 98
55 86
55 90
55 96
55 93
55 58
55 99
56 92
56 60
56 76
57 68
57 79
57 64
58 90
58 79
58 68
59 66
59 83
59 71
59 61
60 96
60 62
60 69
60 92
61 69
61 83
61 91
62 86
62 89
62 93
63 81
63 83
64 89
64 96
64 74
65 82
65 93
65 77
65 93
65 99
65 81
65 89
66 99
66 73
67 73
67 70
67 75
67 89
67 83
68 94
68 92
68 94
68 99
68 72
68 95
69 95
69 70
70 72
71 84
72 82
72 88
72 91
72 88
73 84
73 81
74 81
74 92
75 80
75 84
75 81
76 95
77 92
77 93
78 91
78 79
79 99
80 97
80 92
81 92
82 98
82 90
82 85
83 93
86 90
86 99
86 93
86 99
86 93
88 96
90 91
90 94
90 99
91 98
91 98
92 98
92 99
96 99
