0 19
0 88
0 99
0 57
0 42
0 28
1 22
1 10
1 94
1 25
1 10
1 94
1 31
1 68
1 52
1 81
1 42
1 34
1 68
2 64
2 37
2 18
2 6
2 72
2 31
2 10
2 28
2 57
2 80
2 13
2 72
2 29
3 29
3 42
3 96
3 45
3 44
3 88
3 69
3 39
3 99
3 43
3 90
3 81
3 83
3 78
3 27
3 35
4 8
4 73
4 81
4 34
4 26
4 22
4 53
4 21
4 92
4 83
4 65
5 83
5 96
5 64
5 96
5 53
5 29
6 92
6 89
6 85
6 29
6 78
6 50
6 87
6 88
7 73
7 24
7 16
7 83
7 11
7 66
7 77
7 49
7 81
7 60
7 69
7 69
8 64
8 38
8 55
8 59
8 87
8 12
8 77
8 41
8 17
9 46
9 93
9 30
10 11
10 50
10 20
10 17
10 54
10 54
10 87
10 25
10 92
10 45
10 15
10 87
10 44
11 42
11 79
11 55
11 64
11 14
11 76
11 75
11 97
11 84
12 83
12 53
12 27
12 39
12 94
12 62
12 56
13 87
13 27
13 16
13 98
13 62
13 73
13 74
13 21
13 69
13 77
13 31
14 56
14 99
14 28
14 91
14 18
14 94
14 63
14 53
14 71
14 85
14 40
14 79
14 78
14 67
15 69
15 68
15 21
15 96
15 55
15 93
15 70
15 26
15 63
15 66
15 24
15 39
16 33
16 92
16 87
16 90
16 90
16 26
16 68
16 98
17 76
17 65
17 59
17 49
17 27
17 96
17 81
17 70
17 40
17 63
18 37
18 29
18 39
18 73
18 86
18 22
18 19
18 60
19 93
19 86
19 44
19 32
19 90
19 41
19 33
19 55
20 70
20 33
20 95
20 92
20 92
20 91
21 45
21 62
21 53
21 26
21 26
21 54
21 93
21 91
22 40
22 92
22 57
22 93
22 36
22 98
23 37
23 84
23 51
23 48
23 75
23 60
23 39
24 67
24 99
24 85
24 89
24 85
24 75
24 45
24 64
24 51
24 25
24 53
25 66
25 97
25 99
25 86
25 78
25 92
25 31
25 42
25 60
26 69
26 85
26 65
26 66
26 67
26 83
26 94
26 49
26 39
27 40
27 42
27 44
27 90
27 73
27 65
28 56
28 30
28 81
28 29
28 49
28 78
28 76
28 58
29 44
29 49
29 57
29 77
29 69
29 34
29 82
30 99
30 98
30 38
30 31
30 46
30 67
30 62
31 82
31 68
31 77
32 85
32 58
32 54
32 82
32 47
32 82
32 44
32 41
32 66
32 93
33 95
33 99
33 55
33 85
33 73
33 74
33 93
33 79
34 96
34 94
34 71
35 62
35 99
35 97
35 39
36 47
36 68
36 52
36 91
36 83
36 89
36 40
36 93
36 95
37 38
37 42
37 67
37 96
37 90
38 39
38 72
38 86
38 48
38 98
38 82
38 85
39 46
39 46
39 61
39 88
39 42
39 73
40 43
40 59
40 99
40 43
40 99
40 99
41 47
41 86
41 62
41 48
42 65
42 91
42 81
42 94
42 68
43 85
43 89
44 77
44 48
44 46
44 80
44 57
44 45
44 66
45 98
45 49
45 92
45 72
45 87
45 62
46 60
46 63
46 52
47 53
47 83
47 98
47 97
47 83
48 60
48 97
48 86
48 69
48 91
49 61
49 50
49 79
49 80
49 56
49 68
49 88
49 78
50 76
50 63
50 82
50 83
51 82
51 94
51 69
51 89
52 64
52 85
52 72
52 53
53 70
53 95
53 66
54 65
54 63
54 76
54 55
54 67
54 79
54 68
55 57
55 69
56 67
57 69
57 67
57 96
57 65
57 63
57 76
58 92
58 89
58 62
58 84
59 79
59 99
59 72
60 65
60 65
60 68
61 69
61 95
62 73
62 92
62 71
62 89
63 98
64 85
65 66
65 66
66 80
66 93
66 73
67 87
67 83
68 80
68 75
69 96
69 98
69 79
69 78
69 90
69 84
70 75
70 72
71 84
71 95
72 90
72 78
72 75
73 93
73 86
73 83
74 87
75 89
75 87
75 80
76 82
76 99
76 94
76 88
76 91
78 82
78 89
78 97
79 85
79 84
79 94
80 94
81 90
81 92
81 84
82 88
82 98
82 87
82 99
83 85
84 96
84 99
85 91
86 96
88 95
88 89
89 92
91 92
92 94
92 97
93 95
93 99
94 97
94 99
94 97
