0 61
0 58
0 55
0 56
0 7
0 8
0 58
0 6
0 83
0 45
0 15
0 39
0 31
1 67
1 69
1 52
1 15
1 30
1 10
1 74
1 59
1 12
1 97
1 48
1 5
2 24
2 65
2 76
2 62
2 92
2 25
2 65
2 97
3 52
3 5
3 69
3 36
3 32
4 46
4 81
4 36
4 73
4 20
4 50
5 88
5 67
5 94
5 11
5 23
5 48
5 14
5 43
5 68
5 57
5 38
5 30
5 47
5 64
6 91
6 65
6 73
6 61
6 72
6 99
6 59
6 29
6 35
6 20
7 50
7 33
7 21
7 64
7 50
7 46
7 44
7 51
7 49
7 81
7 76
7 38
7 95
7 50
7 90
8 26
8 95
8 15
8 76
8 90
8 24
8 25
9 24
9 70
9 41
9 42
9 14
9 94
10 36
10 47
10 77
10 87
10 18
10 44
10 40
10 63
10 53
11 47
11 89
11 34
11 43
12 34
12 94
12 55
12 90
12 78
12 17
12 46
12 18
12 43
12 43
12 37
12 64
13 23
13 70
13 36
13 92
13 48
13 40
13 15
13 45
14 23
14 24
14 85
14 76
14 85
14 55
14 31
14 74
14 61
14 24
14 37
15 29
15 78
15 93
15 61
15 75
15 59
15 69
15 62
15 49
15 94
15 98
16 65
16 36
16 42
16 61
16 47
16 18
16 69
16 75
17 40
17 46
17 56
17 27
17 38
18 37
18 66
18 59
18 64
18 78
18 93
18 33
19 63
19 81
19 63
19 81
19 50
19 64
19 75
19 71
19 43
19 53
19 20
20 67
20 79
20 97
20 74
20 85
20 36
20 75
20 77
20 45
21 54
21 35
21 60
21 67
21 84
21 72
21 99
21 81
21 50
21 65
21 86
21 76
21 65
21 40
21 33
21 71
22 58
22 88
22 62
22 56
22 93
22 68
22 74
22 45
22 76
23 71
23 68
23 59
23 33
23 47
23 32
23 47
23 87
23 74
24 67
24 98
24 53
24 96
24 34
24 25
24 53
24 68
24 31
25 79
25 79
25 42
25 55
25 83
25 72
26 85
26 30
26 78
26 45
26 29
27 84
27 92
27 50
27 47
27 36
27 37
27 52
27 61
28 97
28 42
28 30
28 62
28 94
28 46
28 50
28 84
28 47
28 69
29 63
29 45
29 78
29 71
30 44
30 66
30 44
30 85
30 53
30 44
30 39
30 64
30 75
30 62
30 54
31 32
31 98
32 85
32 40
32 90
32 75
32 42
33 57
33 85
33 50
34 39
34 92
34 81
34 76
34 96
34 47
35 39
35 41
35 80
35 56
35 55
35 57
35 62
35 57
35 54
36 70
36 87
36 40
36 46
36 50
36 50
36 64
36 82
36 58
37 72
37 40
37 66
37 79
38 46
38 77
38 85
38 60
38 93
39 74
39 69
39 71
39 64
40 83
40 77
40 42
40 93
40 45
40 70
40 67
40 46
41 84
41 43
41 85
41 85
41 47
41 59
41 48
41 96
42 81
42 96
42 94
43 58
43 88
43 95
43 60
43 60
43 48
43 84
44 87
44 52
44 75
44 96
44 53
44 82
44 61
45 95
45 84
45 74
46 76
46 58
46 68
46 62
46 63
46 82
47 83
47 92
47 76
47 91
48 89
48 82
49 80
49 95
49 76
49 64
49 99
49 79
49 54
49 50
49 85
49 74
50 52
50 63
50 52
50 72
51 73
51 88
51 90
51 98
51 90
52 76
52 75
52 90
52 55
52 85
52 54
52 65
52 63
53 72
53 75
53 71
53 96
53 93
53 74
53 96
54 77
54 91
54 64
55 65
55 90
56 67
56 89
56 62
57 61
57 86
57 83
57 66
58 84
58 72
58 66
59 69
59 97
59 68
59 64
59 60
60 82
60 84
60 96
60 77
60 70
61 78
61 78
61 97
61 80
62 85
62 67
63 65
63 79
63 92
64 82
64 78
64 91
65 88
65 68
65 94
65 72
65 90
66 73
66 74
66 80
67 85
68 69
69 77
70 84
70 75
71 83
72 94
72 74
73 94
73 76
73 74
73 78
73 82
73 87
74 90
74 97
74 81
74 86
75 99
75 93
75 82
75 84
76 78
76 77
76 85
76 88
76 89
77 92
77 79
77 98
79 89
79 96
79 81
79 91
80 98
81 92
81 89
82 97
82 84
82 99
84 95
84 92
84 96
85 93
87 88
88 99
91 94
92 95
