0 15
0 21
0 50
0 58
0 10
0 29
0 47
0 81
1 18
1 88
1 14
1 60
1 85
1 89
1 19
1 14
1 61
1 58
1 51
2 79
2 50
2 18
2 19
2 14
2 92
2 95
2 57
3 84
3 99
3 23
3 12
3 19
4 13
4 75
4 16
4 50
4 27
5 55
5 29
5 63
5 61
5 52
5 44
5 83
5 42
5 48
6 38
6 8
6 91
6 88
7 97
7 13
7 85
7 42
7 20
7 89
7 85
7 89
8 92
8 86
8 65
8 61
8 70
8 31
8 70
8 18
8 58
8 65
9 21
9 51
9 76
9 13
9 98
9 36
9 73
9 38
9 59
9 31
9 46
9 48
9 76
9 82
10 76
10 56
10 55
10 42
10 67
10 18
10 94
10 91
10 55
10 92
10 27
10 92
11 25
11 89
11 58
11 89
11 40
11 42
11 84
11 67
11 61
11 76
11 13
11 12
11 51
12 74
12 53
12 67
12 91
12 67
12 71
13 56
13 15
13 85
13 85
13 71
13 79
14 46
14 66
14 34
14 83
14 95
14 66
14 90
15 53
15 59
15 60
15 31
15 72
15 99
15 20
15 54
15 23
15 30
15 33
15 23
15 30
16 70
16 62
16 93
16 72
17 42
17 79
17 45
17 60
17 88
17 83
17 63
17 51
17 23
17 29
18 51
18 79
18 31
18 21
18 51
18 66
18 24
19 69
19 20
19 48
19 27
19 60
19 83
20 21
20 53
20 85
20 76
20 67
20 40
20 49
20 41
20 52
20 24
21 34
21 80
21 92
21 42
21 48
21 69
21 75
22 99
22 44
22 30
22 59
22 97
22 35
22 37
22 29
23 26
23 83
23 44
23 91
23 38
24 77
24 46
24 83
24 39
24 96
24 37
24 40
24 57
24 69
24 32
24 74
25 39
25 36
25 94
25 88
25 54
25 59
25 66
25 48
25 50
25 65
25 74
25 90
25 82
26 85
26 79
26 82
26 71
26 36
26 32
27 74
27 43
27 67
28 41
28 53
28 32
28 68
28 35
28 91
29 92
29 92
29 66
29 57
29 84
29 95
30 63
30 56
30 96
30 99
30 72
30 35
31 69
31 94
31 50
31 44
31 82
31 78
31 73
31 45
31 73
31 58
32 51
32 42
32 89
32 87
32 76
32 77
32 61
32 72
33 57
33 92
33 63
33 97
33 43
33 43
33 74
34 74
34 60
34 71
34 54
34 94
34 80
34 75
35 58
35 49
35 85
35 59
35 39
35 87
35 42
35 59
36 97
36 96
36 55
36 99
36 97
37 45
37 87
37 98
37 48
37 79
37 92
37 60
37 90
37 80
38 88
38 91
38 78
38 54
38 88
38 92
39 87
39 55
39 41
39 96
40 42
40 86
40 57
40 92
41 50
41 75
41 96
42 51
42 71
42 80
42 51
42 62
42 94
42 64
42 68
43 47
43 62
43 56
43 47
43 73
43 69
43 94
44 86
44 88
44 54
44 73
44 48
44 78
44 55
45 99
45 61
45 68
46 52
46 52
46 94
46 73
46 74
46 53
46 93
46 71
47 64
47 87
47 79
47 49
47 52
47 48
48 50
48 76
48 52
48 57
48 99
48 65
48 71
48 85
48 82
48 87
48 74
49 72
49 57
49 89
50 64
51 60
51 92
51 73
51 66
51 87
51 52
52 84
52 61
52 55
52 78
52 97
53 62
53 91
53 81
53 69
53 84
54 65
54 70
54 69
54 92
54 83
55 93
55 95
55 57
55 56
55 78
56 59
56 72
57 79
57 91
57 94
57 77
57 85
57 83
57 92
57 59
57 81
57 82
58 93
58 77
58 78
59 99
59 71
59 95
59 80
59 97
59 61
59 73
60 84
60 69
61 79
61 98
61 88
61 94
62 66
62 71
62 77
62 91
62 66
62 75
62 90
62 76
63 95
64 90
64 88
64 99
64 69
64 71
64 88
64 96
65 85
65 77
66 83
66 84
66 88
66 99
66 95
66 78
67 78
67 76
68 75
68 89
69 80
69 99
70 79
70 73
71 84
72 82
72 83
72 75
73 92
73 84
73 98
75 91
75 77
75 82
75 97
76 90
77 81
77 99
77 85
78 86
78 97
78 96
79 90
79 92
79 96
79 87
80 92
80 94
80 81
81 86
81 90
83 98
83 87
84 86
85 99
86 97
86 95
87 88
87 92
89 90
89 95
90 98
90 99
91 98
95 97
97 98
