0 13
0 49
0 59
0 13
0 6
0 83
0 87
0 39
0 22
0 22
1 55
1 56
1 37
1 73
1 33
1 92
1 49
1 65
1 87
1 88
2 27
2 6
2 35
2 5
2 41
2 84
2 82
2 72
2 19
2 56
2 60
3 32
3 90
3 79
3 4
3 9
3 35
3 94
3 36
3 32
3 23
3 15
3 11
4 25
4 82
4 62
4 62
4 83
5 31
5 67
5 72
5 56
5 25
5 9
5 7
5 24
5 29
6 48
6 93
6 15
6 16
7 83
7 73
7 50
7 21
8 40
8 45
8 28
8 78
8 28
8 88
8 64
8 39
8 15
8 78
8 68
8 21
9 65
9 54
9 10
9 34
9 38
9 23
9 44
9 43
9 24
9 51
10 52
10 49
10 88
10 68
10 98
10 36
10 57
11 43
11 44
11 80
11 33
11 86
11 30
11 45
11 65
12 70
12 85
12 29
12 34
12 76
12 30
12 35
12 58
13 59
13 99
13 86
13 94
14 56
14 58
14 80
14 17
14 46
14 46
14 62
14 43
14 75
14 39
14 94
14 65
15 98
15 85
15 23
15 24
15 39
15 31
15 81
15 38
15 46
15 24
16 29
16 44
16 85
16 82
16 81
16 80
17 82
17 44
17 62
17 83
17 86
17 83
17 90
17 85
17 95
18 29
18 70
18 36
18 86
18 98
18 73
18 87
18 35
19 24
19 87
19 20
19 38
19 97
20 84
20 91
20 78
20 31
20 28
20 26
20 36
20 84
20 73
20 30
20 45
20 37
20 46
21 75
21 40
21 39
21 62
21 50
21 69
21 65
21 64
21 44
22 43
22 43
22 56
22 44
22 87
22 42
22 88
22 41
23 24
23 99
23 66
23 39
23 81
23 89
24 41
24 85
24 75
24 34
24 74
24 26
25 67
25 51
25 35
25 40
25 57
25 42
25 83
26 84
26 28
26 62
26 85
26 56
27 75
27 77
27 28
27 94
27 39
27 94
27 50
27 51
27 75
27 45
27 64
27 80
27 90
28 56
28 64
28 55
28 30
28 97
28 83
28 73
28 36
28 68
29 84
29 67
29 40
29 83
29 52
29 44
30 58
30 61
30 96
30 32
30 67
30 66
30 42
31 77
31 71
32 56
32 88
32 83
32 49
33 51
33 82
33 65
33 76
33 85
33 50
33 35
33 57
34 41
34 57
34 59
34 75
34 50
34 39
34 74
34 84
34 39
34 75
34 70
34 51
35 56
35 58
35 63
36 49
36 87
36 74
36 72
36 54
36 97
36 37
36 97
37 72
37 78
37 85
37 44
37 48
37 45
37 56
37 42
37 44
38 96
38 80
38 84
38 93
38 44
38 59
38 54
38 43
39 48
39 81
39 82
39 42
39 75
40 44
40 57
40 77
40 52
40 54
40 47
40 52
40 85
41 96
41 55
41 71
41 68
41 56
42 74
42 65
42 62
43 58
43 88
43 44
43 44
43 94
43 65
44 93
44 99
44 90
44 72
44 78
44 57
44 75
44 92
44 94
45 86
45 89
45 94
45 53
45 75
45 57
46 70
46 64
46 58
46 91
47 72
47 58
48 56
48 87
48 67
48 56
49 88
49 54
49 84
49 83
49 71
49 70
49 98
49 68
49 54
50 58
50 76
50 91
51 80
51 62
51 64
51 95
51 61
51 72
52 89
52 55
52 89
52 75
52 72
52 97
53 68
53 65
53 95
53 58
53 89
54 80
54 94
54 75
54 97
54 84
54 67
54 62
55 56
55 92
55 81
55 82
55 89
56 82
56 67
56 77
56 66
56 59
57 66
57 62
57 69
57 84
58 75
58 90
58 67
58 76
58 87
58 84
58 70
58 69
59 74
59 65
59 98
59 86
60 92
60 83
61 74
61 76
62 71
62 68
63 65
63 76
63 83
64 94
64 90
64 65
64 86
65 77
65 80
65 79
65 93
65 79
66 88
66 84
67 71
67 85
67 74
67 98
67 84
68 82
68 81
68 88
68 84
68 85
68 93
68 96
68 90
68 81
69 75
69 70
69 81
69 91
70 79
70 96
70 75
70 97
70 81
70 84
70 90
71 83
72 83
73 96
74 83
75 96
75 86
75 99
76 83
76 91
76 82
76 80
77 79
77 82
78 82
78 90
79 91
79 82
79 99
80 99
80 93
82 83
83 85
83 99
83 92
85 93
85 90
85 96
85 94
85 88
85 94
86 91
86 98
87 97
88 97
