0 57
0 23
0 23
0 57
0 12
0 37
0 62
0 82
0 74
0 74
0 31
0 26
1 49
1 14
1 2
1 88
1 54
1 96
1 16
1 34
1 96
1 3
1 95
2 96
2 74
2 8
2 29
2 28
2 67
2 76
2 74
2 47
2 42
2 81
3 84
3 30
3 90
3 78
3 33
3 12
3 98
3 70
4 81
4 53
4 36
4 76
4 7
4 34
5 31
5 43
5 63
5 32
5 76
5 73
5 61
5 81
5 24
6 17
6 90
6 94
6 68
6 18
6 59
6 37
7 48
7 16
7 56
7 91
7 9
7 56
8 42
8 77
8 40
8 92
8 99
8 56
8 72
8 79
8 73
8 46
8 9
9 37
9 33
9 56
9 56
9 26
9 59
9 95
9 78
9 71
9 68
9 40
9 53
10 70
10 34
10 62
10 74
10 87
10 98
10 32
10 49
10 33
10 38
10 58
10 61
10 85
10 29
10 98
11 75
11 56
11 76
11 17
11 24
11 52
12 28
12 72
12 21
12 45
12 85
12 67
12 42
12 61
12 29
13 41
13 31
13 41
13 50
13 47
13 59
13 79
13 22
13 21
13 44
14 50
14 74
14 24
14 57
14 59
14 63
14 64
14 96
14 38
14 92
14 55
14 73
15 98
15 56
15 30
15 25
15 57
15 23
15 98
15 38
15 96
15 85
15 96
15 40
16 67
16 83
16 56
16 31
16 24
16 50
16 92
16 37
16 47
17 44
17 35
17 51
17 98
17 37
17 70
17 72
17 90
17 83
18 65
18 53
18 99
18 46
18 43
18 62
18 93
18 35
19 22
19 40
19 46
19 67
19 70
19 35
19 59
19 88
19 72
19 97
20 43
20 24
20 49
20 80
20 49
20 94
20 39
20 55
20 56
20 73
21 33
21 40
21 29
21 66
21 72
21 75
21 29
21 56
22 68
22 90
22 23
22 39
22 42
22 69
22 27
23 67
23 32
23 91
23 64
23 39
23 62
24 63
24 70
24 82
24 66
25 65
25 99
25 47
25 63
25 44
25 65
26 56
26 98
26 68
26 93
26 56
26 27
26 42
27 58
27 41
27 47
27 65
27 32
27 57
27 39
28 96
28 61
28 67
28 62
28 76
28 49
29 75
29 60
29 77
29 72
29 63
29 34
29 59
30 53
30 69
30 63
30 70
30 99
31 71
31 56
31 79
32 46
32 57
32 85
32 61
32 75
32 35
32 67
32 90
32 61
32 80
33 37
33 50
33 86
33 99
33 52
34 90
34 59
34 89
34 98
35 48
35 48
35 67
36 58
36 42
37 39
37 86
37 91
37 95
37 51
38 83
38 90
38 98
38 58
38 85
38 65
38 52
38 54
38 84
38 62
39 86
39 81
39 72
39 87
40 53
40 74
40 75
40 43
40 53
41 67
41 57
41 75
41 71
42 46
42 57
43 72
43 80
43 60
43 50
43 94
44 87
44 52
44 71
44 50
44 86
45 47
45 92
45 63
45 79
45 71
46 81
46 81
46 94
46 69
46 73
46 93
47 79
47 92
47 52
47 86
47 96
47 61
47 73
47 63
48 80
48 61
48 53
49 54
49 91
49 65
49 57
49 75
49 73
50 84
50 92
50 89
50 94
50 72
50 77
51 75
51 83
51 69
51 87
51 81
52 62
52 83
52 62
52 55
52 71
52 55
52 78
53 76
53 74
53 89
54 62
54 68
54 80
54 74
54 86
54 56
54 59
54 78
54 70
54 97
54 91
55 68
55 76
55 89
56 57
56 75
57 97
57 80
57 59
58 89
58 81
58 99
58 84
58 77
58 76
58 69
59 82
59 90
59 68
59 93
59 79
60 77
60 88
60 94
60 74
60 99
61 77
61 73
61 74
61 78
61 82
61 85
61 95
61 78
62 63
63 91
65 77
66 87
66 73
66 99
66 71
67 88
67 94
68 90
68 76
68 71
68 99
68 83
69 88
69 78
70 80
70 89
70 97
70 95
70 96
70 88
71 91
71 74
71 96
72 74
72 85
72 92
72 87
73 79
73 74
73 87
73 79
73 90
73 95
73 82
73 90
73 86
74 84
74 99
74 77
74 80
75 78
75 80
76 95
76 88
76 85
77 90
77 94
78 84
79 85
80 88
80 81
80 98
81 93
81 95
82 99
82 83
82 97
83 91
83 90
84 96
85 98
87 92
88 93
88 99
88 99
89 91
90 91
92 96
94 99
94 95
95 96
96 98
