0 83
0 23
0 18
0 41
0 79
0 79
0 74
0 58
0 66
0 5
1 79
1 92
1 4
1 36
1 12
1 31
1 49
1 56
1 81
1 96
1 13
1 89
2 98
2 17
2 84
2 79
2 29
2 39
2 57
2 39
3 33
3 75
3 85
3 86
3 46
4 88
4 16
4 58
4 50
4 82
4 85
4 58
4 48
4 58
4 64
4 25
5 86
5 99
5 85
5 43
5 43
5 27
5 84
5 58
5 75
5 49
5 86
5 57
5 94
5 80
5 72
6 44
6 95
6 14
6 86
6 21
6 65
6 73
6 82
6 55
6 86
6 53
6 16
6 36
7 25
7 82
7 51
7 82
7 40
7 54
7 98
7 36
7 52
7 72
8 9
8 52
8 65
8 26
8 65
8 74
9 74
9 80
9 26
9 49
10 36
10 97
10 12
10 58
10 27
10 41
10 16
10 65
10 69
10 77
11 87
11 45
11 20
11 63
11 26
11 32
11 90
11 43
11 42
11 63
11 17
12 52
12 30
12 82
12 80
12 57
12 88
13 21
13 84
13 23
13 55
13 59
13 42
13 61
13 43
13 64
13 90
14 68
14 38
14 46
14 98
14 18
14 75
15 87
15 58
15 44
15 35
15 46
15 41
15 66
15 87
15 71
15 46
16 28
16 79
16 26
16 72
16 27
16 71
16 86
16 78
16 81
17 53
17 19
17 36
17 22
17 77
17 23
17 74
17 94
18 53
18 62
18 45
18 88
18 55
18 67
18 32
18 47
18 38
19 66
19 58
19 97
19 83
19 62
19 32
19 24
19 27
19 93
20 63
20 86
20 46
20 65
20 99
20 78
21 72
21 47
21 47
21 40
21 89
21 64
22 31
22 31
22 62
22 33
22 56
22 85
22 55
23 71
23 59
23 93
23 43
23 43
23 35
23 97
23 60
23 49
24 59
24 98
24 86
24 34
24 48
24 84
24 97
25 62
25 39
25 29
25 98
25 70
25 74
25 69
25 26
25 30
26 63
26 88
26 86
26 35
27 40
27 78
27 57
27 33
28 50
28 84
28 34
28 38
28 38
29 39
29 40
29 83
29 32
29 63
30 40
30 94
30 54
30 34
30 38
30 96
30 31
30 73
30 85
30 93
31 64
31 89
31 38
31 46
31 90
32 48
32 90
32 57
32 91
33 63
33 68
33 46
33 91
33 38
33 84
34 45
34 74
34 98
34 60
34 65
34 41
34 95
34 54
34 35
35 80
35 74
35 61
35 73
35 94
35 70
35 77
36 83
36 86
36 37
36 65
36 75
37 93
37 39
37 94
37 86
37 93
37 87
37 77
38 96
38 67
38 42
38 70
38 75
38 49
38 65
38 74
38 58
38 61
38 93
39 41
39 56
39 42
39 60
39 74
39 40
39 91
39 62
40 93
40 53
40 61
40 76
40 52
40 95
40 89
40 98
40 74
40 62
41 52
41 61
41 95
41 54
41 77
41 98
42 67
42 56
42 67
42 71
42 77
42 69
42 60
42 49
42 50
42 65
42 95
42 77
43 44
43 51
43 50
43 48
43 62
43 82
43 92
43 48
44 56
44 51
44 78
44 86
45 70
45 54
45 79
46 68
46 82
46 76
46 73
46 53
47 49
47 58
47 94
47 84
47 76
47 87
47 57
47 89
48 75
48 89
48 79
48 99
48 63
49 51
49 64
49 91
49 96
50 81
50 89
50 79
50 63
50 73
51 98
51 62
51 54
51 62
52 56
52 71
52 84
52 81
52 71
53 54
53 86
54 75
54 65
54 83
54 73
54 93
54 74
55 74
55 91
55 93
55 73
55 69
55 98
55 68
55 90
56 58
56 72
56 97
56 98
57 79
57 91
57 87
57 67
57 96
58 68
59 89
59 86
60 84
60 84
60 95
60 80
60 67
61 78
61 79
61 65
61 87
61 92
62 95
62 98
62 96
63 73
63 88
64 82
64 70
65 78
65 92
65 93
65 81
65 81
66 86
66 93
66 67
67 76
67 96
67 92
68 97
68 73
68 91
69 79
69 84
69 94
70 77
71 85
71 81
71 72
71 81
72 98
72 84
73 79
74 85
74 84
74 79
74 92
74 90
74 77
75 85
75 92
76 91
76 97
76 93
76 85
77 90
78 82
78 99
78 84
78 92
79 87
81 84
81 96
81 85
81 91
82 89
83 93
83 94
83 93
84 87
85 87
85 92
86 97
87 93
89 93
90 91
90 96
92 93
