0 16
0 54
0 8
0 66
0 9
0 88
0 14
0 90
0 87
0 3
0 15
1 73
1 21
1 42
1 73
1 16
1 46
1 62
1 83
1 97
2 7
2 75
2 83
2 56
2 65
2 8
2 3
3 83
3 33
3 93
3 88
3 15
3 93
3 60
3 63
3 66
3 21
3 59
3 16
3 87
4 72
4 86
4 27
4 69
4 27
4 37
4 34
4 81
4 97
5 79
5 38
5 37
5 54
5 18
5 56
5 8
5 34
6 57
6 15
6 18
6 44
6 96
6 39
6 64
6 79
6 38
6 28
6 97
6 67
6 39
6 86
6 98
7 52
7 72
7 84
7 57
7 39
7 78
7 31
7 19
7 61
8 40
8 70
8 26
8 50
8 54
8 91
8 38
9 58
9 50
9 46
9 65
9 99
9 35
9 24
9 83
9 69
9 81
9 59
10 78
10 52
10 87
10 39
10 63
10 46
10 61
10 32
11 73
11 50
11 98
11 82
11 70
11 55
11 96
11 73
11 32
12 52
12 79
12 23
12 62
12 80
12 53
12 96
13 47
13 55
13 52
14 71
14 24
14 53
14 66
14 80
14 77
14 45
14 77
15 23
15 16
15 95
15 90
15 92
16 84
16 19
16 41
16 20
16 35
16 78
16 84
16 18
16 68
16 48
16 32
16 19
16 86
16 43
16 54
17 78
17 29
17 36
17 69
17 73
17 57
17 62
17 67
18 97
18 45
18 22
18 25
18 50
18 25
18 87
18 79
19 46
19 47
19 53
19 97
19 57
19 97
19 95
19 72
19 75
19 85
19 80
19 98
19 58
19 24
20 52
20 26
20 52
20 81
20 70
21 46
21 41
21 65
21 73
21 35
21 26
22 44
22 75
22 52
22 75
22 35
22 28
22 84
22 79
22 80
23 38
23 30
23 97
23 59
23 93
23 81
23 81
24 69
24 90
24 57
24 75
24 86
24 76
25 39
25 87
25 97
25 75
25 55
25 31
25 97
26 76
26 35
26 75
26 98
26 51
26 87
27 71
27 77
27 37
27 98
27 81
27 78
27 91
27 31
27 78
27 73
27 40
27 67
27 94
28 90
28 50
28 94
28 68
28 56
28 77
28 86
28 53
29 79
29 38
29 46
29 84
29 95
29 90
30 90
30 43
30 81
30 98
30 89
30 93
30 31
30 76
31 38
31 33
31 43
31 95
31 67
31 95
32 61
32 50
32 41
32 33
32 83
32 58
32 94
32 94
32 88
32 78
33 83
33 90
33 44
34 96
34 41
34 51
34 56
34 80
34 64
34 86
34 49
34 38
34 40
35 91
35 83
35 44
35 64
35 71
35 69
35 63
35 71
35 46
35 98
35 79
36 83
36 66
36 61
36 46
36 60
36 95
36 43
37 79
37 42
37 77
37 85
38 88
38 84
39 60
39 84
39 65
39 50
39 95
39 76
39 51
39 64
39 49
39 54
39 89
40 90
40 62
40 60
40 63
40 80
41 86
41 67
41 97
42 68
42 72
42 67
42 90
42 74
42 83
43 59
43 90
43 60
43 91
43 93
43 47
44 62
44 68
44 46
44 84
44 50
44 66
44 96
44 94
45 83
45 80
45 93
45 61
45 73
45 62
45 68
45 91
45 72
46 88
46 79
46 59
46 50
46 89
46 75
47 79
47 79
47 73
47 73
47 67
48 74
48 72
48 98
48 82
48 86
48 82
49 78
49 68
49 86
49 53
49 88
49 56
49 60
51 86
51 73
51 99
52 96
52 84
52 82
52 97
52 72
52 63
53 65
53 70
53 88
53 83
53 93
53 79
54 96
54 76
55 63
55 74
55 65
55 98
56 85
56 83
56 68
56 68
56 89
56 64
57 80
57 60
57 69
57 77
57 98
58 76
58 70
58 86
58 86
58 68
59 75
59 81
59 86
59 99
60 82
60 86
60 98
60 61
61 66
62 65
62 78
62 96
63 84
63 75
63 98
63 72
64 98
64 88
64 71
64 77
64 92
64 98
64 85
66 95
66 87
66 94
66 81
66 83
67 77
67 96
68 75
69 83
69 94
69 98
69 93
71 76
71 72
72 95
72 85
73 86
73 84
74 78
74 95
74 82
75 88
75 95
76 99
76 87
76 81
77 80
77 87
77 92
77 94
78 97
78 86
79 92
79 91
79 88
80 83
80 87
80 95
81 87
81 89
82 95
83 86
83 95
84 98
84 96
84 93
84 91
86 89
86 87
89 97
