0 67
0 88
0 12
0 62
0 40
0 53
0 24
0 78
0 89
1 50
1 79
1 87
1 8
1 13
1 18
1 55
1 14
1 63
1 56
1 63
1 30
2 53
2 85
3 90
3 10
3 60
3 81
3 20
4 27
4 88
4 30
4 33
4 61
4 60
4 75
4 86
4 98
5 17
5 45
5 29
5 96
5 48
5 65
5 71
5 22
5 40
5 62
5 43
6 70
6 43
6 78
6 91
6 79
6 50
6 83
6 69
6 76
6 92
7 19
7 17
7 19
7 9
7 13
7 18
7 71
8 61
8 63
8 56
8 61
9 38
9 80
9 77
9 18
9 19
9 69
9 37
9 59
10 58
10 18
10 87
10 61
10 19
10 97
10 51
10 26
10 68
10 70
11 83
11 49
11 46
11 78
11 92
11 86
11 51
11 71
11 72
11 58
11 79
12 32
12 96
12 60
12 43
12 67
12 45
12 87
13 30
13 53
13 56
13 67
13 99
13 49
13 30
13 79
13 32
13 72
13 61
14 42
14 25
14 44
14 31
14 77
14 23
14 93
14 75
14 58
14 68
14 69
14 26
15 30
15 50
15 99
15 36
15 43
15 36
15 81
15 45
16 20
16 92
16 40
17 48
17 73
17 23
17 27
17 57
17 40
17 48
17 98
17 76
17 55
18 29
18 80
18 38
18 91
18 33
18 60
18 59
18 77
18 55
18 20
18 38
19 87
19 54
19 50
19 95
19 77
19 38
19 51
20 38
20 95
20 65
20 99
20 47
20 55
20 52
21 59
21 92
21 51
21 84
21 70
21 73
21 27
21 90
21 53
21 36
21 49
22 91
22 93
23 88
23 53
23 85
23 24
23 91
23 32
23 54
24 59
24 83
24 76
24 31
24 52
24 54
24 54
24 90
24 25
24 70
25 32
25 69
25 36
25 79
25 94
25 59
25 39
25 50
25 33
25 46
26 77
26 70
26 46
26 60
26 70
26 87
27 36
27 85
27 50
27 45
27 36
28 69
28 55
28 76
28 58
28 79
28 60
28 56
28 82
29 63
29 80
29 72
29 80
29 62
29 52
29 76
29 92
29 88
29 87
30 98
30 48
30 78
30 42
30 44
30 34
30 44
30 33
30 42
30 58
30 69
30 95
30 78
31 56
31 46
31 77
31 33
31 69
31 82
31 78
32 98
33 54
33 73
33 52
33 35
33 56
33 44
33 94
33 81
33 62
34 80
34 56
34 49
35 87
35 78
35 80
35 70
35 36
35 46
35 52
35 80
35 45
36 37
36 52
36 70
36 79
36 38
37 52
37 94
37 51
37 98
37 48
37 50
37 68
37 98
37 49
38 49
38 41
38 62
38 84
39 41
39 82
39 94
39 45
39 58
39 63
39 49
39 47
39 74
39 89
39 48
39 68
39 88
39 83
40 58
40 66
40 67
40 41
40 77
40 82
40 70
41 98
41 42
41 42
41 48
42 76
42 61
42 52
42 97
42 66
43 87
43 88
43 99
43 56
43 96
43 54
44 49
44 62
44 91
44 53
44 46
44 61
44 70
44 85
44 87
45 66
45 87
45 61
45 64
45 65
46 99
46 86
46 77
46 48
46 56
47 87
47 65
47 72
47 64
48 82
48 95
48 88
48 64
48 69
48 49
49 84
49 90
49 61
49 74
49 78
50 75
50 57
50 80
50 52
50 70
50 61
51 91
51 58
51 71
51 86
51 78
51 76
51 69
52 77
52 69
52 76
52 66
52 92
52 90
52 63
53 91
53 76
53 63
54 84
54 81
55 94
55 84
56 77
56 84
56 58
56 87
56 81
56 90
56 66
57 75
57 81
57 79
57 59
57 64
58 80
58 60
58 73
58 86
59 73
59 71
59 61
59 64
60 76
60 74
61 86
61 68
62 88
62 69
62 98
62 69
62 67
62 70
63 86
63 87
63 84
64 92
64 70
64 90
64 88
64 79
65 82
65 83
65 74
65 67
65 74
65 97
65 89
66 88
66 67
66 88
66 69
67 77
67 87
68 71
68 95
68 77
68 82
68 86
68 94
69 77
69 77
70 72
70 86
70 97
70 99
70 80
71 79
71 88
71 99
72 90
72 83
72 86
72 79
73 76
74 75
74 94
74 88
74 96
75 84
76 92
78 79
78 79
78 96
79 93
79 95
79 89
79 85
80 97
80 98
81 84
85 86
85 94
86 94
87 98
88 96
90 94
90 97
90 99
91 92
93 97
94 95
96 99
