0 16
0 53
0 31
0 69
0 79
0 23
0 44
0 56
0 16
0 20
0 33
1 98
1 59
1 71
1 65
1 11
1 45
1 90
1 9
1 88
1 82
1 82
1 18
1 75
1 44
1 89
1 30
2 61
2 7
2 16
2 83
2 78
2 8
2 52
2 8
2 30
2 67
3 67
3 45
3 81
3 28
3 74
3 65
3 77
3 98
3 14
3 89
4 7
4 90
4 15
4 99
4 48
4 98
4 95
4 88
4 45
5 88
5 57
5 15
5 98
5 44
5 22
5 83
5 81
5 80
5 63
6 49
6 80
6 31
6 96
6 22
6 64
6 12
7 39
7 31
7 41
7 56
7 46
7 43
7 70
7 30
7 42
8 87
8 53
8 13
8 82
8 82
8 67
8 60
8 79
8 48
8 13
8 16
8 32
8 75
8 72
8 17
8 70
9 77
9 10
9 25
9 80
9 35
9 79
10 20
10 76
10 38
10 95
10 19
10 28
10 50
10 40
10 89
10 98
10 44
10 17
10 78
10 21
11 96
11 83
11 30
11 39
11 12
11 24
11 95
11 70
11 33
11 35
11 83
11 95
11 37
12 15
12 44
12 46
12 42
12 26
13 50
13 96
13 39
13 79
13 97
13 34
14 27
14 69
14 96
14 20
14 26
14 49
14 53
14 23
14 76
14 72
15 33
15 27
15 87
15 28
15 44
15 38
15 60
15 66
15 50
15 75
15 79
15 67
15 19
16 90
16 57
16 19
16 54
16 99
16 50
16 73
16 19
16 65
16 30
16 72
17 75
17 51
17 44
17 87
17 38
17 41
17 87
17 30
18 43
18 33
18 51
18 30
18 47
18 95
18 60
18 35
18 52
19 60
19 73
19 54
19 74
19 64
19 92
19 29
19 46
20 45
20 29
20 27
20 56
20 56
21 66
21 30
21 65
21 29
21 27
21 80
21 30
21 63
22 99
22 78
22 58
22 87
22 62
22 89
22 93
22 91
22 69
23 54
23 69
23 77
23 39
23 39
23 90
23 45
23 37
23 94
23 57
23 25
24 93
24 38
24 33
24 98
24 98
24 50
24 27
25 27
25 98
25 84
25 90
25 60
25 64
25 54
25 73
25 74
25 99
26 80
26 43
26 78
26 97
26 43
26 30
26 98
26 35
27 87
27 88
27 42
27 55
27 48
27 96
27 68
28 67
28 30
28 52
28 46
28 87
28 84
28 85
29 30
29 54
29 46
29 85
30 69
30 61
30 92
30 61
30 81
30 81
30 66
31 49
31 49
31 74
31 78
31 77
31 39
31 34
31 39
31 47
31 58
32 34
32 33
32 54
32 92
32 36
33 57
33 47
33 35
33 87
33 65
33 57
34 71
34 69
35 78
35 37
35 97
35 95
35 61
35 86
35 43
35 74
35 83
35 70
36 46
36 40
36 93
37 42
37 81
37 51
37 86
37 53
37 60
37 51
37 56
37 73
38 60
38 90
38 92
38 46
38 63
38 93
38 46
38 66
39 48
39 90
39 93
39 88
39 75
39 81
40 60
40 53
40 53
40 87
41 91
41 76
41 94
41 80
41 50
42 46
42 64
42 78
42 51
42 64
42 54
42 82
42 47
42 54
43 94
43 44
43 84
43 82
43 82
43 85
43 55
44 78
44 76
44 46
44 60
44 60
45 68
45 49
45 46
45 78
45 97
45 85
46 94
46 77
46 68
46 69
46 63
46 92
47 76
48 74
48 55
48 75
48 56
49 84
49 62
49 73
49 66
49 92
49 86
49 62
50 95
50 80
50 55
50 87
50 98
51 70
51 73
52 78
52 55
53 58
53 83
54 84
54 82
54 57
54 82
54 59
54 71
56 90
56 76
57 62
58 90
58 84
58 96
58 75
58 87
58 72
59 74
59 79
59 72
60 99
60 66
60 83
60 77
60 77
60 82
61 79
61 94
61 83
61 84
61 90
61 97
62 82
62 76
63 68
63 84
63 80
64 67
64 68
64 65
64 91
64 87
65 85
65 66
65 76
66 76
67 69
67 90
67 94
67 80
67 81
68 73
68 87
68 75
68 98
69 97
69 86
69 96
70 88
71 82
71 89
71 98
71 72
71 73
72 92
72 77
73 98
73 77
74 98
74 87
74 99
75 88
75 78
76 84
76 98
76 82
77 90
77 91
78 87
78 79
78 94
78 90
78 83
79 99
79 82
80 91
80 87
82 86
82 98
84 94
86 97
91 95
96 97
98 99
