0 77
0 88
0 98
0 35
0 29
0 37
0 81
0 14
0 11
0 39
0 61
0 54
0 22
0 67
1 10
1 71
1 80
1 96
1 83
1 17
1 47
1 17
1 47
2 8
2 80
2 42
2 91
2 6
2 41
2 37
2 18
2 67
2 45
2 49
3 57
3 86
3 34
3 60
3 52
3 40
3 13
3 9
3 34
4 81
4 50
4 23
4 11
4 95
4 20
4 35
4 68
5 14
5 32
5 12
5 80
5 23
5 80
5 88
6 81
6 86
6 37
6 36
6 8
6 95
6 17
7 83
7 45
7 59
7 69
7 83
7 84
7 71
8 9
8 63
8 65
8 80
9 99
9 87
9 21
9 69
9 29
9 73
9 81
9 67
10 90
10 23
10 75
10 52
10 96
10 78
10 33
10 62
10 56
10 25
10 42
10 92
11 46
11 21
11 51
11 69
11 19
11 40
11 59
11 54
12 90
12 59
12 51
12 72
12 71
12 92
12 46
12 26
13 30
13 65
13 43
13 32
13 79
13 32
13 41
13 37
13 54
13 39
13 97
14 76
14 17
14 45
14 96
14 20
14 22
14 66
14 67
14 85
14 50
14 31
14 16
14 21
15 51
15 73
15 76
15 17
15 26
15 78
15 25
15 38
15 67
15 67
16 49
16 89
16 37
16 93
16 43
16 83
16 76
16 59
17 62
17 43
17 31
17 47
17 52
17 55
17 90
17 70
18 79
18 94
18 27
18 36
18 51
18 88
18 36
19 86
19 84
19 64
19 87
19 99
19 74
19 49
19 26
19 39
19 75
19 88
20 47
20 76
20 25
20 82
20 36
20 24
20 35
20 82
21 52
21 38
21 64
21 34
21 52
21 72
21 42
21 25
21 86
21 94
22 62
22 95
22 78
22 34
22 74
22 89
22 69
22 75
22 71
22 93
22 53
23 36
23 91
23 47
23 33
23 58
23 86
23 86
24 86
24 65
24 94
24 82
24 97
25 27
25 49
25 50
25 81
25 64
25 63
25 72
25 44
25 84
25 45
26 80
26 55
26 85
26 88
26 51
26 85
26 48
27 28
27 31
27 67
27 95
27 47
27 37
27 73
27 99
27 73
28 86
28 45
28 61
28 69
28 65
28 39
28 67
28 53
28 45
28 64
29 64
29 44
29 67
29 35
29 68
30 78
30 71
30 40
30 42
30 58
30 85
30 43
30 69
30 65
31 78
31 90
31 82
31 78
31 83
31 69
31 44
31 97
31 74
31 86
32 55
32 81
32 91
32 83
32 47
32 47
32 46
33 93
33 57
34 80
34 67
34 78
34 63
34 85
34 45
34 53
34 80
34 91
35 43
35 63
35 53
35 58
36 46
36 81
36 37
36 40
36 62
36 62
36 68
37 45
37 75
37 45
37 53
37 51
37 49
38 98
38 79
38 50
38 67
38 63
38 53
39 71
39 68
39 87
39 65
39 80
39 91
39 94
39 85
39 41
40 91
40 47
40 62
41 98
41 50
41 66
41 89
41 49
41 66
41 50
42 66
42 73
42 51
42 92
42 66
42 77
42 55
42 67
42 97
43 71
43 82
43 86
44 98
44 94
44 73
44 90
44 62
45 47
45 77
45 59
45 46
46 94
46 86
46 97
46 76
46 52
46 60
46 94
46 78
46 53
46 51
46 57
47 54
47 86
47 48
47 98
47 79
47 59
47 68
47 74
48 67
48 58
48 67
48 75
48 63
49 97
49 98
49 91
49 98
49 88
50 67
50 58
51 62
51 75
51 67
51 94
52 65
52 89
52 86
52 76
53 68
53 60
54 74
54 61
55 94
55 63
55 65
56 74
56 75
56 66
57 81
57 67
57 90
57 69
58 99
58 84
58 73
58 79
59 71
59 70
59 96
59 68
59 85
61 68
61 68
61 74
61 76
61 77
61 95
61 98
62 67
62 83
62 75
62 82
62 90
63 94
63 94
63 71
63 71
64 99
65 89
65 78
65 72
65 90
65 67
65 94
65 73
66 75
66 94
66 98
67 97
67 87
68 92
69 75
69 98
69 76
69 90
69 85
70 93
70 87
70 89
70 81
71 85
71 83
71 72
72 74
72 80
72 90
73 75
73 81
73 77
73 98
74 87
74 96
74 90
76 87
76 89
76 84
77 97
78 81
78 96
79 97
79 80
79 86
80 94
80 93
80 92
82 89
83 88
84 92
84 95
84 94
88 90
89 96
90 95
90 93
91 96
92 99
95 99
