0 97
0 61
0 44
0 5
0 19
0 46
0 55
1 27
1 63
1 67
1 19
1 64
1 9
1 98
1 28
1 2
1 46
1 63
1 75
1 80
2 57
2 62
2 79
2 37
2 94
2 87
2 38
2 82
3 94
3 51
3 15
3 41
3 10
3 47
3 91
4 75
4 82
4 32
4 34
4 84
4 21
4 60
4 99
4 59
4 93
4 44
5 13
5 30
5 78
5 78
5 21
5 11
6 18
6 78
6 72
6 97
6 83
6 53
7 12
7 39
7 90
7 38
8 39
8 32
8 28
8 90
8 12
8 63
8 99
8 19
8 71
8 70
8 69
9 64
9 88
9 82
9 26
9 36
9 17
9 76
9 87
9 89
9 95
10 66
10 90
10 43
10 12
10 86
10 79
10 26
10 50
10 84
11 93
11 77
11 57
11 78
11 54
11 80
11 57
12 33
12 55
12 85
12 30
12 24
12 93
12 48
12 75
13 78
13 74
13 73
13 52
13 31
13 23
13 23
13 33
13 67
13 47
13 75
14 32
14 90
14 22
14 62
14 30
14 66
14 58
14 78
14 70
14 84
15 40
15 56
15 76
15 46
15 27
16 70
16 31
16 17
16 93
16 42
16 87
16 55
16 78
16 41
16 73
17 73
17 43
17 36
17 71
17 77
17 46
17 88
17 50
17 88
17 36
17 33
17 46
17 89
17 98
18 95
18 62
18 57
18 61
18 53
18 90
19 28
19 34
19 93
19 33
19 67
19 87
19 20
19 45
20 65
20 87
20 35
20 23
20 55
21 84
21 53
21 64
21 70
21 87
21 94
21 97
21 91
22 88
22 35
22 74
22 42
22 32
22 54
23 25
23 29
23 36
23 68
23 31
23 72
23 81
23 69
23 76
24 96
24 94
24 99
24 46
24 37
24 41
24 99
24 29
24 55
25 89
25 64
25 29
26 91
26 48
26 34
26 54
26 35
26 44
26 64
27 79
27 76
27 49
27 63
27 54
27 30
27 76
28 57
28 91
28 49
29 74
29 98
29 74
29 80
29 71
30 42
30 46
30 82
30 59
30 91
31 82
31 76
31 81
31 67
31 62
32 79
32 57
32 89
32 87
32 92
32 55
32 59
32 45
32 56
32 69
32 92
32 66
33 40
33 88
33 99
33 63
33 53
34 85
34 54
34 73
35 88
35 94
35 88
35 49
35 70
36 81
36 80
36 56
36 55
36 54
36 76
36 86
36 51
37 47
37 44
37 98
37 54
37 56
37 39
37 74
37 43
38 69
38 70
39 65
39 76
39 59
39 43
39 95
39 41
39 93
40 75
40 91
40 89
40 53
40 49
40 93
40 55
41 71
41 54
41 55
41 71
41 52
41 95
42 52
42 61
42 55
42 81
42 96
42 87
43 85
43 76
43 92
44 49
44 97
44 54
44 96
44 80
44 46
44 93
44 76
45 74
45 89
45 51
45 85
45 78
45 46
45 96
45 59
45 97
46 83
46 68
46 62
47 98
47 59
47 93
47 57
47 54
48 75
48 71
48 84
48 80
48 64
49 89
49 59
49 52
49 96
49 85
49 55
49 80
49 86
49 83
49 61
49 74
50 95
50 69
50 84
50 73
50 98
50 85
50 53
50 90
51 65
51 90
51 94
51 89
52 92
52 55
52 78
52 71
52 84
53 78
53 79
53 76
53 86
53 89
53 70
54 98
54 97
54 84
54 99
54 81
55 63
55 57
55 80
55 74
55 96
55 95
56 78
56 69
56 92
56 86
57 83
57 61
57 59
57 81
58 81
59 78
59 94
59 71
60 73
60 91
60 96
60 97
60 62
60 97
61 92
61 64
61 84
62 74
62 79
63 91
63 67
63 88
63 80
63 67
64 99
64 72
64 92
64 75
64 67
64 73
64 94
65 97
65 78
65 78
65 86
65 79
65 88
65 89
65 67
65 91
66 68
66 91
66 90
66 79
66 76
66 79
66 71
67 69
67 92
67 70
67 69
67 91
67 71
69 74
69 98
71 91
71 82
72 80
72 80
72 95
72 82
73 97
73 83
74 80
74 80
74 79
74 78
74 88
74 81
75 90
76 90
78 99
78 82
79 99
79 92
80 81
80 88
81 84
81 83
81 88
81 98
82 92
83 89
84 87
84 90
84 91
85 91
85 99
86 93
86 94
87 91
87 96
87 91
88 93
89 91
90 92
90 95
90 92
91 99
91 93
92 98
92 98
92 99
94 95
94 98
97 98
