0 56
0 13
0 46
0 85
0 33
0 31
0 38
0 87
0 95
0 38
0 84
1 59
1 55
1 49
1 39
1 13
1 95
1 37
1 32
1 43
1 84
2 66
2 63
2 33
2 84
2 72
2 13
2 18
2 53
2 16
3 23
3 41
3 32
3 62
3 64
4 43
4 40
4 96
4 16
4 86
4 39
4 31
4 37
5 8
5 40
5 71
5 67
5 30
5 40
5 72
5 78
5 31
5 19
6 36
6 81
6 84
6 54
6 51
6 51
6 65
7 49
7 36
7 73
7 12
7 94
7 70
7 65
7 83
7 93
8 88
8 74
8 72
8 54
8 96
8 78
8 25
8 65
8 43
8 78
9 48
9 60
9 45
9 37
9 67
9 87
9 30
9 11
9 65
10 62
10 74
10 44
10 33
10 24
10 47
10 14
10 12
10 36
10 89
10 81
11 67
11 72
11 58
11 18
11 40
11 48
11 70
11 42
11 81
11 88
12 83
12 42
12 55
12 41
12 71
12 63
12 79
12 14
13 24
13 67
13 48
13 73
13 99
13 50
13 41
13 69
13 63
14 49
14 52
14 22
14 79
14 57
14 36
14 43
14 60
14 59
14 78
14 28
14 78
14 27
15 85
15 66
15 64
15 66
15 28
15 47
15 65
15 42
15 62
15 18
16 40
16 36
16 39
16 89
16 89
16 97
16 73
16 67
16 57
16 58
16 46
17 46
17 47
17 63
17 84
17 93
17 65
17 53
17 42
18 30
18 74
18 99
18 45
18 85
18 93
19 25
19 90
19 79
19 78
19 70
20 75
20 31
20 26
20 45
20 75
20 83
20 80
20 69
20 55
20 67
20 92
21 36
21 44
21 92
21 45
21 38
21 84
21 47
21 90
21 70
21 32
22 33
22 83
22 83
22 96
22 29
23 85
23 36
23 74
23 44
24 57
24 69
24 38
24 80
24 96
24 95
24 96
25 82
25 47
25 98
25 72
25 56
25 95
25 75
26 88
26 61
26 61
26 79
26 32
26 47
26 95
27 60
27 94
27 84
27 72
27 28
27 59
27 46
28 38
28 54
28 39
28 83
28 41
28 91
28 80
29 84
29 41
29 57
29 84
29 56
29 60
29 69
29 38
29 99
30 76
30 58
30 83
30 33
30 44
30 99
30 37
30 92
30 32
30 95
30 92
30 46
31 91
31 53
31 99
31 87
31 59
31 53
31 51
32 67
32 74
32 79
32 59
32 54
32 61
32 79
32 46
33 73
33 81
33 77
33 89
33 57
33 80
33 98
33 50
34 74
34 48
34 45
34 40
34 55
34 50
35 76
35 85
35 56
36 54
36 93
36 83
36 44
36 47
36 83
36 85
36 54
36 67
36 42
36 50
36 58
36 50
36 48
36 74
37 47
37 88
37 63
37 97
37 55
37 75
38 57
38 71
38 58
38 53
38 97
39 72
39 99
39 47
39 46
39 53
39 57
39 77
39 54
39 61
39 98
40 47
40 67
40 54
40 52
40 70
40 49
40 70
40 97
41 82
41 85
41 74
42 89
42 66
42 92
42 99
42 95
42 59
42 99
42 73
42 91
42 54
43 76
43 47
43 64
44 61
44 87
44 67
44 85
44 81
45 95
45 69
45 62
46 59
46 67
46 55
46 88
47 90
47 58
47 94
48 82
48 69
48 80
48 82
48 80
48 95
48 94
48 83
49 94
49 95
49 64
49 52
49 87
49 80
50 76
50 89
50 60
50 75
50 98
50 84
50 51
50 55
50 57
51 84
51 62
51 68
52 99
52 99
52 62
52 93
52 83
53 74
53 78
54 91
54 80
54 99
54 91
55 57
55 75
55 80
55 60
56 82
56 58
56 90
57 78
57 96
57 76
57 96
57 80
57 92
58 98
58 82
59 64
59 75
59 71
59 81
59 78
60 95
60 61
60 72
61 76
61 80
61 73
62 82
62 90
63 77
63 83
63 79
63 76
63 94
64 92
64 98
64 95
64 87
66 71
66 88
66 72
67 69
67 73
69 80
69 87
69 75
69 92
70 78
70 88
70 94
70 78
71 72
71 91
71 87
71 87
71 98
72 86
72 85
73 99
73 88
73 75
74 85
75 86
76 89
76 94
76 98
76 94
76 84
77 97
77 96
77 86
78 95
78 82
79 83
79 98
79 89
80 90
81 87
82 99
82 98
82 98
83 86
84 99
84 88
85 89
85 93
86 97
88 93
90 95
91 97
91 98
92 98
