0 94
0 67
0 78
0 64
0 63
0 11
1 19
1 65
1 48
1 15
1 87
1 91
1 61
1 61
1 47
1 93
2 80
2 24
2 11
2 66
2 59
2 33
2 18
2 90
2 27
3 39
3 57
3 18
3 54
3 6
3 85
3 98
4 7
4 65
4 61
4 64
4 76
4 29
4 86
4 44
4 54
4 27
4 18
4 32
5 97
5 94
5 80
5 29
5 98
5 26
5 90
6 28
6 39
6 40
6 39
6 8
6 62
6 50
6 76
6 36
7 18
7 85
7 79
7 62
7 68
7 88
7 41
7 18
7 70
7 75
7 46
8 91
8 92
8 26
8 13
8 97
9 71
9 35
9 65
9 10
9 85
9 16
9 73
9 42
9 24
9 69
10 40
10 55
10 56
10 37
10 11
10 20
11 26
11 76
11 55
11 56
11 33
11 87
11 99
12 16
12 36
12 45
12 44
12 37
13 88
13 39
13 86
13 90
13 33
13 27
13 69
13 68
13 65
13 16
13 38
13 48
13 51
14 17
14 45
14 17
14 38
14 88
14 96
14 64
15 55
15 77
15 88
15 55
15 61
15 46
15 75
15 44
15 86
15 94
15 44
16 30
16 56
16 43
16 79
16 69
16 57
16 73
17 29
17 45
17 61
17 84
17 93
17 81
18 29
18 28
18 46
18 64
18 86
18 70
18 24
18 35
19 50
19 57
19 98
19 86
19 82
19 47
19 80
20 45
20 91
20 41
20 34
20 62
20 44
20 59
20 48
20 53
20 52
21 85
21 30
21 31
21 42
21 60
21 92
21 83
22 24
22 99
22 46
22 91
22 63
22 73
22 31
23 88
23 71
23 81
23 98
23 44
23 71
23 31
23 99
23 63
23 85
23 61
23 52
24 90
24 91
24 49
24 57
24 49
24 51
24 58
24 30
25 73
25 87
25 47
25 31
25 43
25 65
25 48
25 81
25 47
25 58
26 68
26 79
26 65
26 37
26 61
27 74
27 60
27 79
27 83
27 45
27 87
27 69
28 74
28 72
28 63
28 67
28 60
28 44
28 33
28 65
28 52
28 51
28 63
28 96
28 82
29 35
29 35
29 87
29 40
29 59
29 70
29 59
29 96
30 95
30 95
30 65
30 45
30 59
31 58
31 95
31 62
31 46
31 35
31 80
32 83
32 62
32 69
32 99
32 55
32 91
32 45
33 62
33 90
33 48
33 82
33 80
33 66
33 74
33 94
33 85
34 57
34 94
34 87
34 53
34 89
34 58
34 69
34 83
34 50
35 37
35 75
35 78
35 87
35 48
36 92
36 95
36 62
36 75
36 50
36 95
36 98
36 61
36 54
36 82
37 94
37 61
37 72
37 66
37 44
37 42
37 85
38 83
38 51
38 84
38 96
38 72
38 78
38 67
38 58
38 96
39 73
39 63
39 67
40 70
40 73
40 64
40 61
40 86
40 42
41 64
41 89
41 51
41 70
41 57
41 65
41 67
41 48
41 51
42 96
42 55
42 72
42 70
42 48
42 92
42 64
43 53
43 79
43 72
43 48
43 45
43 89
44 75
44 99
44 93
44 80
44 61
45 46
45 87
45 54
45 61
45 49
45 72
45 78
45 63
45 92
45 69
46 95
46 89
46 79
46 71
47 69
47 57
47 95
48 49
48 52
48 71
49 75
49 66
49 68
49 76
49 54
49 59
49 53
50 82
50 82
50 63
50 72
50 74
50 72
50 72
51 88
51 63
51 83
51 86
52 89
52 62
53 76
53 65
53 62
53 64
53 57
53 90
53 98
54 67
54 90
54 65
54 70
54 67
54 70
55 78
55 79
55 89
55 89
55 73
55 93
55 72
56 73
56 77
56 60
56 93
56 82
56 80
57 68
57 65
57 70
57 60
57 85
57 77
57 79
58 79
58 62
59 72
59 67
60 86
60 68
60 87
61 70
61 97
62 82
63 87
63 96
63 82
64 71
65 86
65 93
66 85
66 91
66 78
67 72
67 83
67 96
67 73
67 85
68 78
68 80
68 73
69 88
69 84
69 93
70 92
70 98
70 77
70 95
71 85
71 78
71 98
72 88
72 90
72 85
72 94
72 96
73 86
73 90
73 91
74 79
74 87
74 81
75 94
75 97
77 94
77 91
78 93
78 98
79 92
79 91
79 95
80 88
81 99
81 93
82 87
82 88
83 91
83 91
85 93
85 90
85 91
87 95
87 99
88 90
88 92
93 99
94 96
97 98
