0 38
0 4
0 90
0 62
0 8
0 11
0 62
1 92
1 69
1 62
1 83
1 90
2 35
2 43
2 35
2 21
2 11
2 87
2 40
2 21
3 79
3 50
3 84
3 69
3 64
3 99
3 55
3 67
3 62
4 99
4 37
4 34
4 69
4 95
4 36
4 56
4 12
4 90
4 45
4 86
4 51
4 47
5 53
5 59
5 8
5 36
5 40
5 67
5 83
5 74
5 56
6 34
6 20
6 53
6 22
7 28
7 39
7 11
7 83
7 83
7 53
7 83
7 21
7 67
8 66
8 54
8 91
8 32
8 93
8 57
8 92
8 91
8 29
8 31
8 70
9 52
9 56
9 56
9 58
9 65
9 74
10 73
10 99
10 95
10 21
10 27
10 67
10 98
10 82
10 49
10 70
11 32
11 50
11 54
11 17
11 90
11 79
11 44
11 67
11 69
11 88
11 81
12 29
12 32
12 70
12 68
12 60
13 72
13 85
13 75
13 29
13 97
13 31
13 89
13 73
14 32
14 89
14 65
14 60
14 77
14 40
14 79
14 54
14 43
14 30
14 18
14 18
14 41
15 59
15 88
15 78
15 24
15 95
15 80
15 21
15 52
15 24
15 76
15 43
15 36
15 97
15 25
15 64
15 41
15 67
16 35
16 60
16 94
16 45
16 93
16 43
16 41
16 37
16 90
16 26
17 60
17 40
17 67
17 92
17 24
17 78
17 43
17 39
17 75
17 61
17 31
17 26
18 96
18 70
18 98
18 64
18 78
18 46
18 64
18 31
18 73
19 99
19 84
19 40
19 79
19 26
19 68
19 69
19 20
19 31
19 50
20 99
20 26
20 38
20 41
20 94
20 47
20 67
20 28
20 47
20 90
20 85
20 41
20 64
21 69
21 33
21 35
21 29
21 88
21 53
21 70
21 51
21 28
21 53
21 98
21 46
21 69
21 83
21 52
22 31
22 50
22 88
22 28
22 44
22 87
23 92
23 24
23 49
23 94
23 54
24 44
24 65
24 74
24 49
24 46
24 27
25 70
26 98
26 46
26 60
26 39
26 84
26 70
26 31
27 73
27 53
28 73
28 77
28 71
28 73
28 30
28 76
28 73
28 68
29 77
29 50
29 92
29 82
29 98
30 90
30 78
30 34
31 89
31 91
31 81
31 82
31 70
31 67
32 80
32 57
32 51
32 81
32 48
32 82
32 46
32 65
33 71
33 88
33 64
33 47
33 43
33 72
33 94
33 87
34 48
34 71
34 60
34 71
34 87
35 45
35 57
35 89
35 37
35 53
36 66
36 59
36 93
36 75
36 41
37 61
37 46
37 66
37 50
37 60
37 61
37 61
38 64
38 90
38 45
38 73
38 69
38 94
39 57
39 72
39 41
39 82
39 86
40 67
40 44
40 94
40 81
40 84
40 61
40 49
40 41
41 71
41 71
41 90
41 68
41 96
41 48
41 76
41 62
41 80
41 94
42 45
42 77
42 45
42 93
42 77
42 98
43 51
43 51
43 73
43 45
43 90
43 72
44 78
45 59
45 56
45 69
45 87
45 99
45 72
45 92
45 53
45 49
45 82
46 73
46 60
46 79
46 87
46 86
47 75
47 75
47 86
47 58
48 82
48 60
48 89
48 64
48 82
48 99
49 82
49 75
49 63
49 79
49 53
50 98
50 71
50 86
50 62
50 84
50 87
50 68
51 57
51 96
51 73
51 87
51 55
51 80
51 66
51 73
52 71
52 96
52 76
52 75
52 81
52 81
52 78
53 75
53 58
53 85
54 98
54 88
54 85
54 78
54 84
54 95
54 61
54 74
55 84
55 63
55 95
55 68
56 78
56 58
56 96
57 97
57 58
57 79
57 82
58 91
59 99
59 65
59 69
59 96
59 67
60 75
60 88
60 61
61 77
61 91
61 67
61 78
61 79
61 65
61 78
62 70
62 94
62 96
62 82
62 95
63 99
63 93
64 75
64 70
64 88
65 72
65 80
65 70
65 68
65 88
66 87
66 88
67 91
68 88
68 99
68 71
68 84
70 87
70 83
70 97
72 86
73 89
73 82
73 88
73 74
73 74
73 93
73 77
73 79
73 94
74 96
74 99
74 75
75 91
75 84
76 99
76 98
76 88
76 92
77 78
77 86
77 82
78 81
79 97
80 83
80 89
80 96
81 99
81 85
82 92
82 87
82 84
83 91
84 89
84 91
85 98
88 92
88 91
88 94
92 95
92 99
94 98
