0 75
0 83
0 77
0 89
0 79
0 42
0 71
0 83
0 9
0 62
0 21
1 83
1 71
1 50
1 58
1 89
1 20
2 47
2 53
2 14
2 27
2 8
2 99
2 44
2 24
2 3
2 25
2 50
3 18
3 15
3 55
3 20
3 17
3 18
3 88
3 32
3 62
3 44
4 66
4 22
4 43
4 21
4 61
4 91
4 54
4 12
4 72
4 94
4 64
4 31
5 87
5 90
5 45
5 62
6 18
6 87
6 73
6 84
6 75
6 20
6 35
6 29
6 83
6 67
6 62
7 87
7 51
7 83
7 54
7 59
7 83
7 28
7 41
7 22
7 8
7 39
7 32
7 26
8 67
8 74
8 24
8 35
8 26
8 25
8 73
8 51
8 71
8 82
8 78
8 71
9 97
9 36
9 27
9 85
9 81
9 33
9 46
10 41
10 15
10 28
10 20
10 85
10 92
10 25
10 59
11 25
11 83
11 78
11 75
11 21
11 83
11 52
11 34
11 62
11 49
11 30
11 20
12 87
12 82
12 87
12 96
12 56
12 44
12 63
12 47
12 62
12 69
13 81
13 86
13 59
13 98
13 42
13 34
13 67
13 49
13 58
14 60
14 29
14 85
14 17
14 29
14 70
14 88
14 90
14 19
14 74
15 21
15 68
15 88
15 73
15 56
15 50
15 40
15 57
16 31
16 33
16 40
16 67
16 40
16 99
16 65
16 94
16 58
17 80
17 67
17 91
17 71
17 34
17 25
18 20
18 70
18 25
18 86
18 64
18 35
18 85
18 80
18 23
18 67
18 68
18 80
18 56
19 48
19 34
19 74
19 93
19 62
20 36
20 75
20 23
20 90
20 27
20 44
20 67
20 94
21 29
21 78
21 87
21 22
21 36
22 47
22 75
22 70
22 26
23 29
23 42
23 46
23 76
23 92
23 75
23 37
23 44
23 89
24 47
24 71
24 42
24 51
25 56
25 34
25 68
25 57
25 52
25 37
25 30
25 29
25 84
26 50
26 58
26 84
26 83
26 62
26 49
26 54
26 47
26 51
27 58
27 46
27 36
27 30
27 89
27 96
28 50
28 73
28 77
28 49
28 73
28 60
28 80
28 97
28 31
28 66
28 44
29 91
29 75
29 95
29 56
29 32
29 35
30 68
30 97
30 91
30 38
30 41
30 32
30 55
31 88
31 45
31 32
31 62
31 87
31 88
32 72
32 67
32 40
32 86
32 48
32 38
33 84
33 91
33 86
33 94
33 84
33 81
33 64
33 38
34 94
34 69
34 91
34 75
35 63
35 93
35 94
35 38
35 37
35 48
35 86
35 64
36 94
36 56
36 85
37 42
37 54
37 53
37 75
38 80
38 86
38 45
39 63
39 67
39 50
39 42
39 65
39 42
39 57
40 68
40 96
41 67
41 64
41 46
42 63
42 73
42 90
42 46
42 77
43 83
43 62
43 80
43 62
43 54
43 46
43 64
44 47
44 58
44 66
44 98
44 80
45 63
45 81
45 70
45 68
45 87
46 74
46 64
46 59
46 74
46 81
46 47
46 74
47 84
47 80
47 78
47 54
47 91
47 72
47 94
47 79
47 60
47 52
47 78
47 53
47 73
47 86
48 60
48 88
48 71
48 68
48 65
48 72
48 81
48 69
48 55
48 61
48 82
49 58
49 84
49 81
49 64
49 66
49 56
50 88
50 66
51 73
51 52
52 84
52 84
52 87
52 61
53 93
53 64
54 82
54 99
54 89
54 60
54 97
54 60
54 74
54 74
55 76
55 85
55 76
55 82
55 94
56 75
56 75
57 99
57 76
57 85
57 74
58 97
58 63
58 71
59 65
59 65
59 65
60 62
60 61
60 87
60 91
60 97
60 84
60 89
61 64
61 69
61 78
61 92
62 69
62 72
62 72
62 81
62 82
63 88
63 79
63 74
63 77
63 82
63 97
63 84
64 77
64 83
64 90
65 87
65 67
65 95
66 70
66 92
66 80
66 95
66 94
67 83
67 68
67 80
67 99
67 76
67 91
68 86
68 73
69 80
69 93
69 74
69 77
70 85
70 72
71 76
71 72
71 81
71 72
71 91
71 87
72 99
72 93
72 83
72 73
72 95
72 87
73 82
73 83
74 94
74 79
77 82
77 78
78 85
79 89
79 93
79 98
79 98
80 94
81 89
81 90
83 97
83 87
84 94
84 86
84 99
87 91
87 97
89 96
91 99
92 95
93 96
94 95
