0 57
0 59
0 64
0 82
0 16
0 58
0 41
0 81
0 86
0 78
0 7
0 45
1 59
1 3
1 76
1 29
1 43
1 59
1 69
1 12
2 11
2 73
2 20
2 9
2 46
2 53
2 22
2 80
2 18
2 31
2 92
2 11
2 91
3 44
3 57
3 50
3 51
3 23
3 63
3 14
4 5
4 66
4 50
4 48
4 16
5 66
5 14
5 45
5 10
5 94
5 79
5 61
5 43
5 76
5 35
5 75
5 6
6 98
6 76
6 82
6 65
6 56
6 10
6 18
6 90
7 39
7 93
7 16
7 67
7 12
7 86
7 37
8 63
8 85
8 34
8 31
8 72
8 35
8 51
8 23
8 13
8 84
8 98
8 94
8 54
8 69
8 60
8 9
9 43
9 30
9 99
9 36
9 59
9 18
9 44
9 79
9 19
10 91
10 52
10 32
10 88
10 94
10 51
10 32
10 78
10 98
10 41
11 58
11 50
11 91
11 70
11 33
11 20
11 51
11 52
11 49
11 85
11 45
12 78
12 97
12 62
12 64
12 58
12 74
12 32
13 14
13 38
13 88
13 51
13 37
13 24
13 45
13 86
13 16
14 18
14 33
14 43
14 58
14 36
15 17
15 36
15 97
15 45
15 75
16 47
16 22
16 91
16 56
16 36
16 79
16 20
16 65
16 62
16 59
16 52
16 28
16 21
17 31
17 34
17 71
17 92
18 41
18 27
18 47
18 62
18 90
18 56
18 47
18 68
18 53
18 42
18 90
18 72
18 89
19 81
19 87
19 74
19 23
19 54
19 31
19 25
19 61
19 71
19 50
19 78
19 60
19 22
19 65
19 87
20 57
20 70
20 45
20 96
20 63
20 59
20 91
20 44
20 55
20 85
21 78
21 99
21 44
21 62
21 23
22 41
22 87
22 68
22 82
22 92
22 81
22 73
22 55
22 44
23 52
23 74
23 54
23 29
23 92
23 87
23 65
23 54
23 85
24 97
24 64
24 53
24 36
24 40
24 82
24 55
25 64
25 59
25 28
25 36
25 54
25 54
25 97
26 74
26 69
26 75
26 37
26 38
26 53
26 99
26 80
26 69
27 54
27 60
27 87
27 60
27 65
27 41
27 35
27 83
27 91
27 36
28 55
28 61
28 58
28 65
28 32
29 81
29 70
29 95
29 90
29 86
29 56
29 98
29 61
29 42
29 75
30 66
30 59
30 91
30 73
30 59
30 56
30 51
30 99
30 67
31 61
31 76
31 50
31 89
31 76
31 35
31 75
31 38
31 93
31 63
32 64
32 85
32 95
32 73
32 49
32 65
32 38
32 40
32 85
33 55
34 98
34 46
35 59
35 96
35 53
36 81
36 91
36 72
36 74
36 64
37 63
37 46
37 60
37 38
37 60
37 61
37 97
38 45
38 52
38 54
38 85
38 63
38 74
38 70
39 63
39 46
40 86
40 69
40 84
40 59
40 49
41 89
41 87
41 74
41 82
41 88
42 48
42 95
42 56
42 83
43 62
43 93
43 92
43 64
43 52
43 59
43 77
43 82
44 48
44 60
44 66
44 46
44 63
45 79
45 79
45 82
45 91
45 62
45 47
46 71
46 61
46 95
47 73
47 68
48 89
48 80
48 51
49 52
49 89
49 70
49 58
49 58
49 81
50 68
50 86
50 88
50 65
50 95
50 84
50 83
51 84
51 55
51 78
52 88
52 70
52 84
52 82
52 56
53 65
53 85
53 80
53 54
53 77
53 57
54 97
54 57
54 65
54 64
54 80
54 64
55 75
55 70
55 68
55 66
55 60
55 70
56 62
56 67
56 73
57 83
57 69
57 79
57 72
57 71
57 60
57 76
58 85
58 69
58 81
58 71
58 59
59 83
60 81
60 76
60 86
60 71
61 80
61 86
61 65
61 69
62 73
62 68
62 70
62 79
62 76
62 85
63 73
63 70
64 68
64 91
64 83
64 97
64 65
65 76
65 92
65 84
65 99
65 82
66 80
66 90
67 82
67 75
67 97
67 99
67 96
67 84
67 78
68 84
69 74
70 85
70 81
70 97
70 75
71 97
71 92
71 95
71 79
71 87
71 90
71 90
71 92
71 76
72 97
72 93
72 79
72 93
73 74
73 78
73 90
74 97
78 94
78 93
80 86
80 85
81 86
83 91
83 96
84 95
84 94
85 88
85 86
85 98
85 90
85 94
85 98
86 99
87 97
90 99
91 97
92 98
93 95
