0 83
0 89
0 67
0 48
0 11
0 20
0 44
0 67
0 60
0 58
0 40
0 87
1 31
1 83
1 47
1 63
1 35
1 58
1 25
1 70
1 63
2 44
2 5
2 59
2 70
2 66
2 13
2 21
2 85
2 13
2 13
2 70
2 60
2 87
2 68
3 16
3 97
3 72
3 5
3 84
3 66
3 13
4 63
4 63
4 81
4 91
4 55
4 8
4 8
4 74
4 49
4 19
4 36
4 86
5 26
5 18
5 92
5 10
5 75
5 68
5 90
5 25
5 23
5 23
5 93
5 22
5 89
5 53
5 63
5 42
5 94
6 55
6 8
6 86
6 81
6 13
6 26
6 63
6 48
6 18
7 28
7 20
7 34
7 35
7 62
7 21
7 56
8 15
8 71
8 13
8 98
8 20
8 45
8 66
8 43
8 53
8 30
8 34
9 71
9 20
9 75
9 50
9 92
9 95
9 53
9 42
9 33
9 16
9 66
9 28
9 95
9 49
10 24
10 57
10 37
10 40
10 39
10 75
10 87
10 83
10 24
10 34
10 94
10 23
11 40
11 88
11 96
11 90
11 76
11 32
11 29
11 50
11 80
12 91
12 67
12 22
12 44
12 99
12 41
12 81
12 28
12 86
12 61
12 73
12 89
13 89
13 66
13 52
13 30
13 29
13 46
13 60
13 75
13 68
13 46
14 30
14 23
14 67
14 24
14 55
14 52
14 30
14 60
14 48
14 32
14 84
14 98
15 58
15 49
15 43
15 33
16 87
16 54
16 74
16 95
16 70
17 24
17 96
17 80
17 41
17 82
17 54
17 44
17 25
17 87
17 21
17 77
17 22
18 86
18 66
18 97
18 79
18 27
18 94
18 96
19 66
19 96
19 74
19 40
19 29
19 46
19 30
19 87
20 93
20 37
20 67
20 26
20 72
20 57
21 66
21 38
21 61
21 64
21 51
21 90
21 65
21 50
21 34
22 83
22 39
22 29
22 40
22 78
23 38
23 48
23 66
23 50
23 64
23 29
23 90
23 78
23 68
24 67
24 38
24 86
24 54
24 71
24 85
24 88
24 39
24 51
24 52
24 51
24 59
24 56
25 35
25 93
25 55
25 56
25 35
25 54
25 55
25 54
25 79
26 78
26 56
26 56
26 78
26 98
26 59
26 41
27 62
27 84
27 83
27 80
27 73
28 93
28 33
28 96
28 84
29 83
29 72
29 50
29 86
29 86
29 65
30 49
30 44
30 96
30 58
30 38
30 83
30 97
31 84
31 46
31 60
31 80
31 89
31 75
31 60
32 73
32 39
32 51
32 69
32 52
32 66
32 72
33 67
33 66
33 72
33 65
33 58
33 70
34 62
34 48
34 57
34 87
34 76
34 74
35 77
35 98
35 77
35 70
35 79
35 63
35 41
35 88
36 96
36 52
36 55
36 59
37 97
37 56
37 56
37 74
38 67
38 79
38 40
38 58
38 49
38 41
38 60
38 78
39 98
39 62
39 72
39 77
39 62
39 99
39 43
39 45
40 42
40 56
40 77
40 54
40 99
41 87
41 48
41 83
41 73
42 86
42 59
42 78
42 68
42 86
42 46
43 58
43 93
43 81
43 52
43 68
43 98
43 64
44 92
44 51
44 81
44 73
44 63
45 75
45 75
45 62
45 65
45 82
46 87
46 88
46 78
46 61
47 79
47 82
47 90
47 96
47 98
47 83
48 81
48 97
48 97
48 69
48 79
49 90
49 85
49 81
49 63
49 63
50 56
50 70
50 65
50 99
52 72
52 84
52 89
52 74
52 99
52 95
53 65
53 87
53 56
53 68
53 57
53 71
54 99
54 60
55 73
55 90
55 88
55 78
55 93
56 97
56 91
56 99
57 73
57 62
57 78
57 96
58 69
58 87
58 89
58 66
58 70
58 68
59 89
59 78
59 99
59 77
60 81
60 70
60 63
60 89
60 72
61 65
61 86
61 67
61 75
63 90
63 71
63 83
63 94
64 86
64 87
64 80
64 94
64 71
64 82
65 73
65 81
65 99
65 66
66 73
66 88
67 68
67 77
67 74
68 75
68 90
68 89
69 71
69 81
69 90
69 71
69 87
70 74
71 75
71 84
71 81
72 79
73 86
74 85
75 93
78 87
79 80
79 98
79 80
79 85
80 81
81 89
81 83
82 99
83 99
84 87
85 91
85 99
85 94
85 91
86 92
87 99
88 89
89 91
90 98
93 96
93 99
93 99
