0 74
0 90
0 99
0 45
0 52
0 1
0 39
0 39
0 99
1 20
1 8
1 93
1 98
1 29
1 22
1 40
1 85
1 63
1 63
1 10
2 40
2 8
2 29
2 81
2 72
2 14
3 16
3 71
3 76
3 84
3 40
3 16
3 93
4 89
4 8
4 59
4 44
4 59
4 24
4 22
4 78
4 39
4 88
4 89
4 40
5 24
5 44
5 54
5 37
6 59
6 22
6 40
6 30
6 39
6 83
6 21
6 84
7 92
7 85
7 15
7 25
7 83
7 48
7 57
7 44
7 95
8 42
8 80
8 54
8 77
8 68
8 62
8 51
8 64
8 93
9 43
9 63
9 95
9 99
9 82
9 84
9 47
9 37
9 25
9 30
10 27
10 43
10 49
10 51
10 17
10 85
10 37
10 45
10 35
10 51
11 77
11 98
11 18
11 38
11 45
11 69
11 35
11 25
11 33
11 46
11 40
12 67
12 14
12 37
12 82
13 74
13 96
13 82
13 79
13 78
14 21
14 63
14 38
14 45
14 68
14 63
14 47
14 82
14 85
14 26
14 60
15 40
15 97
15 70
15 16
16 54
16 71
16 61
16 85
16 72
16 56
16 81
16 57
16 82
16 44
16 77
16 62
16 25
16 84
17 76
17 24
17 60
17 81
17 69
18 42
18 67
18 48
18 47
18 54
18 28
18 84
19 67
19 57
19 41
19 28
19 70
19 50
19 61
19 92
19 86
19 31
19 78
20 54
20 70
20 85
20 40
20 60
20 91
20 31
20 36
20 21
21 58
21 43
21 72
21 48
21 93
21 78
21 23
21 28
21 35
22 31
22 75
22 63
22 77
22 25
23 48
23 34
23 27
23 33
23 96
23 44
23 45
24 38
24 76
24 47
24 96
24 90
24 29
24 76
24 75
24 82
24 74
24 83
24 50
24 48
25 62
25 96
25 59
25 27
26 96
26 63
26 46
27 62
28 46
28 46
28 74
28 73
28 30
28 68
28 70
28 41
28 63
28 74
29 45
29 87
30 57
30 53
30 64
30 73
30 52
30 66
30 89
30 34
30 52
31 66
31 50
31 97
31 95
31 78
31 74
31 50
31 51
31 35
32 39
32 50
32 51
33 39
33 79
33 99
33 73
34 40
34 59
34 36
34 59
34 97
34 69
34 97
34 81
34 53
35 46
35 96
35 56
35 77
35 89
35 79
35 36
35 79
35 52
35 73
35 66
35 63
35 56
36 77
36 45
36 43
36 89
36 39
36 59
37 48
37 79
37 60
37 72
37 75
37 64
38 99
38 51
38 53
38 94
38 55
38 83
38 75
38 77
38 67
38 76
38 77
38 72
38 54
38 65
39 94
39 78
39 68
39 87
39 96
39 46
39 75
39 74
39 60
39 72
39 53
40 60
40 69
40 59
40 80
40 71
40 82
41 71
41 71
41 67
41 43
41 77
41 70
41 50
42 80
42 57
42 97
43 61
43 60
43 83
43 93
43 71
43 76
43 59
44 78
44 80
44 93
44 50
45 88
45 68
45 57
45 47
46 90
46 73
46 69
46 92
46 84
46 92
46 90
46 82
46 51
47 92
47 56
47 80
47 56
48 62
48 74
48 51
48 73
48 75
48 81
48 92
49 50
49 80
49 74
50 52
50 69
51 80
51 71
51 86
51 56
51 63
51 87
51 54
51 75
52 70
52 98
52 98
52 53
53 59
53 96
53 81
53 63
53 82
53 97
53 83
53 55
53 80
53 87
54 71
54 56
54 74
56 97
56 62
56 69
57 87
57 76
57 61
57 61
57 73
58 59
58 83
58 75
58 72
58 67
59 66
59 86
59 84
60 62
60 87
60 70
60 92
60 96
61 79
61 97
63 64
63 78
63 83
64 94
64 68
64 76
64 74
64 95
64 78
65 88
65 70
65 68
65 71
66 95
66 69
66 82
66 95
67 72
67 90
67 93
67 71
67 82
67 74
68 89
68 91
68 70
69 74
69 71
69 76
69 81
71 84
71 87
72 84
72 88
72 95
72 84
72 87
72 98
72 88
73 74
73 89
73 88
73 80
73 78
73 83
74 83
74 93
74 90
75 95
76 79
76 99
76 90
76 99
77 83
77 85
77 81
78 88
79 99
79 96
80 90
80 93
81 96
81 97
82 83
83 89
83 96
83 99
84 88
86 89
86 94
87 96
88 93
88 89
88 97
88 99
90 91
91 93
92 97
92 97
94 99
94 95
96 99
