0 62
0 58
0 43
0 62
0 72
0 70
0 62
0 20
0 11
0 38
0 31
0 77
0 16
0 63
0 65
0 79
1 11
1 31
1 28
1 54
1 16
1 32
1 5
1 49
1 72
1 24
2 57
2 33
2 94
2 24
2 70
2 96
2 31
2 85
2 96
2 88
2 27
3 9
3 14
3 38
3 97
3 55
3 56
3 15
3 28
3 74
3 40
3 93
3 98
3 51
3 10
3 51
3 86
3 18
4 20
4 29
4 12
4 54
4 94
4 42
4 96
4 23
4 98
5 92
5 83
5 73
5 69
5 47
5 12
5 63
5 8
6 51
6 65
6 10
6 71
6 18
6 79
7 93
7 83
7 73
7 40
7 59
7 74
7 97
7 39
7 75
8 33
8 94
8 69
8 95
8 73
8 72
8 21
8 38
8 52
8 97
10 54
10 77
10 95
10 89
10 91
10 38
10 55
10 47
11 16
11 66
11 17
11 27
11 51
11 70
11 23
12 89
12 71
12 81
12 89
12 73
12 54
12 64
12 26
12 89
13 53
13 32
13 77
13 76
13 42
13 15
13 20
13 55
13 90
13 41
13 98
14 93
14 36
14 80
14 67
14 33
14 21
14 61
14 66
14 57
14 52
14 19
14 42
14 39
14 65
15 51
15 18
15 67
15 99
15 53
15 33
15 80
16 52
16 64
16 50
16 50
16 80
16 98
16 75
17 46
17 87
17 62
17 72
18 23
18 34
18 28
18 66
18 60
18 39
19 71
19 75
19 45
19 90
19 24
19 82
20 52
20 95
20 29
20 37
21 26
21 53
21 46
21 78
21 27
21 40
21 34
21 44
22 24
22 28
22 71
22 98
22 72
22 67
22 97
23 24
23 84
23 25
23 30
23 63
23 73
23 54
23 45
24 74
24 96
24 50
24 98
24 91
24 38
24 44
24 88
24 72
24 98
25 51
25 70
25 60
25 95
25 88
25 42
26 50
26 71
26 44
26 47
26 44
26 56
26 38
26 94
26 29
27 99
27 56
27 72
27 96
27 42
27 51
27 54
27 86
28 75
28 48
28 33
28 71
28 99
28 40
28 29
29 81
29 71
29 68
29 94
29 81
29 43
29 46
29 76
29 67
30 59
30 48
30 62
30 67
30 95
30 92
31 35
31 40
31 86
31 68
31 48
31 67
31 95
32 60
32 72
32 34
32 66
32 87
32 68
32 99
32 55
32 92
32 93
33 90
33 81
33 43
33 75
33 34
33 79
33 51
34 68
34 71
34 36
34 72
34 55
34 56
34 41
34 50
34 77
34 99
34 39
35 87
35 76
35 65
35 88
35 89
35 46
35 56
35 61
35 54
36 96
36 84
36 66
36 92
36 71
37 88
37 79
37 75
37 39
37 55
37 43
38 69
38 43
38 67
39 94
39 86
39 58
39 93
39 78
39 54
39 81
39 95
39 54
40 66
40 58
40 84
40 73
40 46
40 67
40 90
40 76
40 62
40 76
40 50
41 51
41 58
41 45
42 50
42 86
42 79
42 75
42 68
42 77
43 44
43 45
43 87
43 47
43 86
44 66
44 67
44 94
44 48
45 81
45 81
45 86
45 79
45 65
45 52
46 60
46 70
46 54
46 85
46 69
46 55
47 55
47 92
48 90
48 91
48 54
48 98
48 94
49 74
50 78
50 77
51 73
51 67
51 95
51 90
51 95
52 99
52 96
52 91
52 92
53 76
53 76
53 56
53 69
53 93
54 58
54 55
54 90
55 78
55 83
56 91
56 75
56 84
56 94
57 87
57 82
57 94
57 94
57 71
57 89
58 86
58 79
58 89
58 61
58 93
58 78
58 83
59 74
59 97
59 60
60 98
60 66
61 90
61 83
62 69
62 88
63 80
63 90
63 71
64 94
64 99
64 81
64 99
64 79
64 71
64 94
65 84
65 85
65 73
65 68
65 69
65 99
65 70
66 74
66 67
66 84
66 83
67 84
67 72
67 77
68 84
69 70
69 96
69 71
70 80
70 75
71 87
71 84
72 73
72 97
73 85
73 78
73 88
73 99
73 98
73 80
73 90
73 78
73 77
75 92
75 81
76 95
76 94
77 91
77 83
78 98
78 80
78 94
79 83
79 86
79 88
81 98
81 96
81 88
81 90
82 88
83 98
83 95
83 87
84 85
84 98
85 88
85 96
86 93
86 90
88 95
89 93
89 99
89 98
90 91
92 97
92 98
92 99
94 96
95 97
97 98
