0 87
0 9
0 79
0 31
0 14
0 48
0 5
0 5
0 18
1 5
1 53
1 26
1 13
1 75
1 66
1 68
1 98
1 26
2 93
2 12
2 99
2 45
2 33
2 29
2 46
2 40
2 63
2 98
2 93
2 44
2 23
2 80
3 53
3 41
3 20
3 16
3 88
3 68
3 53
3 56
3 9
3 98
4 82
4 47
4 91
4 35
4 35
4 27
4 10
5 28
5 12
5 55
5 59
5 79
5 96
5 10
5 33
5 71
5 8
5 15
5 85
5 73
5 17
5 74
5 93
6 37
6 58
6 91
6 9
6 20
6 72
6 93
6 43
6 48
6 32
7 96
7 72
7 31
8 21
8 59
8 9
8 19
8 83
8 89
8 15
8 78
8 66
8 66
9 77
9 50
9 42
9 72
9 26
9 72
9 57
9 48
9 18
10 50
10 51
10 83
10 81
10 63
10 50
10 42
10 47
10 71
11 18
11 59
11 15
11 39
11 89
11 47
11 40
11 55
11 26
11 99
11 85
11 40
11 81
11 43
11 51
12 60
12 27
12 50
12 82
12 71
12 60
12 33
12 73
12 36
12 82
12 57
12 44
13 76
13 31
13 45
13 80
13 80
13 40
13 39
13 19
13 19
14 26
14 83
14 30
14 77
14 44
14 46
14 45
14 55
14 29
14 53
14 93
14 30
14 63
14 36
15 54
15 40
15 67
15 61
15 50
15 87
15 47
16 48
16 76
16 37
16 92
16 20
16 88
16 18
16 88
17 54
17 83
17 77
17 36
17 69
17 51
17 69
17 99
18 89
18 24
18 27
18 97
18 19
18 88
18 21
18 70
18 99
18 37
18 63
18 60
19 87
19 87
19 50
19 26
19 28
19 71
19 82
19 74
19 62
19 57
20 73
20 92
20 37
20 85
20 99
20 88
20 33
21 70
21 60
21 28
21 38
21 32
21 31
21 55
21 45
21 85
21 59
22 74
22 87
22 94
22 90
22 23
22 33
22 81
22 31
22 41
22 56
22 72
22 76
22 99
22 24
23 31
23 33
23 90
23 44
23 97
23 29
23 89
24 58
24 82
24 61
24 80
24 71
24 41
24 94
24 31
24 74
25 50
25 83
25 37
25 90
25 30
25 61
25 63
25 91
25 98
25 70
25 39
25 87
25 65
25 92
26 75
26 98
26 99
26 54
26 95
26 68
26 57
26 81
27 68
27 67
27 42
27 84
27 33
28 86
28 68
28 48
28 70
28 59
29 78
29 59
29 31
29 44
29 41
29 52
30 51
30 73
30 34
30 79
30 83
30 34
30 59
30 39
31 55
31 39
31 80
31 34
31 99
31 59
31 46
31 52
31 93
32 50
32 47
32 35
32 35
32 82
32 65
32 95
32 59
33 68
33 73
33 89
33 57
33 48
33 72
33 98
33 42
33 40
33 55
34 81
34 90
34 66
34 71
34 62
35 57
35 84
35 53
35 53
35 64
36 57
36 51
36 45
36 62
36 90
36 39
37 41
37 64
37 78
37 85
37 71
37 63
37 72
38 70
38 44
38 92
38 71
38 60
38 67
38 52
39 62
39 50
39 45
40 81
40 91
40 54
40 62
40 98
40 54
41 47
41 58
41 54
41 88
41 55
42 49
42 63
42 97
42 43
42 78
43 57
43 49
43 64
43 48
43 46
43 57
44 97
44 88
45 85
45 74
46 52
46 77
46 62
46 51
46 59
47 68
47 77
47 90
48 59
48 76
48 50
48 53
48 95
48 94
48 72
48 97
49 51
49 69
49 71
49 80
49 91
50 56
50 78
50 92
50 75
50 90
50 98
50 71
50 88
50 65
51 91
51 54
51 62
51 96
52 66
53 83
53 82
53 91
54 67
54 97
54 98
55 83
56 86
56 68
56 83
56 95
57 62
58 64
58 87
58 88
59 84
59 96
59 71
59 87
59 61
60 99
60 91
61 74
61 87
61 74
61 76
62 63
62 71
63 70
63 97
63 69
64 80
64 89
64 66
64 67
65 94
65 88
65 91
66 98
67 95
67 82
68 83
68 92
69 86
69 72
69 74
69 70
70 87
70 71
72 84
72 99
72 91
72 88
72 82
72 90
73 81
73 96
73 79
74 79
74 91
75 79
75 86
75 77
76 88
77 97
78 94
80 97
80 81
81 92
82 93
82 84
83 99
83 97
83 99
84 97
85 92
85 93
86 95
87 98
87 97
87 98
88 97
90 95
94 98
98 99
