0 45
0 37
0 29
0 28
0 77
0 54
0 4
0 5
0 7
0 5
0 45
0 16
0 96
0 14
0 95
0 33
0 40
1 42
1 51
1 95
1 49
1 56
1 53
1 66
1 36
1 13
1 16
1 77
1 51
1 27
1 24
1 19
1 79
1 59
2 41
2 77
2 17
2 16
2 26
2 87
2 44
2 6
2 46
3 20
3 50
3 24
3 61
3 28
3 9
3 9
3 98
3 64
3 60
3 90
4 52
4 39
4 54
4 92
4 37
4 12
4 21
4 22
4 25
5 19
5 84
5 64
5 72
5 94
5 53
5 23
5 86
5 10
6 40
6 20
6 15
6 76
6 86
7 74
7 93
7 44
7 69
7 27
7 45
7 89
7 79
7 54
7 28
8 95
8 37
8 93
8 36
8 94
8 83
8 54
8 95
8 99
8 90
8 23
8 18
8 50
8 50
8 40
9 21
9 83
9 13
9 35
9 19
9 96
9 16
9 47
10 11
10 42
10 29
10 85
10 20
10 18
10 28
10 32
10 52
10 92
10 99
11 62
11 57
11 92
11 86
12 39
12 28
12 51
12 24
12 35
12 36
12 55
13 95
13 67
13 26
13 70
13 82
13 79
13 18
13 57
13 56
13 94
13 60
13 69
13 64
13 14
13 32
14 39
14 63
14 81
14 17
14 66
14 37
14 51
14 22
15 42
15 29
15 93
15 44
15 78
15 73
16 28
16 60
16 28
16 75
16 57
16 94
16 86
16 64
17 46
17 57
17 39
17 84
17 83
17 92
17 25
17 30
18 65
18 65
18 76
18 28
18 82
18 74
19 87
19 33
19 68
19 47
19 50
19 98
20 53
20 51
20 42
20 44
20 22
20 30
20 42
21 33
21 31
21 48
21 47
21 79
21 44
21 40
21 33
22 89
22 76
22 60
22 58
22 47
22 99
22 58
22 43
22 93
22 41
22 79
23 71
23 37
23 70
23 69
24 72
24 64
25 61
25 35
25 50
25 98
25 97
25 41
25 38
25 61
25 34
26 61
26 27
26 83
26 86
26 69
27 98
27 36
27 54
27 59
27 81
27 99
27 67
27 95
27 35
27 67
28 80
28 99
28 79
28 46
28 97
28 61
29 71
29 85
29 93
29 52
29 68
29 47
29 62
29 57
29 70
29 45
29 81
29 41
30 76
30 70
30 49
30 60
30 80
30 96
30 75
30 93
30 35
30 59
30 57
30 69
30 34
31 99
31 68
31 68
31 72
31 59
31 41
31 59
31 83
32 35
32 83
32 60
32 75
32 65
32 57
32 41
32 93
32 65
33 70
33 99
33 99
33 45
33 99
33 37
33 48
34 75
34 72
34 37
34 89
34 44
34 76
34 60
34 69
34 66
34 75
34 59
35 46
35 56
35 61
35 69
35 85
35 60
36 47
36 63
36 86
36 49
36 40
37 38
37 91
37 91
38 77
38 87
38 43
38 90
38 42
38 70
38 81
38 39
38 80
38 68
39 80
39 62
39 95
39 79
39 63
40 49
40 96
40 68
40 87
41 81
41 88
41 90
42 46
42 62
42 67
42 92
42 98
42 99
42 99
43 46
43 75
43 72
44 56
44 46
44 76
44 50
44 61
44 94
45 83
45 55
45 78
45 54
46 79
46 94
46 56
46 63
46 59
46 98
46 99
46 63
47 53
47 63
47 96
47 86
47 77
47 61
47 97
47 78
48 85
48 70
48 75
48 63
48 56
48 79
48 86
49 54
49 95
49 74
49 57
49 62
49 70
50 72
50 71
50 85
51 93
51 86
51 95
52 59
52 56
52 75
53 70
53 64
53 93
54 66
54 60
54 57
54 73
54 93
54 94
54 80
54 86
54 91
55 70
55 67
55 64
56 59
57 80
58 81
58 59
58 76
59 63
59 62
59 67
60 98
60 95
60 85
60 77
60 81
60 71
61 63
61 98
61 89
61 69
61 68
61 87
62 96
63 90
63 93
63 96
64 86
64 78
65 95
65 95
65 98
65 71
65 87
65 86
67 92
67 71
67 88
67 94
67 98
67 82
68 74
68 92
68 72
69 89
69 88
69 93
70 98
70 84
70 88
72 87
72 91
73 96
73 98
73 96
74 93
74 93
75 88
76 96
77 81
77 98
77 83
78 87
78 90
80 95
81 96
81 92
82 90
83 96
84 91
85 93
86 94
87 93
87 96
88 89
88 91
88 94
88 94
88 89
89 93
89 91
89 90
94 98
