0 29
0 88
0 58
0 18
1 32
1 46
1 81
1 37
1 54
1 62
1 45
1 98
2 74
2 49
2 62
2 54
2 19
2 53
2 4
2 83
2 24
2 60
3 72
3 99
3 8
3 38
3 95
3 14
3 33
3 67
4 35
4 20
4 18
4 55
4 96
4 8
4 47
4 6
4 13
4 19
4 63
4 36
4 60
4 65
4 61
4 12
5 78
5 59
5 9
5 57
5 51
5 10
5 58
5 87
6 9
6 35
6 35
6 15
6 86
6 48
6 35
6 42
6 43
7 58
7 57
7 58
7 25
7 68
7 80
7 79
7 81
7 31
8 77
8 19
8 58
8 12
8 53
8 40
8 44
8 38
8 60
8 61
8 41
8 92
8 66
8 82
9 19
9 60
9 70
9 60
9 16
9 71
9 80
9 31
9 25
10 54
10 40
10 97
10 41
10 48
10 60
10 68
10 29
11 52
11 49
11 41
11 61
11 37
11 41
11 85
11 37
11 28
11 89
12 79
12 57
12 29
12 61
12 35
12 94
12 19
12 65
12 98
12 20
13 89
13 75
13 83
13 36
13 57
13 44
13 46
13 93
13 60
13 83
13 95
14 92
14 91
14 74
14 99
14 99
14 89
14 89
14 62
14 78
14 63
14 81
14 17
14 84
15 91
15 99
15 49
15 46
15 86
15 29
15 44
15 23
15 37
15 88
16 85
16 68
16 95
16 21
16 94
16 87
16 26
16 93
17 53
17 57
17 98
17 88
18 29
18 21
18 92
18 38
18 80
18 80
18 94
19 98
19 52
19 56
19 68
19 57
19 94
19 86
19 64
19 61
20 75
20 48
20 70
20 81
20 22
20 39
20 81
20 75
20 83
20 84
21 44
21 35
21 53
21 65
21 81
21 48
21 87
21 49
21 79
21 29
21 31
22 91
22 53
22 59
22 75
22 92
22 96
22 55
23 88
23 39
23 82
23 49
23 54
23 67
23 60
24 54
24 49
24 95
24 61
24 91
25 95
25 29
25 36
25 54
25 26
25 64
25 42
25 49
25 42
25 93
25 94
25 45
25 33
26 76
26 51
26 47
26 75
26 93
27 61
27 34
27 64
27 91
27 91
27 51
28 46
28 93
28 67
28 29
28 55
28 44
28 58
28 89
29 39
29 58
29 63
30 52
31 65
31 47
31 45
31 51
31 65
31 97
31 81
32 66
32 66
32 42
32 98
32 41
33 62
33 65
33 49
33 37
33 40
34 86
34 35
34 87
34 63
34 87
34 72
34 41
34 50
35 50
35 54
35 56
35 38
35 68
36 65
36 53
36 41
36 39
36 53
36 84
36 46
36 83
36 60
37 88
37 46
37 61
37 51
37 77
37 53
38 40
38 57
38 49
38 93
38 74
38 52
38 92
38 98
39 94
39 63
39 86
40 61
40 74
40 46
40 42
40 79
40 46
40 96
40 73
40 76
41 98
41 73
41 68
41 42
42 58
42 43
42 90
43 58
43 98
43 47
43 72
43 70
44 91
44 49
44 96
44 54
44 91
44 71
45 93
45 63
45 83
45 70
45 82
45 84
45 72
45 48
46 87
46 75
46 62
47 94
47 90
47 51
47 67
48 74
48 67
48 87
49 90
49 52
49 54
50 66
50 57
50 74
50 52
50 91
50 65
50 57
50 74
50 56
51 93
51 96
51 66
51 75
52 92
52 99
53 64
53 67
53 60
53 70
53 71
53 91
53 74
53 73
54 97
54 61
54 77
55 85
55 89
55 62
56 89
56 68
56 62
56 62
56 81
57 76
57 73
57 93
58 81
58 61
58 60
58 70
58 72
59 64
59 70
59 78
59 87
59 84
60 93
60 69
60 73
60 88
60 65
61 96
61 94
61 68
61 78
62 64
62 81
63 74
63 92
64 82
64 88
64 90
64 81
64 76
65 82
65 79
65 80
65 74
65 96
65 99
66 85
67 93
67 91
67 90
67 97
67 90
67 90
68 69
68 87
69 92
70 90
71 81
72 75
72 84
73 86
73 88
73 98
74 89
74 81
74 94
74 89
75 78
75 78
75 97
75 98
76 83
76 83
77 79
77 79
77 88
77 86
77 98
78 94
78 96
78 99
78 97
78 83
78 99
79 83
80 94
80 84
81 89
82 91
82 93
82 96
82 98
83 92
83 94
84 96
84 90
84 88
84 96
85 92
86 88
86 95
86 94
87 96
88 89
88 96
89 94
90 97
92 93
93 96
96 99
