0 78
0 46
0 73
0 48
0 66
0 67
0 98
0 44
0 13
0 72
0 63
0 53
1 3
1 23
1 41
1 39
1 79
1 17
1 92
1 44
1 93
1 89
2 54
2 91
2 56
2 8
2 70
2 60
2 3
2 87
2 69
2 77
3 79
3 40
3 56
3 71
3 66
3 84
3 73
3 89
3 85
3 19
3 76
4 44
4 24
4 75
4 97
4 81
4 37
4 97
4 90
5 96
5 49
5 91
5 12
5 17
5 17
6 13
6 62
6 81
6 21
6 62
6 43
7 29
7 43
7 93
7 96
7 82
8 59
8 72
8 76
8 82
8 77
8 59
8 36
8 24
8 58
8 38
9 89
9 19
9 68
9 28
9 33
9 36
9 13
9 31
10 17
10 97
10 46
10 68
10 82
10 47
10 61
10 92
10 67
11 26
11 95
11 95
11 81
11 51
11 25
11 65
11 66
11 74
11 37
11 93
11 77
12 16
12 99
12 23
12 56
12 38
12 60
12 41
12 44
12 35
12 22
12 23
12 93
12 82
12 27
13 80
13 58
13 40
13 26
13 56
13 62
13 88
13 82
14 48
14 39
14 65
14 90
14 15
14 79
14 93
14 33
14 82
14 17
14 76
15 98
15 40
15 88
15 81
15 98
15 71
15 68
16 19
16 92
16 85
16 71
16 84
16 59
16 64
16 59
16 49
16 41
17 43
17 29
17 27
17 47
17 80
17 83
17 49
17 26
17 27
18 60
18 57
18 48
18 44
18 44
18 49
18 19
18 64
18 28
18 87
19 85
19 38
19 63
20 30
20 60
20 99
20 31
20 87
20 45
20 53
21 95
21 83
21 89
21 42
21 87
21 29
21 83
21 91
21 72
21 31
21 37
22 57
22 51
22 26
22 76
22 86
22 66
22 56
23 74
23 72
23 49
23 63
23 45
23 93
23 63
23 57
24 91
24 79
24 34
24 80
24 86
25 94
25 76
25 43
25 60
25 54
25 43
25 71
26 45
26 80
26 95
26 48
27 88
27 68
27 75
28 94
28 78
28 48
28 77
28 47
28 55
28 78
29 74
29 83
29 46
29 52
29 72
29 63
29 41
29 96
29 39
30 33
30 45
31 49
31 96
31 54
31 59
31 78
31 70
32 87
32 45
32 73
32 71
32 93
33 90
33 56
33 84
33 54
33 40
33 59
33 81
33 76
33 89
33 96
34 71
34 99
34 95
35 40
35 83
35 52
35 60
35 86
35 66
36 54
36 40
36 49
36 91
36 57
36 95
36 55
36 95
37 40
37 43
37 71
37 88
37 38
37 90
38 45
38 75
38 54
38 97
38 90
38 88
38 65
38 57
39 54
39 58
39 97
39 77
39 46
39 70
39 65
40 71
40 53
40 70
40 82
41 53
41 52
41 79
41 73
41 85
41 76
41 77
41 90
41 44
42 78
42 51
42 51
42 63
42 80
42 65
43 78
43 70
43 53
43 91
43 59
43 69
43 50
44 55
44 47
44 50
44 76
44 97
44 86
44 46
45 70
45 48
45 99
45 47
45 55
45 71
45 61
46 99
46 84
46 50
46 66
46 57
46 61
46 59
46 49
46 82
47 87
47 63
48 52
48 87
48 93
48 72
48 63
48 96
48 69
49 68
49 72
49 56
49 99
49 58
50 92
50 87
50 95
50 99
50 87
51 81
51 76
51 53
51 70
52 66
52 53
52 55
52 81
52 75
53 77
53 62
54 74
54 88
54 78
54 64
54 55
54 80
54 76
54 75
55 61
55 63
55 60
55 88
55 92
56 81
56 82
57 67
57 86
57 77
58 63
58 81
58 72
59 88
59 94
59 73
59 96
60 94
60 92
61 84
61 97
61 91
61 69
61 62
61 65
61 81
61 69
61 93
62 77
62 76
63 98
63 97
63 85
63 91
64 72
64 75
64 95
64 75
64 86
64 81
65 82
65 69
65 92
66 76
66 95
66 68
67 93
67 69
67 78
67 83
68 73
68 79
68 91
68 90
69 90
69 80
69 92
69 70
69 74
69 81
70 86
70 92
71 93
71 91
71 79
71 93
72 98
72 97
72 95
73 94
73 90
75 80
76 81
76 84
77 83
77 85
78 90
78 87
78 99
79 90
79 83
79 90
80 86
80 93
80 88
81 89
81 84
81 89
82 90
83 95
83 85
83 92
83 94
84 89
84 91
85 90
86 95
86 92
86 94
89 98
90 97
91 96
92 99
93 97
93 98
