0 87
0 66
0 51
0 32
0 77
0 90
0 52
0 8
0 78
0 6
0 58
0 15
1 54
1 2
1 22
1 6
1 75
1 21
1 68
2 76
2 92
2 10
2 32
2 71
3 75
3 45
3 56
3 37
3 44
3 19
3 88
3 66
3 45
3 27
3 41
3 37
4 99
4 20
4 67
4 23
4 51
4 7
4 93
4 50
5 80
5 91
5 17
5 7
5 11
5 60
5 29
5 77
5 16
5 41
5 85
5 68
6 24
6 58
6 72
6 49
6 57
6 10
7 97
7 8
7 27
7 63
8 37
8 57
8 77
8 16
8 35
8 31
8 21
8 53
8 17
8 28
8 99
8 61
8 34
9 65
9 95
9 53
9 99
9 16
9 80
9 46
9 28
9 57
10 96
10 33
10 64
10 42
10 84
11 68
11 64
11 48
11 74
11 34
11 87
11 63
11 62
11 80
11 61
12 43
12 18
12 77
12 32
12 65
12 20
12 16
12 54
12 24
12 98
12 97
12 42
13 79
13 99
13 62
13 41
13 82
13 58
14 48
14 19
14 51
14 98
14 94
14 96
15 58
15 62
15 59
15 61
15 66
15 29
15 44
15 98
15 92
15 33
15 70
15 61
15 88
15 67
15 96
16 74
16 46
16 34
16 98
16 75
16 51
16 86
16 89
17 77
17 74
17 45
17 21
17 82
17 78
17 55
17 98
17 70
17 66
17 33
17 45
18 93
18 78
18 94
18 89
18 72
18 45
18 53
18 70
18 99
18 96
19 88
19 95
19 70
19 63
19 22
19 68
19 34
19 63
19 47
19 53
20 80
20 57
20 43
20 96
20 94
20 32
20 87
21 62
21 80
21 68
21 85
21 30
21 90
21 94
21 82
22 27
22 37
22 27
22 40
22 40
22 71
22 76
22 48
23 31
23 45
23 31
23 71
23 26
23 50
23 27
23 51
24 42
24 65
24 72
24 26
24 87
24 67
24 46
24 33
25 69
25 43
25 47
25 90
25 81
25 26
25 86
25 74
25 54
25 84
26 31
26 58
26 94
26 92
27 78
27 90
27 62
27 56
27 84
27 49
27 41
27 63
27 49
28 73
28 68
28 36
28 95
28 33
28 95
28 46
28 31
28 99
29 77
29 52
29 30
29 70
29 30
29 53
30 75
30 61
31 65
31 73
31 56
31 51
31 44
31 40
31 81
31 64
31 38
31 40
32 37
32 76
32 77
32 57
32 36
32 74
32 68
32 59
32 62
32 99
32 64
32 53
32 94
32 55
33 44
33 47
33 86
33 64
33 88
33 61
33 48
33 91
33 40
34 88
34 76
34 64
34 50
35 46
35 75
35 84
35 60
36 89
36 58
36 70
36 74
36 91
36 38
36 67
36 56
37 77
37 65
37 40
37 85
37 44
37 43
38 90
38 92
38 68
38 79
38 75
39 75
39 51
39 97
39 78
39 55
39 98
40 82
40 45
40 63
40 77
40 42
40 56
41 94
41 42
41 65
41 53
41 85
41 75
42 46
42 65
42 95
42 86
43 59
43 81
43 46
43 85
43 59
44 49
44 88
44 51
44 91
44 58
45 68
45 70
45 80
45 80
45 58
46 93
46 79
46 86
46 95
46 65
47 76
47 73
47 52
47 81
47 75
47 65
48 74
48 58
49 96
49 58
49 97
49 91
49 74
50 96
51 93
51 68
51 77
51 62
51 75
51 79
52 99
52 73
52 53
52 59
52 87
52 93
52 70
53 88
54 55
54 70
55 64
55 57
55 91
56 80
56 66
56 79
56 86
56 58
56 86
56 84
56 97
57 81
57 60
57 82
57 80
57 77
57 77
58 63
58 95
58 67
58 98
58 90
58 72
58 89
58 82
58 98
59 66
59 83
59 88
59 72
59 63
60 78
60 99
60 74
60 96
61 85
61 88
62 91
62 73
63 83
63 89
64 68
64 93
64 89
64 85
64 75
64 90
65 70
65 98
65 73
65 74
65 84
66 95
66 84
66 83
68 79
68 85
68 80
69 95
69 84
70 92
70 85
70 72
71 99
71 89
72 73
72 90
72 78
73 82
74 86
75 97
75 92
75 95
75 98
75 95
76 89
76 84
76 91
76 93
77 85
77 93
77 78
77 90
77 93
78 84
78 96
79 83
79 95
80 90
80 96
82 84
82 99
82 83
82 83
83 98
84 93
85 86
85 89
86 91
86 98
89 98
89 93
91 97
93 98
95 97
96 97
98 99
