0 29
0 4
0 16
0 99
0 56
0 48
0 15
0 92
1 11
1 85
1 54
1 87
1 81
1 69
1 38
2 40
2 74
2 77
2 44
2 55
2 3
2 77
2 39
2 35
2 70
2 63
3 80
3 31
3 71
3 64
3 5
3 78
3 40
3 51
3 55
3 14
3 83
3 23
3 67
3 39
4 57
4 6
4 60
4 58
4 44
4 34
4 29
4 66
4 30
4 7
4 32
4 51
5 73
5 92
5 69
5 45
5 48
5 67
5 62
6 35
6 7
6 79
6 60
6 43
6 92
6 38
6 50
6 26
6 86
7 56
7 64
7 46
7 94
7 45
7 68
7 53
7 58
7 89
7 61
7 32
8 45
8 77
8 91
8 82
8 56
8 69
8 81
8 12
8 49
8 91
8 40
8 42
9 78
9 75
9 56
9 36
9 80
9 86
10 56
10 93
10 89
10 89
10 18
11 25
11 19
11 42
11 92
11 48
12 97
12 13
12 87
12 45
12 80
12 88
12 54
12 48
12 61
13 61
13 43
13 81
13 43
13 35
13 50
13 28
13 31
13 43
14 34
14 58
14 81
14 26
14 38
14 42
14 57
14 53
14 98
15 38
15 44
15 74
15 97
15 16
15 73
15 45
15 51
15 84
15 61
16 36
16 61
16 46
16 81
16 19
17 57
17 73
17 92
17 80
17 72
17 77
17 59
17 44
17 30
18 56
18 45
18 65
18 97
18 72
19 32
19 96
19 60
19 36
19 94
19 70
19 91
19 89
19 85
19 99
19 53
19 63
19 41
20 91
20 60
20 35
20 61
20 96
21 51
21 37
21 28
21 74
21 93
22 65
22 49
22 50
22 29
22 48
22 85
22 35
22 32
22 95
22 91
23 78
23 52
23 43
23 96
23 70
23 98
23 33
23 58
23 63
24 86
24 55
24 85
25 76
25 36
25 64
25 66
25 34
26 87
26 77
26 29
26 74
26 98
26 95
26 30
26 29
26 71
27 36
27 96
27 42
27 86
27 30
27 53
27 87
27 97
28 39
28 70
28 73
28 74
28 74
28 42
28 29
28 39
28 41
29 77
29 81
29 47
29 41
29 46
29 53
29 30
29 46
30 72
30 68
30 64
30 91
30 33
30 36
31 52
31 34
31 99
31 75
31 36
31 93
31 88
32 66
32 94
32 96
32 84
32 34
32 89
32 61
32 42
33 55
33 50
33 66
34 64
34 77
34 47
34 43
34 50
34 47
34 52
34 62
35 74
35 67
35 42
35 62
35 55
35 60
36 79
36 92
36 37
36 70
36 70
37 60
37 60
37 89
37 76
37 67
37 50
38 72
38 47
38 46
38 68
38 56
39 50
39 57
39 41
39 44
40 90
40 51
40 51
40 61
40 77
40 49
40 55
41 52
41 70
41 48
41 85
41 88
41 43
41 80
42 43
42 79
42 53
42 68
43 88
43 65
43 94
43 50
43 98
44 50
44 67
44 56
44 83
44 85
44 86
44 50
45 49
45 67
45 76
45 68
45 56
46 52
46 52
46 70
46 76
46 72
46 85
47 98
47 65
48 70
48 99
48 84
48 89
49 64
49 60
49 88
49 75
49 83
49 89
49 76
49 89
49 56
50 77
50 99
51 74
51 75
51 94
51 69
51 58
52 64
52 61
52 58
52 98
52 96
53 72
53 71
53 83
53 59
53 86
53 81
53 92
53 72
53 80
54 61
54 94
54 97
54 68
55 56
55 58
55 78
55 67
55 97
55 86
55 81
56 97
56 73
56 64
57 70
57 77
57 86
57 97
58 91
58 75
58 83
58 99
59 78
59 75
59 93
60 77
60 78
60 83
60 65
60 74
60 73
61 92
61 80
61 92
61 68
62 72
62 68
63 78
63 77
63 97
63 77
63 76
63 91
63 69
64 73
64 67
65 94
65 72
65 76
65 76
66 98
66 74
66 80
67 99
67 90
67 95
67 90
67 85
68 70
68 70
68 91
68 91
69 85
69 79
70 86
70 98
70 86
70 95
70 98
71 97
71 76
71 75
71 73
72 99
72 80
73 84
73 88
73 85
74 94
74 82
74 78
75 81
76 91
76 80
76 83
77 80
78 96
78 93
78 88
78 80
79 99
80 96
80 87
80 98
80 81
81 93
81 97
82 93
84 93
84 88
84 96
84 95
85 89
85 90
85 93
86 92
88 99
88 89
89 97
90 94
92 96
92 99
93 95
93 95
94 98
96 97
96 97
