0 26
0 10
0 85
0 84
0 44
0 68
0 73
0 64
0 75
0 42
0 83
0 36
0 76
1 90
1 81
1 8
1 29
1 50
1 68
1 79
1 25
1 45
1 34
1 39
1 91
2 47
2 45
2 26
2 71
2 41
2 33
2 72
2 64
2 23
2 46
2 61
2 55
2 79
2 64
3 9
3 93
3 54
3 64
3 41
3 32
3 20
3 29
3 43
4 72
4 84
4 31
4 26
4 96
4 45
4 24
4 34
4 89
4 97
4 84
5 56
5 9
5 74
5 78
5 75
5 32
6 70
6 49
6 31
6 19
6 64
6 51
6 95
6 75
6 70
6 41
6 57
6 32
6 94
6 48
6 86
6 70
6 47
7 76
7 93
7 65
7 55
7 97
7 31
7 76
7 75
7 87
7 9
8 67
8 17
8 23
8 42
8 25
8 91
9 55
9 48
9 76
9 67
9 60
9 34
10 31
10 95
10 12
10 28
10 71
10 92
10 50
11 66
11 38
11 46
11 70
11 32
11 43
11 14
11 43
11 68
12 45
12 90
12 82
12 42
12 49
12 91
12 56
12 93
12 58
12 17
12 64
13 55
13 34
13 41
13 22
14 62
14 69
14 89
14 52
14 93
15 91
15 29
15 49
15 96
15 77
15 53
16 46
16 96
16 19
16 55
16 28
16 54
16 22
16 34
16 18
17 98
17 21
17 47
17 30
17 97
17 72
17 35
18 46
18 58
18 35
18 54
19 62
19 69
19 64
19 69
19 38
19 67
19 42
19 81
19 61
19 40
19 99
20 45
20 96
20 84
20 55
20 55
20 26
20 52
20 53
21 68
21 62
21 71
21 27
21 95
21 30
21 94
22 99
22 36
22 47
22 40
22 63
22 88
22 56
23 41
23 39
24 36
24 77
24 91
24 49
24 91
24 29
24 99
25 81
25 67
25 46
25 97
25 75
25 82
25 42
25 29
25 94
26 87
26 63
26 87
26 49
26 73
26 47
26 68
26 52
26 48
26 90
27 81
27 77
27 64
28 66
28 80
28 44
28 71
28 94
29 39
29 88
29 37
29 85
29 50
29 63
29 60
29 97
29 31
29 75
30 87
30 65
30 50
30 75
30 84
30 93
30 57
30 81
30 89
30 84
30 83
30 72
30 81
30 49
31 62
31 92
31 62
31 99
31 52
32 40
32 58
32 69
32 51
32 69
32 80
32 64
32 88
32 42
33 81
33 49
33 43
33 78
33 64
33 63
33 63
33 94
34 56
34 78
34 47
34 39
34 38
34 93
34 76
34 86
34 51
34 93
34 50
34 93
35 53
36 78
36 78
36 58
36 94
36 74
36 42
36 86
37 89
37 73
37 38
37 43
37 84
37 81
37 54
38 49
38 57
38 50
38 89
38 56
38 71
38 74
39 56
39 62
39 61
39 74
39 57
40 92
40 43
40 65
40 67
40 77
41 68
41 55
41 50
41 75
41 91
42 57
42 68
42 61
42 55
42 92
42 68
42 96
42 81
43 80
43 53
43 87
43 84
43 67
43 72
43 85
44 49
44 93
44 93
45 93
45 76
45 59
46 72
46 54
46 57
47 76
47 75
47 65
47 54
47 67
47 55
47 88
47 75
47 75
47 60
48 51
48 89
48 94
48 57
49 54
49 73
49 93
49 80
50 74
50 77
50 76
50 59
50 96
51 89
51 70
51 88
51 88
52 98
52 71
52 77
52 80
53 77
53 55
53 99
53 69
53 58
53 95
54 89
54 92
54 62
55 89
55 67
56 95
56 90
56 71
57 70
57 61
57 66
57 59
57 66
57 81
57 97
58 97
58 80
58 75
58 59
58 64
58 82
59 80
59 99
59 66
59 83
59 70
59 79
60 97
60 93
60 70
61 68
61 80
61 65
61 74
61 63
61 91
62 80
62 99
62 63
62 85
62 68
62 68
63 66
63 73
64 82
64 85
64 88
66 71
66 77
66 89
66 89
67 81
67 87
67 76
67 99
68 90
68 86
68 86
68 98
68 87
68 89
68 84
69 96
69 82
70 75
70 92
70 74
70 98
71 83
71 76
72 97
72 91
72 91
72 80
72 83
72 91
74 90
74 75
74 82
74 80
75 79
77 87
78 95
78 85
78 92
78 99
79 86
79 89
80 89
80 90
80 86
81 90
81 95
81 91
81 91
82 85
83 99
84 98
84 87
85 88
85 89
86 93
88 93
89 95
89 91
93 96
93 96
95 96
98 99
