0 68
0 1
0 12
0 94
0 68
0 84
0 23
0 40
0 36
0 42
0 89
1 93
1 82
1 13
1 34
1 90
1 39
1 97
1 58
2 44
2 83
2 50
2 77
2 75
2 95
2 38
2 35
2 98
3 84
3 61
3 23
3 80
3 12
3 17
3 62
3 98
3 77
3 86
3 36
3 89
4 99
4 76
4 31
4 6
4 43
4 98
4 12
4 82
4 79
4 39
4 30
4 11
4 64
5 14
5 69
5 97
5 86
5 23
5 91
5 28
5 89
6 13
6 37
6 25
6 16
6 86
6 60
6 76
6 23
6 63
6 65
6 88
6 93
7 61
7 18
7 31
7 70
7 92
7 77
7 13
7 64
7 53
7 25
8 18
8 51
8 15
8 65
8 19
8 51
8 20
8 99
9 98
9 62
9 16
9 31
9 26
9 80
9 85
9 46
10 69
10 89
10 13
10 51
10 12
10 18
10 84
10 97
10 99
10 95
10 38
10 14
10 56
10 98
11 16
11 70
11 79
11 26
11 94
11 58
11 76
11 81
12 60
12 61
12 35
12 24
12 35
12 95
12 52
12 53
12 42
12 67
13 17
13 17
13 88
13 63
13 92
13 40
13 83
13 84
14 73
14 17
14 29
14 59
14 15
14 65
14 63
14 30
14 44
15 25
15 63
15 77
15 85
15 26
15 32
15 82
15 46
15 64
15 92
15 99
16 18
16 66
16 55
16 50
16 24
17 33
17 42
17 86
17 63
17 45
17 98
18 73
18 36
18 96
18 58
18 19
18 43
18 26
18 20
18 45
18 70
18 32
18 87
19 99
19 77
19 77
19 27
19 79
19 88
19 45
20 56
20 62
20 69
20 85
20 35
20 55
20 61
20 24
20 80
20 95
21 72
21 88
21 59
22 90
22 35
22 66
22 98
22 44
22 46
22 70
22 82
23 46
23 96
23 33
23 30
23 69
23 31
23 25
24 59
24 87
24 75
24 36
24 91
24 72
24 73
24 92
24 43
24 45
24 81
24 40
25 97
25 82
25 95
25 92
25 74
25 64
25 94
25 47
26 44
26 47
26 30
26 27
26 29
26 52
26 41
26 87
26 66
26 70
26 28
26 90
26 43
27 77
27 34
27 40
27 39
27 86
27 48
27 87
27 96
27 65
28 33
28 40
28 59
28 86
28 61
28 60
28 33
29 77
29 79
29 92
29 49
29 95
29 90
29 63
29 46
29 71
29 57
29 93
29 40
29 39
29 36
29 55
29 41
30 31
30 46
30 74
30 99
30 78
30 89
31 86
31 60
31 78
31 78
31 51
31 50
31 40
31 67
31 37
31 33
32 64
32 64
32 64
32 36
33 70
33 69
33 65
33 36
33 49
33 61
33 73
34 47
34 40
34 56
35 38
35 88
35 99
35 51
35 96
35 42
35 76
35 73
35 79
35 48
35 43
35 64
35 69
36 86
36 53
36 59
36 81
36 47
36 43
36 81
37 47
37 86
37 52
37 98
37 54
38 83
38 60
38 49
38 87
39 65
39 65
39 52
39 81
39 43
39 43
39 77
39 74
39 50
39 83
40 50
40 74
40 49
40 41
40 55
41 68
41 62
41 75
41 49
41 87
41 44
42 52
42 97
42 65
42 98
42 47
42 68
42 88
42 58
43 53
43 97
43 88
43 76
43 49
44 51
44 86
44 47
44 72
45 90
45 57
45 96
45 51
45 99
46 86
46 96
46 63
47 96
47 56
47 87
47 89
47 86
48 52
48 66
48 69
49 82
49 83
49 60
49 79
50 82
50 71
50 54
50 74
51 92
51 64
51 74
51 86
52 97
52 97
52 88
53 70
53 89
54 61
54 93
54 97
54 83
54 71
54 63
54 97
56 84
57 81
57 83
58 88
58 86
58 87
58 84
58 67
59 85
60 99
60 68
60 80
60 93
61 71
61 87
61 68
61 91
61 86
62 82
62 68
63 64
63 65
63 95
63 89
63 96
63 72
63 75
64 70
64 82
65 75
65 79
65 94
65 71
65 91
65 70
66 81
66 68
66 91
67 78
67 87
68 92
68 96
68 80
68 75
69 81
69 96
70 90
70 98
70 97
71 95
71 78
72 94
73 91
73 78
75 99
75 91
75 87
75 97
75 97
76 82
76 78
77 95
77 89
77 85
78 81
79 88
79 94
80 97
80 95
81 90
81 86
83 94
84 92
85 94
89 99
90 98
91 95
91 94
92 98
96 99
97 99
