0 99
0 12
0 73
0 89
0 96
0 99
0 14
0 79
0 1
0 5
0 61
0 21
1 8
1 69
1 96
1 39
1 57
1 39
1 6
1 78
1 81
1 28
1 47
2 56
2 38
2 65
2 82
3 20
3 71
3 14
3 21
3 53
3 53
3 80
3 57
3 26
3 94
3 57
3 45
3 38
4 78
4 5
4 77
4 40
4 61
4 90
4 38
4 22
5 56
5 73
5 32
5 71
5 46
5 91
5 89
5 96
5 32
6 92
6 94
6 72
6 14
6 65
6 98
6 11
7 95
7 26
7 78
7 31
7 41
7 42
7 51
7 66
8 41
8 68
8 20
8 94
8 34
8 96
8 44
8 91
8 9
9 51
9 87
9 37
9 12
9 92
9 72
9 96
9 26
9 29
9 61
10 73
10 15
10 79
10 86
10 15
10 88
10 88
10 38
10 47
10 85
10 54
10 21
11 39
11 72
11 16
11 54
11 74
11 69
11 78
11 42
11 26
11 77
11 16
11 44
11 14
12 82
12 83
12 50
12 58
12 25
12 33
12 66
12 83
13 79
13 81
13 17
13 35
13 66
13 30
13 97
14 57
14 37
14 76
14 84
14 84
14 86
14 16
14 60
15 92
15 59
15 89
15 36
15 59
15 91
15 45
15 56
16 35
16 84
16 91
16 81
16 32
16 57
17 36
17 99
17 49
17 37
17 59
17 19
17 94
17 66
17 60
17 87
17 21
18 60
18 36
18 76
18 50
19 50
19 67
19 21
19 55
19 31
19 21
19 93
19 42
20 69
20 33
20 98
20 32
20 47
20 65
20 60
20 97
20 53
21 56
21 36
21 89
21 95
21 54
21 75
21 84
22 95
22 52
22 68
22 28
22 89
22 70
22 31
22 31
22 54
23 30
23 50
23 28
23 48
23 62
23 99
24 28
24 47
24 58
24 54
24 43
24 79
24 69
24 62
24 51
24 25
24 47
24 64
24 41
24 37
25 61
25 58
25 96
25 34
25 88
25 80
25 48
25 29
25 38
25 74
25 62
25 94
26 40
26 89
26 88
26 56
26 79
26 52
27 70
27 88
27 53
28 80
28 53
28 45
28 69
28 76
28 41
28 84
28 87
28 77
29 44
29 97
29 60
29 36
29 57
29 32
30 42
30 92
30 81
30 89
30 38
30 61
31 38
31 56
31 74
31 54
31 97
31 71
32 43
32 97
32 56
32 36
32 64
32 79
32 50
32 69
33 47
33 64
33 46
33 90
34 37
34 94
34 45
34 54
34 53
34 63
35 96
35 76
35 57
35 63
35 72
35 60
35 90
35 90
35 59
35 73
35 77
36 78
36 57
36 82
36 96
36 55
36 43
36 86
37 95
37 73
37 45
37 45
37 88
37 48
37 43
38 61
38 78
38 73
38 79
38 49
38 71
39 52
39 77
39 88
39 40
40 49
40 58
41 43
41 55
41 56
41 92
41 64
41 92
41 87
42 71
42 69
43 44
43 70
43 68
43 54
44 67
44 48
44 69
45 90
45 76
45 62
45 49
45 51
45 67
46 82
46 80
46 82
46 83
46 57
46 81
47 55
47 74
47 88
47 97
47 75
47 65
48 66
48 99
48 95
48 65
48 77
49 50
49 71
49 67
49 91
49 68
49 90
49 58
49 82
50 69
50 63
50 55
50 60
51 65
51 55
51 77
51 59
51 93
51 89
51 69
52 92
52 56
52 55
52 84
53 79
53 66
53 57
53 78
54 95
54 94
54 56
55 99
55 94
55 68
55 73
55 83
55 98
55 59
55 82
56 88
56 96
56 89
56 72
57 88
57 69
57 66
58 76
58 78
58 71
58 66
58 89
58 71
58 68
58 80
59 75
59 85
59 93
59 90
59 77
59 70
60 69
60 92
60 75
60 64
61 89
61 96
61 77
61 81
61 84
61 79
61 95
61 70
61 70
61 66
61 90
62 92
62 81
63 72
63 88
63 81
63 82
63 84
64 98
64 88
64 81
65 86
65 71
66 82
66 69
67 75
67 93
67 96
68 90
68 75
68 88
69 70
69 92
70 82
70 76
70 82
70 82
71 83
71 91
71 99
72 88
72 78
72 93
73 94
73 84
74 79
74 83
75 97
76 89
76 97
76 80
77 83
77 99
78 97
78 95
78 87
79 89
79 95
79 91
79 85
79 81
80 91
80 95
81 95
82 87
83 91
84 94
85 97
86 97
87 89
89 93
92 95
95 98
97 98
