0 10
0 16
0 78
0 41
0 46
0 74
0 15
0 6
0 14
0 34
1 37
1 11
1 37
1 27
1 15
1 33
1 69
1 13
1 3
1 20
2 23
2 15
2 96
2 35
3 37
3 52
3 32
3 84
3 28
3 54
3 73
3 87
3 51
4 76
4 21
4 35
4 84
4 19
4 43
4 25
4 39
4 72
5 78
5 87
5 96
5 94
5 23
5 87
5 29
5 46
5 45
5 58
6 38
6 94
6 91
6 87
6 13
6 76
6 45
6 11
6 80
6 83
6 16
6 74
6 85
6 99
7 35
7 56
7 57
7 46
7 15
7 88
7 87
7 19
8 94
8 87
8 82
8 56
8 22
8 48
8 92
8 61
8 25
8 67
9 12
9 68
9 27
10 39
10 15
10 74
10 87
10 49
11 76
11 77
11 49
11 57
11 28
11 71
11 12
11 62
11 94
12 65
12 47
12 20
12 44
12 57
12 22
12 44
12 92
13 65
13 78
13 82
13 53
13 87
13 57
13 53
13 28
13 94
13 98
13 33
13 94
14 47
14 78
14 18
14 83
14 38
14 51
14 18
14 68
14 52
14 89
15 17
15 34
15 93
15 58
15 47
15 29
15 72
15 25
15 68
15 50
15 98
15 17
16 35
16 31
16 49
16 85
16 29
16 74
16 73
16 91
16 33
16 78
16 74
17 72
17 68
17 29
17 93
17 32
17 51
17 18
17 84
17 18
18 69
18 85
18 45
18 39
18 47
18 71
18 23
19 40
19 26
19 63
19 46
19 96
19 98
19 27
19 43
19 72
19 27
19 55
19 39
20 61
20 75
20 60
20 99
20 60
20 66
20 98
20 42
21 46
21 34
21 49
21 69
21 85
22 61
22 69
22 99
23 82
23 67
23 41
23 68
23 56
23 71
23 74
23 59
23 96
23 78
23 84
23 57
23 26
23 69
23 80
23 93
23 71
23 48
23 89
23 57
24 95
24 45
25 26
25 80
25 30
25 82
25 32
26 35
26 77
26 41
26 65
26 50
26 51
26 47
26 49
27 69
27 50
27 94
27 43
27 68
27 79
28 78
28 50
28 46
28 56
28 40
28 42
28 70
28 60
29 79
29 55
29 57
29 77
29 91
30 94
30 94
30 59
30 99
30 70
30 53
30 67
30 73
30 74
30 63
31 91
31 48
31 47
31 88
31 74
31 39
31 72
32 41
32 38
32 69
32 43
32 99
32 68
32 47
32 39
32 57
33 63
33 83
33 75
33 50
33 83
33 81
33 82
34 48
34 57
34 37
35 42
35 85
35 70
35 89
35 91
35 73
35 82
35 73
36 39
36 46
36 64
36 89
36 80
37 81
37 42
37 93
37 40
38 54
38 90
38 48
38 92
38 57
38 82
38 81
39 81
39 49
39 67
39 71
39 87
39 63
39 79
39 82
40 86
40 75
40 88
40 70
40 70
40 75
40 58
40 64
40 76
41 66
41 82
42 49
42 45
42 66
42 99
42 43
42 74
43 72
43 76
43 76
43 97
43 49
43 76
43 94
43 80
44 49
44 58
44 63
44 59
44 79
44 85
45 83
45 46
45 57
45 60
45 64
45 90
46 99
46 97
46 86
46 93
47 51
47 60
47 60
47 93
48 58
48 84
48 63
48 57
48 80
49 52
49 65
49 50
50 93
50 94
51 56
51 85
51 74
52 59
52 70
52 89
52 83
52 61
52 86
52 64
53 80
53 98
53 97
53 73
53 94
54 90
54 63
54 95
55 96
55 77
55 89
55 91
56 57
56 84
56 77
56 95
57 63
57 84
57 58
58 64
58 77
58 60
58 91
59 64
59 75
59 73
59 65
59 79
59 88
60 90
60 75
60 74
60 70
60 74
60 63
61 80
61 91
61 98
62 76
62 82
62 76
62 71
62 92
63 82
63 69
63 79
63 77
63 72
63 97
63 81
64 84
64 67
65 90
65 83
66 90
66 73
66 69
66 89
66 85
66 91
66 84
66 92
66 76
67 91
67 80
68 98
68 82
68 78
68 92
68 86
69 95
69 74
69 87
69 94
70 94
71 83
71 86
71 93
71 84
71 81
72 91
73 75
74 89
75 99
75 94
75 98
75 83
77 81
77 96
78 94
78 89
78 87
80 87
80 92
81 98
81 96
82 83
83 90
83 87
83 96
84 99
84 94
86 98
87 88
87 98
87 93
88 99
88 93
89 94
90 98
91 99
92 93
92 94
95 97
95 99
