0 65
0 51
0 62
0 43
1 87
1 60
1 2
1 92
1 49
1 53
1 7
1 62
1 59
1 72
2 92
2 53
2 99
2 13
2 84
2 79
3 26
3 16
3 92
3 7
3 10
3 63
3 11
3 77
4 29
4 75
4 18
4 92
4 80
4 82
4 82
4 87
4 69
5 50
5 93
5 74
5 65
5 97
5 83
5 78
5 57
6 90
6 84
6 63
6 67
6 24
6 97
6 65
6 69
6 28
6 50
6 91
6 67
6 48
7 88
7 69
7 10
7 18
7 89
7 73
7 85
7 69
7 30
7 13
7 89
7 92
7 83
7 20
7 76
8 77
8 24
8 96
8 96
8 56
8 76
8 10
8 68
8 95
8 54
9 68
9 57
9 56
9 14
9 50
9 97
9 37
9 75
9 57
9 33
10 36
10 31
10 19
10 83
10 94
10 36
11 35
11 74
11 92
11 94
11 63
11 64
11 54
11 96
12 47
12 33
12 70
12 22
12 75
12 35
12 54
12 88
12 74
13 67
13 72
13 95
13 49
13 70
13 59
13 23
13 61
13 15
13 52
14 20
14 83
14 43
14 21
14 87
14 30
14 86
14 34
14 30
14 51
14 30
14 73
14 20
15 68
15 72
15 60
15 96
15 94
15 62
15 43
15 32
15 41
15 22
15 59
15 67
16 96
16 38
16 63
16 20
16 74
16 43
17 50
17 89
17 51
17 49
17 96
17 30
17 78
18 38
18 39
18 77
18 85
18 22
18 41
18 53
18 28
19 91
19 25
19 94
19 28
19 84
19 24
20 21
20 84
20 60
20 54
20 45
20 76
20 88
21 61
21 73
21 50
21 48
21 94
21 56
21 57
22 63
22 72
22 95
22 87
22 45
22 79
22 56
22 44
22 64
22 37
23 92
23 70
23 93
23 37
23 24
23 51
23 73
23 78
24 37
24 71
24 37
24 86
24 75
24 97
24 98
24 26
24 91
24 92
24 97
24 36
25 41
25 28
25 53
25 75
25 43
25 50
25 74
25 46
25 61
25 93
25 29
26 58
26 39
26 66
26 73
26 75
27 31
27 48
28 66
28 83
28 94
28 80
28 60
28 79
28 72
29 99
29 42
29 47
29 58
29 98
29 88
30 61
30 86
30 81
30 53
30 72
30 58
30 88
30 55
30 91
30 69
31 88
31 71
31 65
31 55
31 45
32 58
32 66
32 41
32 76
32 43
32 67
32 86
32 57
32 40
33 98
33 42
33 71
33 60
33 57
33 70
34 52
34 75
34 60
34 90
34 77
35 93
35 85
35 46
36 97
36 75
36 83
36 43
36 88
36 88
36 37
36 47
36 61
36 46
36 68
37 38
37 87
37 89
37 74
37 55
37 87
37 41
38 56
38 81
38 79
38 41
38 63
38 65
38 53
38 66
38 56
39 70
39 48
39 79
39 75
39 62
39 41
40 57
40 72
40 96
40 74
40 67
40 89
40 51
41 76
41 59
41 92
41 62
42 43
42 46
42 74
42 68
42 52
42 59
43 57
43 91
43 53
43 73
43 78
43 70
43 47
44 74
44 84
44 89
44 48
44 75
44 47
45 48
45 48
45 94
45 72
46 66
46 79
46 71
46 54
46 63
46 57
47 78
47 71
47 93
47 49
47 87
48 55
48 72
48 93
49 86
49 69
49 74
49 76
50 53
50 83
50 56
50 76
51 64
51 94
51 80
51 76
51 81
51 78
51 57
52 84
52 91
52 94
53 73
53 69
53 68
53 87
53 90
54 89
54 68
54 96
54 86
54 60
55 85
55 76
55 61
56 59
56 89
56 92
56 72
56 60
56 60
56 77
56 96
56 96
57 87
57 70
57 89
57 76
57 75
58 90
58 66
58 99
58 76
59 82
59 98
60 82
60 91
60 97
61 74
61 91
61 77
61 84
61 80
62 82
62 68
62 77
62 82
62 67
63 80
63 71
64 83
64 66
64 69
64 95
65 78
65 90
66 74
67 80
67 68
67 90
68 97
68 83
69 96
69 92
70 84
70 82
70 97
70 96
71 94
71 83
71 93
72 73
72 85
72 73
73 80
73 85
74 90
74 77
74 93
75 85
75 91
75 90
75 85
78 81
78 99
80 81
80 86
80 97
80 99
80 98
81 92
81 83
82 86
82 99
82 89
82 84
82 99
82 98
83 92
84 88
84 89
85 93
86 90
87 99
87 91
87 99
91 95
92 96
92 94
95 97
95 98
95 98
