0 14
0 17
0 7
0 19
0 35
0 9
0 84
1 29
1 59
1 34
1 72
1 89
1 48
1 67
1 52
1 86
1 59
2 79
2 11
2 12
2 74
2 31
2 30
2 55
2 86
2 11
2 23
2 93
3 97
3 61
3 35
3 91
3 5
3 96
3 95
3 79
3 21
4 84
4 55
4 14
4 30
4 51
4 71
4 75
4 64
4 95
5 90
5 84
5 26
5 84
5 10
5 56
5 70
5 35
5 30
5 50
5 16
6 67
6 26
6 37
6 84
6 28
6 82
6 43
6 40
7 46
7 69
7 98
7 66
7 24
7 93
7 12
7 39
7 61
7 69
7 33
7 34
7 80
8 64
8 63
8 77
8 15
8 99
8 82
8 59
8 34
8 61
8 45
8 89
8 89
9 56
9 38
9 93
9 70
9 44
10 63
10 99
10 33
10 63
10 20
10 33
10 88
10 24
10 55
11 89
11 27
11 66
11 60
11 52
11 46
11 19
11 44
11 55
11 37
11 67
11 57
11 53
11 50
12 68
12 96
12 41
12 91
12 29
12 50
12 95
12 41
13 91
13 75
13 77
13 66
13 24
13 94
14 34
14 65
14 16
14 96
14 76
14 91
14 71
15 58
15 65
15 16
15 41
15 64
15 96
15 21
16 80
16 19
16 84
16 28
17 75
17 46
17 26
17 70
17 78
17 44
17 26
18 47
18 19
18 69
18 52
18 39
18 72
18 40
18 42
18 30
18 47
18 36
18 42
18 85
18 33
18 35
18 75
18 95
19 41
19 75
19 73
19 25
20 99
20 31
20 83
20 22
20 86
20 83
20 42
21 24
21 57
21 99
21 62
21 36
21 66
21 53
21 69
21 66
21 56
21 97
21 68
21 90
21 81
22 57
22 52
22 71
22 59
22 83
22 82
22 95
23 94
23 38
23 27
23 36
23 39
23 80
23 34
23 55
23 72
23 50
23 76
23 49
23 95
23 87
23 54
24 82
24 51
24 60
24 60
24 84
24 45
24 62
25 64
25 88
25 63
25 39
25 66
26 66
26 99
26 90
26 82
26 61
26 79
26 51
27 86
27 41
27 29
28 97
28 56
28 38
28 39
29 35
29 71
29 68
29 92
29 94
29 92
30 73
30 94
30 63
30 74
30 62
30 41
30 82
30 52
30 92
31 43
31 44
31 56
31 70
32 89
32 55
32 74
32 85
32 37
33 74
33 86
33 46
33 67
33 45
34 46
34 46
34 93
34 35
34 36
34 40
35 81
35 95
35 62
35 59
35 82
36 62
36 70
36 96
36 87
36 58
36 63
36 46
36 97
36 58
36 66
36 75
37 79
37 64
37 38
37 49
37 58
37 41
37 66
37 48
37 40
37 61
37 88
37 79
37 89
38 69
38 81
38 43
38 65
38 92
39 42
39 45
39 51
39 90
40 67
40 64
40 74
41 67
41 53
41 49
41 57
42 89
42 43
42 46
42 80
42 66
42 79
42 88
42 78
43 67
44 83
44 85
44 62
44 75
44 53
45 58
45 71
45 96
46 64
46 47
46 55
46 67
46 61
47 74
47 96
47 60
47 48
47 81
47 77
47 81
47 69
48 94
48 88
48 98
48 91
48 56
48 62
49 96
49 87
49 64
49 62
49 62
49 83
49 76
49 89
50 95
50 88
50 73
51 59
51 63
51 56
51 78
51 61
52 56
52 96
52 81
52 76
52 57
52 80
52 70
52 91
53 59
53 86
53 61
53 57
53 62
54 97
54 85
54 81
55 72
55 92
55 98
55 82
55 95
55 81
55 67
55 59
56 64
56 91
56 75
56 78
56 71
56 90
57 70
57 93
57 66
57 61
57 95
57 79
58 98
58 98
58 89
58 91
59 86
59 91
59 97
60 84
60 76
60 93
61 63
61 70
61 66
61 77
62 99
62 72
62 79
62 63
62 89
63 95
63 66
64 83
64 94
64 93
65 82
65 66
65 72
66 81
66 69
66 97
67 98
68 77
69 85
69 74
69 79
69 97
70 73
70 99
70 86
71 76
71 91
72 99
73 90
73 76
73 90
75 97
75 93
75 77
76 93
76 87
76 84
76 95
76 84
78 85
78 99
79 96
80 94
80 87
80 87
81 96
81 93
81 96
81 97
81 98
82 92
82 98
82 96
82 92
82 89
82 94
83 90
83 87
83 94
84 98
84 95
84 88
85 91
86 90
88 96
89 93
89 96
90 97
91 97
93 94
94 95
