0 90
0 56
0 88
0 34
0 7
0 16
0 2
0 46
0 64
0 48
0 82
1 62
1 54
1 50
1 38
1 98
1 35
1 59
1 63
1 52
1 73
1 44
1 99
1 12
1 4
1 29
2 84
2 44
2 54
2 40
2 33
2 72
2 19
2 44
3 6
3 68
3 55
3 58
3 58
4 16
4 14
4 24
4 17
4 53
4 18
4 70
4 21
4 93
5 36
5 40
5 95
5 46
5 36
5 18
5 82
5 43
5 96
5 79
5 22
5 8
5 41
5 83
5 14
6 40
6 77
6 49
6 35
6 28
6 11
6 50
7 14
7 51
7 31
7 70
7 67
7 67
7 13
7 20
7 82
8 99
8 29
8 92
8 78
8 20
8 13
8 20
8 67
8 9
8 10
8 86
8 85
9 58
10 46
10 20
10 45
10 94
10 96
10 94
10 40
10 69
10 56
10 69
10 13
10 43
10 72
11 78
11 51
11 73
11 64
11 50
11 35
11 87
12 62
12 30
12 57
12 83
13 47
13 28
13 88
13 98
13 99
13 80
14 69
14 88
14 54
14 87
15 62
15 86
15 72
15 90
15 42
15 83
15 43
15 37
15 65
15 91
16 71
16 78
16 89
16 29
16 54
16 17
16 94
17 54
17 51
17 49
17 38
17 34
17 38
18 76
18 79
18 97
18 72
18 39
18 88
18 52
18 31
18 79
19 23
19 40
19 23
19 53
19 27
19 59
19 92
20 33
20 25
20 85
20 67
20 94
20 29
20 50
21 88
21 49
21 31
21 38
21 33
21 30
21 67
21 96
21 80
21 41
21 39
22 92
22 64
22 75
22 42
22 35
22 41
22 91
22 27
23 84
23 32
23 40
23 35
24 56
24 96
24 97
24 37
24 90
24 65
24 54
24 78
25 82
25 28
25 60
25 75
25 89
25 92
25 27
26 87
26 60
26 63
26 42
26 88
26 41
26 59
26 58
27 84
27 55
27 91
27 38
27 32
27 57
27 48
27 43
28 63
28 85
28 30
28 48
28 81
28 37
28 85
28 63
29 61
29 85
29 86
30 74
30 40
30 84
30 85
30 38
30 83
30 75
30 36
30 52
31 48
31 81
31 76
31 89
31 89
31 76
31 56
31 40
31 60
32 43
32 93
32 41
32 71
32 94
32 40
32 83
33 74
33 35
33 81
33 71
33 79
33 50
33 53
33 76
33 64
33 94
34 78
34 81
34 97
34 81
34 90
34 45
34 65
34 69
34 80
34 96
35 39
35 43
35 64
35 92
35 80
35 99
36 61
36 94
36 84
36 56
36 77
36 99
36 76
36 78
36 70
36 81
37 54
37 83
37 91
37 58
37 58
37 97
37 62
37 47
37 58
37 53
37 75
37 99
38 85
38 51
38 82
38 56
39 60
39 77
39 88
39 78
40 47
40 90
40 58
40 74
40 76
40 67
40 96
40 64
40 57
40 83
40 77
41 63
41 54
42 98
42 94
43 45
43 94
43 52
43 72
43 45
43 70
43 98
44 58
44 56
44 55
44 92
44 82
44 76
44 47
44 57
44 83
44 81
44 92
45 80
45 93
45 81
45 87
45 72
46 96
46 76
46 47
46 99
47 90
47 71
47 77
47 68
48 57
48 52
48 72
48 57
48 60
49 65
49 89
49 57
49 93
49 91
49 81
50 95
50 98
50 94
50 95
50 73
51 89
51 91
51 99
51 85
51 57
52 74
52 84
52 57
52 97
52 91
53 54
53 58
53 92
53 65
53 81
53 83
54 91
54 69
54 58
54 81
54 91
55 69
55 89
55 89
55 98
55 82
55 92
55 88
55 95
56 92
56 82
56 57
56 85
57 58
58 62
58 82
58 78
58 88
59 88
59 79
59 79
60 71
60 96
60 98
60 67
60 71
60 94
61 70
61 92
61 93
61 97
61 95
61 92
61 65
62 71
62 98
62 83
62 71
63 95
63 69
63 67
63 78
64 98
64 80
64 66
64 89
64 79
64 76
64 88
65 98
65 69
65 82
65 85
66 79
66 97
66 72
67 69
67 92
67 68
68 76
68 87
69 93
70 75
70 76
71 79
71 93
71 81
72 92
73 99
73 85
74 76
74 89
74 83
75 97
75 76
75 79
76 80
77 93
77 78
77 79
77 90
78 81
78 79
78 98
80 84
80 92
81 89
81 85
82 97
83 95
83 84
86 89
88 96
89 98
89 92
90 92
90 99
94 97
94 99
96 98
