0 47
0 88
0 52
0 5
0 24
0 98
0 90
1 77
1 52
1 15
1 93
1 8
1 52
1 10
1 15
1 57
1 22
2 76
2 49
2 92
2 24
2 98
2 70
2 54
3 18
3 42
3 12
3 45
3 15
3 12
3 71
3 87
3 16
4 6
4 75
4 50
4 59
4 98
5 62
5 54
5 57
5 22
5 12
5 61
5 45
5 69
5 26
6 10
6 10
6 92
6 11
6 19
6 69
6 41
6 70
6 84
6 89
6 39
6 12
6 44
7 45
7 69
7 77
7 61
7 78
7 67
7 96
7 97
7 28
8 17
8 88
8 90
8 38
8 26
8 43
8 66
8 20
8 54
8 22
8 61
9 92
9 24
9 22
9 73
9 41
9 88
9 34
9 42
9 26
9 92
9 21
9 19
9 70
9 39
10 46
10 71
10 14
10 24
10 13
10 54
10 95
11 39
11 79
11 27
11 59
11 24
11 82
11 72
11 31
11 85
12 97
12 29
12 82
12 62
12 85
12 92
12 82
12 63
12 22
12 65
12 48
12 75
13 53
13 55
13 84
13 88
13 76
13 92
13 37
13 69
13 68
13 37
13 94
13 30
13 86
13 35
13 23
14 40
14 87
14 99
14 53
14 70
14 34
14 36
15 55
15 23
15 55
15 56
15 72
15 51
15 48
15 52
15 65
15 26
15 66
15 19
15 62
15 26
15 54
15 61
16 24
16 24
16 54
16 70
16 90
16 86
16 70
16 91
17 77
17 34
17 72
17 70
17 41
17 89
17 63
17 30
17 25
17 41
18 28
18 87
18 20
18 42
18 49
18 55
18 88
18 79
18 53
18 52
18 42
19 59
19 54
19 43
19 88
19 70
19 28
19 77
20 41
20 32
20 91
20 66
20 57
21 47
21 88
21 74
21 65
21 59
21 95
22 52
22 58
22 68
22 65
22 83
22 96
23 30
23 95
23 36
23 75
23 64
23 52
24 40
24 68
24 74
24 92
24 73
24 75
25 38
25 40
25 93
25 76
26 91
26 42
26 64
26 71
26 97
26 59
26 44
27 68
27 28
27 53
27 45
27 28
27 82
27 50
27 51
28 44
28 50
28 49
28 56
28 57
28 73
29 48
29 98
29 52
29 99
29 79
29 67
29 96
29 67
30 49
30 77
30 72
30 61
30 94
30 38
30 79
30 66
31 71
31 64
31 66
31 61
31 33
31 59
31 50
32 36
32 90
32 48
32 48
32 98
32 74
33 69
33 86
33 87
33 85
33 91
33 34
33 56
33 74
33 39
34 83
34 43
34 69
34 99
34 85
34 99
35 43
35 36
35 44
35 91
35 97
35 79
35 75
35 45
36 74
36 92
36 59
36 75
36 88
37 68
37 80
37 67
37 55
37 50
38 79
38 76
38 51
38 92
38 87
38 86
39 57
39 54
39 77
39 51
39 70
40 98
40 91
40 56
40 45
40 71
40 48
41 64
41 45
41 48
41 86
41 83
41 93
41 96
41 86
41 43
42 63
42 83
42 87
42 53
42 86
43 72
43 86
43 85
43 92
43 57
44 86
44 94
45 91
45 80
45 98
45 56
46 80
46 76
46 80
47 99
47 80
47 56
47 63
48 85
48 85
48 61
48 73
49 70
49 51
49 86
49 70
49 69
49 77
49 55
49 63
50 66
51 91
51 91
51 93
51 66
51 94
52 73
52 97
52 85
52 82
53 98
53 77
53 81
54 70
54 62
54 97
54 71
55 95
55 99
55 64
55 59
55 84
55 85
55 74
56 74
56 61
56 65
56 81
57 97
57 98
57 66
57 60
58 79
58 67
58 63
59 70
59 66
59 86
59 68
59 98
60 68
60 89
60 71
60 96
60 81
61 88
61 79
61 99
62 85
62 78
62 95
62 91
62 83
63 72
63 67
63 78
63 65
64 65
64 79
64 94
64 82
65 97
65 76
65 67
65 87
66 92
67 76
68 86
68 92
68 91
68 85
68 95
69 80
69 83
69 90
69 76
70 73
70 87
70 73
70 87
70 92
71 73
71 76
71 97
72 75
72 74
73 98
73 82
74 81
74 83
74 76
75 98
75 76
75 88
76 85
76 84
76 79
76 93
76 78
76 98
78 88
78 96
79 86
79 97
79 88
79 96
80 94
80 89
82 95
83 98
84 96
84 97
84 90
84 85
84 91
84 99
85 97
85 94
86 96
86 93
86 87
89 92
90 99
91 93
92 99
93 95
94 96
