0 9
0 61
0 15
0 47
0 28
0 94
0 45
0 35
0 10
0 32
0 98
1 45
1 9
1 77
1 44
1 91
2 7
2 89
2 93
2 41
2 88
2 20
2 35
2 50
3 74
3 68
3 99
3 44
3 75
3 88
3 58
3 67
3 66
3 10
3 46
3 65
3 49
3 55
4 20
4 74
4 28
4 12
4 20
4 45
4 75
4 5
5 35
5 35
5 80
5 7
5 13
5 55
5 18
6 8
6 61
6 94
6 48
6 82
6 63
6 92
6 45
7 10
7 44
7 9
7 59
7 87
7 33
7 42
8 74
8 86
8 60
8 62
8 17
8 96
8 69
8 62
8 19
8 36
8 25
8 44
8 63
9 28
9 50
9 10
9 31
9 97
9 20
10 54
10 43
10 22
10 65
10 85
10 65
11 53
11 88
11 98
11 14
11 90
11 19
11 61
11 77
11 99
11 70
12 93
12 25
12 92
12 31
12 92
12 74
12 56
12 60
12 13
12 93
12 28
12 93
12 93
12 31
13 95
13 17
13 31
13 88
13 91
13 87
13 85
13 97
13 71
13 94
13 56
13 15
13 36
13 82
13 53
13 86
13 40
13 76
14 44
14 29
14 39
14 86
14 78
14 36
14 71
14 39
14 29
15 74
15 49
15 31
15 63
15 30
15 45
15 66
15 26
15 68
15 95
16 56
16 23
16 51
16 57
16 38
16 56
17 67
17 51
17 19
17 80
17 21
17 73
17 62
18 38
18 33
18 19
18 49
18 35
19 26
19 25
19 25
19 92
19 22
19 43
20 24
20 64
20 38
20 58
20 55
20 81
20 39
21 63
21 95
21 74
21 45
21 83
21 90
21 50
21 31
21 44
21 82
21 63
21 65
21 31
21 29
22 99
22 99
22 61
22 56
22 31
22 50
23 65
23 60
23 45
23 91
23 49
23 39
23 50
24 82
24 73
24 34
24 26
24 91
24 36
24 48
24 48
24 60
25 44
25 76
25 69
25 77
25 63
25 59
25 96
25 92
26 38
26 64
26 55
26 72
27 32
27 71
27 89
27 50
27 98
27 53
27 41
28 48
28 73
28 45
28 70
28 52
28 85
29 61
29 84
29 82
29 78
29 95
29 91
29 30
29 59
30 69
30 39
30 56
30 48
30 73
30 47
30 98
30 58
30 72
30 63
31 69
31 85
31 72
31 53
31 78
31 71
32 51
32 68
32 67
32 42
32 49
32 76
32 39
33 35
33 94
33 79
33 85
33 80
33 74
34 36
34 82
34 90
34 68
34 78
35 64
35 85
35 76
35 37
35 72
36 64
36 52
36 98
36 98
36 87
36 62
37 82
37 69
37 57
37 67
37 74
37 38
37 60
38 46
38 99
38 39
38 59
39 80
39 99
39 43
39 99
39 76
39 67
39 92
40 85
40 53
40 65
40 82
40 63
40 90
40 74
41 64
41 83
42 49
42 63
42 45
42 84
42 78
42 53
43 97
43 68
43 91
43 80
43 53
43 71
43 85
43 45
44 82
44 80
44 75
44 72
44 93
44 56
44 70
44 88
44 50
45 52
45 58
45 52
45 93
45 63
45 62
45 91
45 74
46 66
46 91
46 69
46 84
46 64
46 64
46 83
46 79
47 84
47 53
47 49
47 74
47 70
48 76
48 89
48 51
48 61
49 57
49 93
49 61
49 60
50 94
50 64
50 80
50 59
50 64
50 94
50 76
51 67
51 67
51 74
51 68
51 55
51 67
51 84
52 90
52 87
52 94
53 65
53 96
53 81
53 77
53 76
53 81
53 64
54 56
54 66
54 93
55 65
55 66
55 94
55 97
55 81
55 91
55 95
56 70
56 81
56 66
56 61
57 78
57 74
57 99
58 72
58 60
58 73
58 92
59 86
59 98
59 97
60 77
60 86
60 99
61 80
61 81
61 67
62 79
62 92
62 96
62 69
62 85
63 69
63 65
63 91
63 67
64 81
64 71
64 93
65 66
65 84
65 80
66 95
66 89
66 80
66 91
66 68
66 73
66 86
67 92
68 70
68 73
68 90
68 81
68 78
69 74
69 81
69 95
70 88
71 88
71 74
72 90
72 76
72 97
72 91
74 87
74 85
74 81
74 87
75 92
76 91
77 91
77 87
77 79
78 80
78 90
78 79
78 98
80 92
80 88
80 95
80 85
81 82
81 85
83 99
83 94
84 93
84 90
84 90
87 90
87 97
88 98
89 91
91 94
92 95
