0 14
0 50
0 9
0 37
0 42
0 78
0 47
0 58
1 6
1 64
1 17
1 94
1 61
1 45
1 55
1 38
1 72
1 39
1 96
2 44
2 22
2 16
2 62
2 9
2 69
2 18
2 67
2 11
2 71
2 3
2 50
2 61
2 17
2 50
2 23
2 17
2 23
2 73
3 57
3 39
3 81
3 16
3 77
3 71
3 91
3 98
3 38
3 49
3 30
3 7
3 17
3 97
3 18
3 32
4 21
4 94
4 99
4 15
4 42
4 53
4 19
4 54
4 98
4 25
4 30
5 97
5 9
5 21
5 6
5 85
5 86
6 55
6 43
6 74
6 69
6 37
6 76
6 67
6 53
6 39
6 53
7 46
7 40
7 39
7 83
7 13
7 78
7 76
7 58
7 41
8 51
8 98
8 77
8 96
8 33
8 81
8 48
9 97
9 71
9 39
9 35
9 14
9 93
9 84
9 75
9 45
10 27
10 47
10 34
10 42
10 13
10 52
10 91
10 16
10 62
10 37
10 75
11 59
11 43
11 63
11 56
11 67
11 26
11 28
11 46
11 25
12 48
12 84
12 87
12 63
12 14
12 95
12 94
13 44
13 43
13 54
13 45
13 55
13 44
13 54
13 26
13 97
14 38
14 70
14 26
14 79
14 95
14 83
14 68
14 44
14 32
14 46
15 47
15 91
15 64
15 45
16 51
16 96
16 56
16 26
16 78
16 86
16 92
16 62
16 27
16 81
16 92
16 42
17 98
17 79
17 93
17 75
18 44
18 79
18 30
18 54
18 51
18 26
18 65
18 81
19 68
19 91
19 72
19 67
19 80
19 79
19 58
19 41
20 67
20 81
20 48
20 94
20 80
20 85
20 50
20 82
20 65
21 82
21 49
21 73
21 93
21 35
21 44
21 93
21 94
21 85
22 81
22 54
22 36
22 63
22 74
22 84
22 90
22 60
22 91
22 89
23 59
23 62
23 41
23 78
23 36
23 72
24 55
24 31
24 63
24 46
24 62
24 30
24 60
24 68
24 82
24 28
25 96
25 86
25 59
25 78
25 38
26 74
26 99
26 90
26 83
26 60
26 80
27 71
27 85
27 33
27 98
27 28
27 65
27 57
28 54
28 57
28 41
28 44
28 53
28 60
29 55
29 84
29 40
30 55
30 35
30 98
30 52
30 96
30 75
30 81
30 55
30 70
30 92
31 40
31 78
31 38
31 32
31 47
31 52
32 62
32 68
32 89
32 33
33 38
33 42
33 58
34 42
34 49
34 45
34 69
34 52
34 74
34 45
34 48
34 60
34 79
34 88
35 61
35 51
35 45
35 92
35 68
35 71
35 42
35 56
35 71
36 72
36 57
36 90
36 84
37 56
37 52
37 67
37 86
37 46
37 38
37 57
38 51
38 45
38 86
38 71
38 78
39 83
39 98
39 97
39 66
39 86
39 80
39 92
39 90
40 72
40 92
40 93
40 70
40 52
40 80
40 43
40 43
40 65
41 50
41 74
41 47
41 78
41 94
41 92
41 51
41 95
41 55
41 69
41 48
42 95
42 67
43 46
43 58
43 91
44 50
44 63
44 51
44 79
45 56
45 72
45 77
45 82
46 90
46 55
46 79
46 86
46 79
46 95
47 97
47 51
47 94
47 98
47 89
47 99
47 50
47 74
48 94
48 58
48 94
49 92
49 68
49 65
50 62
50 81
50 55
51 71
51 73
51 72
51 70
51 71
51 87
52 65
52 97
52 54
52 76
52 78
52 93
53 87
53 79
53 90
53 72
54 61
54 74
54 89
54 69
54 67
54 87
55 74
55 85
56 99
56 84
56 84
56 61
56 90
56 87
57 63
57 64
57 96
57 70
57 96
58 71
58 96
58 94
58 92
58 94
58 83
58 62
58 64
58 80
59 67
59 73
59 97
59 77
59 71
60 76
61 62
61 68
61 83
61 73
62 95
62 87
62 91
62 99
62 66
62 83
63 69
63 89
63 81
63 69
64 95
64 96
64 84
65 78
65 74
65 94
66 80
66 79
66 74
66 86
66 99
67 92
67 72
69 80
70 75
70 90
70 82
71 87
71 90
71 96
72 86
72 77
73 80
73 91
73 94
73 76
74 89
74 85
75 78
75 84
75 89
76 83
76 85
78 89
78 81
78 85
78 81
78 87
80 91
81 88
82 83
82 83
82 84
83 93
85 98
85 94
87 94
87 89
88 90
88 96
88 94
88 98
94 95
97 99
