0 27
0 29
0 49
0 25
0 79
0 9
0 67
0 98
0 59
0 87
0 55
0 38
1 17
1 66
1 75
1 73
1 4
1 66
1 46
1 35
1 30
2 8
2 30
2 9
2 81
2 26
2 13
3 64
3 10
3 72
3 43
3 57
3 18
3 91
3 21
3 70
3 6
3 27
4 85
4 30
4 37
4 27
4 14
4 89
4 84
4 12
4 40
4 42
4 47
4 48
4 58
4 98
4 13
4 77
4 81
5 58
5 68
5 36
5 81
5 49
5 41
5 94
5 23
6 76
6 98
6 41
6 11
6 17
6 76
6 64
6 20
6 83
6 53
6 20
6 21
6 99
7 16
7 92
7 11
7 27
7 97
7 20
7 30
7 22
7 10
7 78
7 82
7 73
7 94
7 36
7 94
7 49
8 70
8 91
8 17
8 54
8 11
8 42
8 67
8 61
8 94
8 63
8 36
8 74
8 84
8 69
8 87
8 78
8 63
8 86
9 21
9 75
9 39
9 96
9 95
9 54
9 21
10 90
10 77
10 84
10 58
10 59
10 19
11 40
11 97
11 91
11 49
11 71
11 26
12 27
12 44
12 94
12 45
12 85
12 66
12 32
13 80
13 97
13 65
13 38
14 84
14 42
14 18
14 72
14 41
14 78
15 82
15 51
15 62
15 48
15 30
15 16
15 54
16 46
16 87
16 73
16 85
16 97
16 58
16 74
17 45
17 72
17 18
17 77
17 88
17 92
17 92
17 75
17 32
17 79
17 90
18 87
19 50
19 79
19 33
19 97
19 75
19 52
19 49
19 59
20 28
20 88
20 59
20 26
20 71
20 70
20 41
21 60
21 43
21 29
21 62
21 52
21 94
21 77
21 25
21 22
22 52
22 78
22 66
22 41
22 56
22 57
22 55
23 37
23 28
23 83
23 74
23 31
23 89
23 84
23 67
24 68
24 36
24 63
24 63
24 87
24 56
24 97
24 57
24 34
25 89
25 80
26 47
26 73
26 84
26 78
26 41
26 74
26 75
27 95
27 44
27 82
27 37
27 67
27 45
27 57
27 49
27 60
28 53
28 59
28 48
28 96
28 68
28 59
28 50
29 31
29 92
29 35
29 70
29 78
30 52
30 52
30 92
30 55
31 48
31 54
31 95
31 97
31 49
32 49
32 66
32 62
32 52
32 89
32 71
32 60
32 35
33 95
33 75
33 60
33 48
33 79
33 38
33 78
33 75
33 59
33 90
33 53
34 52
34 69
34 57
34 90
34 54
34 96
34 87
35 85
35 71
35 53
35 50
36 47
36 93
36 42
36 40
36 43
37 69
37 40
37 47
37 85
37 76
37 66
37 72
38 46
38 46
38 70
38 44
38 89
38 61
39 98
39 49
39 71
39 68
39 54
39 69
39 91
39 87
39 45
40 48
40 95
40 49
40 52
40 84
40 85
40 95
40 55
41 74
41 73
41 57
41 91
41 58
42 81
42 58
42 59
42 89
42 68
42 75
42 70
43 71
43 89
43 93
43 78
43 58
44 56
44 74
44 94
45 87
45 88
45 49
45 80
45 76
46 73
46 71
46 54
47 53
47 76
47 53
47 51
47 49
47 85
48 92
48 92
48 74
48 87
48 69
48 98
48 81
49 65
49 79
49 95
49 84
49 82
49 74
49 56
49 54
49 99
50 99
50 52
50 65
50 71
50 85
50 89
50 77
51 73
51 91
51 92
51 91
51 78
52 76
52 59
52 98
52 97
52 86
52 73
52 70
53 76
53 79
53 77
53 71
53 60
53 62
54 93
54 69
54 80
54 63
55 71
55 64
55 70
55 94
56 65
56 83
56 91
56 98
56 97
57 60
58 96
58 99
58 88
58 75
58 85
59 61
59 62
59 78
60 76
61 80
61 92
61 79
61 82
61 72
62 79
62 89
62 99
62 77
62 88
63 76
63 64
63 89
63 98
64 81
64 84
64 78
64 74
64 94
64 97
65 68
65 82
65 75
66 89
66 83
66 94
66 84
67 83
68 86
68 89
69 95
70 77
70 88
70 90
70 72
70 93
70 97
71 75
71 89
72 82
72 76
73 89
73 94
73 79
74 87
74 87
74 88
74 98
75 89
76 89
76 97
77 87
77 87
78 79
79 87
79 99
79 99
79 88
80 81
81 88
81 94
81 86
82 99
82 93
82 92
83 91
84 88
84 90
86 97
87 95
87 88
88 95
88 92
90 97
91 96
92 97
94 99
96 98
