0 48
0 6
0 96
0 4
0 27
0 47
0 44
0 3
0 94
0 90
0 79
0 52
0 2
0 45
1 14
1 68
1 31
1 89
1 71
1 96
1 31
1 73
1 53
2 22
2 68
2 55
2 82
2 74
2 53
2 20
2 75
2 83
3 69
3 41
3 26
3 98
3 61
3 92
3 18
3 59
3 89
3 50
3 59
3 50
4 39
4 14
4 67
4 50
4 98
4 84
4 44
4 6
4 15
4 82
4 45
4 47
4 62
4 60
5 41
5 27
5 93
5 68
5 48
5 36
5 59
5 86
5 55
5 36
5 85
5 76
5 91
6 18
6 67
6 18
6 75
6 37
6 45
6 9
6 30
6 83
6 17
6 95
6 63
6 21
7 50
7 53
7 92
7 66
7 96
7 16
7 47
7 67
7 37
8 11
8 76
8 28
8 19
8 83
8 81
8 70
8 30
8 25
8 76
9 60
9 37
9 77
9 69
9 30
9 24
9 44
9 26
10 76
10 33
10 50
10 17
10 93
10 70
10 26
10 67
10 12
10 61
10 84
11 65
11 39
11 37
11 23
11 97
11 70
11 40
12 77
12 40
12 47
12 39
12 51
12 98
12 66
12 53
12 83
13 26
13 37
13 70
13 83
13 82
13 41
13 67
13 60
13 99
14 20
14 15
14 45
14 19
14 49
14 22
14 62
14 26
14 93
14 32
15 49
15 93
15 73
15 83
15 85
15 59
15 68
16 19
16 63
16 34
16 99
16 46
16 19
16 69
16 79
16 40
17 46
17 54
17 23
17 87
17 98
17 75
17 99
17 51
18 73
18 46
19 66
19 77
19 32
19 71
19 36
19 38
19 76
19 35
19 27
19 20
20 34
20 56
20 96
20 35
20 83
20 54
20 55
20 42
20 75
20 58
20 60
20 33
21 99
21 82
21 68
21 73
21 84
21 72
21 60
22 57
22 91
22 68
22 81
22 48
22 49
22 25
23 36
23 43
23 70
23 82
23 30
23 84
24 82
24 54
24 95
24 46
24 75
24 67
24 66
24 91
24 74
24 85
25 93
25 72
25 62
25 70
25 68
25 98
25 53
26 81
26 86
26 93
26 71
26 47
26 42
26 99
27 64
27 80
27 79
27 37
28 37
28 70
28 79
28 48
28 64
28 56
28 50
28 52
29 98
29 98
29 37
29 71
29 63
29 96
29 94
29 39
29 38
29 40
30 54
30 35
30 35
30 77
30 75
30 72
30 61
30 81
30 79
30 82
30 78
30 66
31 93
31 92
31 51
31 69
31 60
31 71
32 98
32 83
32 39
32 66
32 95
32 88
32 35
32 79
32 80
33 79
33 50
33 83
33 66
33 39
33 52
33 54
33 39
33 90
33 50
33 84
34 47
34 87
34 58
34 50
34 70
34 40
35 64
35 85
35 70
35 97
35 66
35 69
36 66
36 79
36 60
36 92
36 54
36 73
37 97
37 75
38 86
38 62
38 42
38 39
38 91
38 65
38 74
39 43
39 79
39 85
39 50
40 76
40 62
40 61
40 89
40 64
41 54
41 62
41 72
41 77
41 55
41 61
42 77
42 98
42 87
42 57
42 77
42 49
42 82
43 71
43 77
43 49
43 82
43 58
43 57
43 84
44 86
44 94
44 69
44 88
44 53
44 54
44 74
44 81
45 60
45 74
46 92
46 93
46 60
46 84
46 90
46 49
46 77
47 69
47 99
47 99
47 61
47 94
47 71
47 72
47 60
48 89
48 63
49 57
49 75
49 95
50 68
50 53
50 79
51 64
51 78
51 59
51 74
52 60
53 81
53 82
54 81
54 59
55 82
55 88
55 56
55 91
55 95
55 81
56 69
56 59
56 94
56 73
56 81
57 83
57 76
57 61
57 59
57 60
57 61
58 71
58 77
58 94
59 69
59 85
59 63
59 76
59 97
60 63
61 78
61 80
61 88
62 86
63 73
63 82
63 68
63 90
64 87
64 68
65 86
65 74
65 79
65 85
65 98
66 88
66 85
66 76
66 89
66 91
66 77
66 88
67 90
67 95
67 73
68 79
68 87
68 69
69 72
69 89
71 83
71 80
71 82
72 79
73 93
73 90
73 84
74 82
75 76
75 93
75 97
76 86
76 92
77 78
77 88
77 83
77 82
78 93
79 86
79 97
79 93
79 83
80 90
81 91
83 87
84 92
85 88
85 95
86 93
87 99
87 96
88 95
90 95
90 97
91 99
94 96
97 99
