0 95
0 83
0 81
0 45
0 63
0 40
0 17
0 95
0 82
1 33
1 46
1 6
1 91
1 85
1 80
1 99
1 99
1 83
1 63
2 83
2 77
2 40
2 81
2 70
2 28
2 62
2 64
2 36
3 81
3 68
3 47
3 21
3 65
3 43
3 80
3 82
4 96
4 52
4 72
4 29
4 51
4 75
4 73
4 51
5 42
5 83
5 18
5 77
5 28
5 66
5 43
5 87
5 88
6 67
6 46
6 14
6 56
6 9
6 39
6 77
7 30
7 66
7 38
7 80
7 44
7 19
7 12
7 99
7 82
8 51
8 48
8 77
8 49
8 58
8 36
8 88
8 45
8 79
8 60
8 96
9 82
9 64
9 71
9 59
9 74
9 36
9 90
9 10
9 47
9 73
9 26
9 50
9 79
9 76
10 80
10 80
10 16
10 87
10 43
10 66
10 16
10 50
11 76
11 74
11 79
11 37
11 14
11 92
11 98
11 74
11 32
11 13
12 42
12 48
12 81
12 39
13 79
13 30
13 23
14 84
14 52
14 78
14 53
14 23
14 49
15 53
15 35
15 55
15 87
15 65
15 31
15 35
16 25
16 86
16 68
16 84
16 35
16 34
16 47
16 96
16 96
17 47
17 38
17 27
17 30
17 52
17 21
17 91
17 57
17 38
17 99
17 31
17 31
17 89
17 90
18 80
18 86
18 48
18 76
18 31
18 40
18 21
18 80
19 87
19 44
19 82
19 40
19 46
19 56
19 32
19 73
19 68
19 22
20 22
20 92
20 23
20 21
20 87
20 73
20 38
21 69
21 72
21 31
21 97
21 30
21 37
21 75
21 43
21 99
21 50
21 30
21 41
22 95
22 33
22 65
22 68
22 76
22 58
22 57
22 28
22 55
22 43
23 30
23 85
23 90
23 81
23 62
23 40
23 91
23 71
23 37
24 85
24 98
24 67
24 44
25 76
25 53
25 98
25 73
26 45
26 36
26 49
26 95
26 27
26 66
26 44
26 61
27 86
27 42
27 97
27 82
27 80
27 49
27 96
27 43
28 59
28 37
28 61
28 35
28 62
28 93
29 33
29 74
29 71
29 78
29 50
29 47
29 79
29 65
29 46
29 37
29 71
29 81
29 73
30 65
30 73
30 67
30 69
30 63
30 48
31 76
31 96
31 67
31 61
31 54
31 99
31 54
32 71
32 61
32 92
32 81
32 94
32 38
32 38
33 57
33 87
33 61
33 74
33 64
33 39
33 81
33 64
34 80
34 94
34 62
34 54
34 76
34 40
34 52
35 53
35 81
35 56
35 68
35 91
35 50
35 37
35 73
35 66
36 79
36 51
36 79
36 98
36 39
36 59
36 66
36 47
37 90
37 45
37 59
37 66
37 85
37 98
37 91
37 45
37 59
37 46
38 56
38 75
38 92
38 96
38 98
39 82
39 96
39 62
39 81
39 53
40 49
40 77
40 47
40 79
40 61
40 70
40 88
40 74
40 53
40 89
41 97
41 58
41 57
41 56
41 64
42 68
42 86
43 59
43 70
43 51
43 94
43 76
43 94
43 55
43 49
43 88
43 79
44 74
44 84
44 88
44 77
44 69
44 55
44 96
45 61
45 59
45 90
45 69
45 59
46 83
46 57
46 63
46 66
47 91
47 54
47 78
47 98
48 51
48 82
48 67
48 79
48 50
48 90
48 60
49 62
49 69
49 94
49 78
50 62
50 64
50 74
50 98
50 86
50 63
51 64
51 58
51 76
51 89
51 92
52 68
52 96
52 71
53 88
53 78
53 71
53 97
53 88
54 58
54 97
54 88
54 97
54 78
54 90
54 63
54 64
55 67
55 58
55 87
56 80
57 58
57 64
57 95
57 89
58 91
58 90
58 80
58 85
58 83
59 76
59 98
59 92
59 87
60 84
60 82
60 64
60 68
60 62
60 84
60 82
61 69
61 89
62 72
62 96
62 88
62 65
63 83
63 97
63 89
63 75
63 90
64 92
64 73
64 70
65 98
65 84
65 83
66 74
67 70
68 77
68 83
68 94
68 89
69 81
69 86
70 75
71 76
71 79
72 89
72 75
73 86
73 88
75 88
75 94
76 88
76 95
76 94
76 89
76 86
77 85
77 95
77 95
77 85
77 88
77 94
78 98
78 87
78 97
79 90
80 87
80 87
80 87
80 82
81 92
82 86
83 94
83 86
84 92
85 98
85 95
85 97
88 92
89 93
90 96
92 93
