0 91
0 27
0 57
0 65
0 35
0 10
0 60
0 94
0 17
0 57
0 25
1 18
1 96
1 54
1 7
1 73
1 92
1 67
1 91
1 9
1 33
1 71
1 87
2 28
2 22
2 88
2 26
2 53
2 3
2 43
2 19
2 31
2 50
3 29
3 78
3 41
3 65
3 19
3 16
4 77
4 89
4 14
4 29
4 95
4 36
4 98
4 80
4 62
4 47
4 68
4 56
5 54
5 86
5 8
5 86
5 28
5 85
5 71
6 87
6 66
6 26
6 65
6 79
6 36
6 85
6 69
6 30
7 69
7 64
7 70
7 38
8 59
8 65
8 28
8 28
8 31
8 42
8 25
8 55
8 29
8 99
8 47
9 83
9 21
9 34
9 77
9 14
9 60
9 98
9 24
10 49
10 26
10 45
10 44
10 41
10 35
10 31
10 15
10 99
11 18
11 32
11 72
11 84
11 53
11 92
11 58
11 84
11 12
11 87
11 25
11 71
11 23
11 68
11 35
12 22
12 22
12 73
12 53
13 18
13 14
13 63
13 66
13 16
13 17
13 17
13 86
13 31
13 32
14 41
14 64
14 85
14 93
14 76
14 62
14 99
14 48
14 18
14 55
14 85
14 74
15 78
15 69
15 42
15 73
15 57
15 51
15 92
15 22
15 30
15 77
15 69
15 95
16 83
16 55
16 52
16 40
16 22
16 93
16 17
16 48
16 98
16 29
17 36
17 86
17 72
17 18
17 67
17 52
17 33
18 94
18 52
19 82
19 97
19 77
19 33
19 75
19 66
19 34
19 78
19 36
19 37
19 23
19 47
19 71
20 65
20 93
20 87
20 38
21 26
21 29
21 40
21 39
21 44
22 38
22 52
22 65
22 92
22 49
23 42
23 39
23 82
23 34
23 66
23 60
24 73
24 58
24 33
24 35
24 39
24 36
24 66
24 54
24 84
24 48
25 29
25 61
25 28
25 48
25 47
25 89
25 89
26 50
26 52
26 93
26 98
26 51
26 41
26 36
26 48
27 92
27 43
27 92
27 43
28 53
28 99
28 69
28 39
28 70
29 30
29 87
29 91
29 57
29 57
29 33
30 45
30 33
30 99
30 68
30 82
30 87
30 95
30 61
31 68
31 95
31 50
31 46
31 87
31 56
31 87
31 99
31 66
32 78
32 80
32 45
32 72
32 49
32 64
32 60
32 87
32 89
33 80
33 98
33 74
33 57
33 80
33 99
33 54
34 92
34 38
34 49
34 53
34 54
34 42
35 96
35 66
35 99
35 94
35 52
35 89
35 78
36 65
36 49
36 89
36 53
36 88
36 47
36 72
36 66
37 72
37 80
37 92
37 93
37 86
37 61
37 51
37 92
38 48
38 93
38 87
38 40
38 39
39 69
39 87
39 57
39 58
39 60
39 75
39 73
40 50
40 45
40 71
40 92
40 47
40 52
40 68
40 94
40 92
40 95
41 97
41 85
41 76
42 93
42 65
42 48
42 47
42 86
42 53
42 60
42 73
43 55
43 90
43 87
43 77
43 86
43 63
43 76
43 45
44 45
44 62
44 66
44 79
44 79
44 82
44 69
44 78
44 59
44 63
45 67
45 80
45 53
45 74
46 62
46 72
46 82
46 67
46 79
47 99
47 55
47 67
48 62
48 86
48 68
48 81
49 73
49 92
49 55
49 80
49 84
49 92
50 76
50 60
50 55
50 54
50 93
51 83
51 59
51 74
51 64
51 76
52 66
52 81
52 88
52 59
52 71
52 94
53 58
53 85
53 99
53 66
53 58
53 80
53 64
54 73
55 62
55 72
55 84
55 62
56 78
56 64
57 58
57 74
57 86
57 61
57 77
58 64
58 77
58 66
58 82
59 60
59 61
59 74
59 82
60 75
60 79
60 82
60 79
60 67
61 63
61 83
61 85
61 77
61 98
61 71
62 90
62 82
63 64
63 78
63 64
64 98
64 83
65 82
65 73
65 67
66 90
66 76
66 91
66 81
67 89
67 79
67 68
67 88
69 94
69 82
69 70
69 76
69 89
69 89
69 88
70 86
71 88
71 73
71 74
71 77
72 83
72 76
72 73
72 85
73 76
73 84
74 99
74 92
75 80
75 95
75 77
76 83
78 96
78 87
78 98
81 90
81 92
83 98
84 95
84 89
84 85
86 94
86 98
87 88
88 94
88 89
90 94
90 94
90 92
90 96
90 92
91 94
92 99
92 96
94 96
94 96
98 99
