0 55
0 62
0 2
0 74
0 5
0 93
0 61
0 77
0 71
1 85
1 31
1 12
1 20
1 79
1 94
1 81
1 44
1 21
1 75
1 96
2 70
2 70
2 45
2 20
2 81
2 80
2 40
2 40
2 4
2 65
3 31
3 26
3 75
3 34
3 93
3 87
3 57
3 39
3 13
3 75
4 75
4 91
4 89
4 54
4 51
4 90
4 61
4 75
4 99
4 80
5 99
5 53
5 27
5 88
5 46
6 22
6 47
6 59
6 75
6 84
6 87
6 77
6 81
7 18
7 12
7 40
7 50
7 64
7 72
7 91
7 32
7 49
7 85
7 20
7 11
7 99
7 21
8 77
8 38
8 68
8 38
8 13
8 55
8 33
9 45
9 34
9 45
9 85
9 28
10 80
10 98
10 50
10 57
10 60
10 16
11 32
11 59
11 49
11 80
11 42
11 69
11 44
11 59
11 23
11 35
11 18
11 60
11 88
12 56
12 85
12 46
12 36
12 41
13 67
13 44
13 66
13 47
13 40
13 17
14 60
14 71
14 36
14 82
14 87
14 74
14 27
14 59
14 88
14 20
15 30
15 87
15 68
15 92
15 63
15 98
16 21
16 40
16 24
16 18
16 37
16 64
16 62
16 76
16 91
16 26
16 57
16 62
16 86
17 99
17 44
17 45
17 98
17 76
17 28
17 68
17 58
17 50
17 58
17 19
17 81
18 46
18 90
18 31
18 34
18 68
18 93
18 79
18 22
18 21
18 38
18 41
18 77
18 72
18 37
19 59
19 25
19 99
19 33
19 68
19 75
19 77
20 92
20 65
20 65
20 77
20 23
20 77
20 73
20 61
20 73
20 85
20 26
21 91
21 40
21 57
21 65
21 30
21 54
21 44
21 64
21 40
21 50
21 51
21 52
22 43
22 83
22 29
22 79
22 91
22 67
22 83
23 86
23 72
23 85
23 91
23 31
23 76
23 42
23 38
23 62
23 27
24 83
24 34
24 94
24 40
24 38
24 47
24 76
24 66
24 45
24 34
24 73
24 79
24 44
24 67
25 26
25 89
25 45
25 69
25 28
25 85
25 40
26 79
26 61
26 65
26 28
26 65
26 88
26 63
26 98
26 91
26 52
27 73
27 53
27 61
27 42
27 49
27 51
27 91
27 45
27 54
28 35
28 59
28 74
28 97
28 66
28 77
28 47
28 44
28 30
29 92
29 62
29 50
29 35
30 77
30 83
30 82
30 82
31 64
31 81
31 49
32 56
32 96
32 61
32 48
32 37
32 70
33 99
33 39
33 94
33 87
33 67
33 38
33 72
34 93
34 43
34 56
34 57
35 58
35 60
35 56
36 86
36 57
36 58
36 42
36 51
36 43
36 39
36 85
36 91
37 93
37 99
37 88
38 44
38 46
38 46
38 84
38 85
38 81
38 56
39 96
39 80
39 48
40 44
40 45
41 86
41 83
41 77
41 74
41 92
41 90
41 85
42 84
42 93
42 47
42 65
42 80
42 99
43 74
43 71
43 88
43 54
43 69
43 91
43 57
43 84
43 52
44 85
44 94
44 85
44 52
44 85
44 50
44 71
44 46
44 59
44 81
45 72
45 54
45 88
45 50
45 75
45 80
45 52
46 48
46 75
46 86
46 69
46 94
46 62
46 66
47 50
47 90
47 85
48 97
48 88
48 59
48 81
49 52
49 67
49 64
49 59
49 74
49 59
50 84
50 74
50 84
50 90
50 51
50 63
51 62
51 75
51 52
51 86
51 74
51 55
51 66
51 89
52 97
52 90
52 58
53 68
53 69
53 59
54 99
54 59
55 74
55 99
55 66
56 85
56 94
56 65
56 94
57 80
57 59
57 98
57 64
57 95
57 66
58 96
58 79
58 67
58 71
58 69
58 76
59 83
59 89
60 76
60 65
61 77
61 94
61 79
61 99
61 64
62 92
62 91
62 86
62 96
62 81
63 93
63 86
63 71
64 99
64 72
64 81
64 83
64 87
65 75
65 98
65 95
65 85
65 66
65 99
65 85
66 86
66 89
66 79
66 83
66 86
67 98
67 83
67 77
68 96
68 95
68 91
69 87
69 80
70 76
70 83
70 75
71 79
71 77
71 88
71 79
72 99
72 93
72 86
73 86
74 92
75 86
76 93
76 96
77 96
77 82
78 92
78 99
79 87
81 88
81 93
84 93
85 97
85 99
86 94
86 97
89 94
90 91
90 93
94 99
94 97
97 99
