0 45
0 29
0 27
0 35
0 45
0 53
0 95
1 48
1 90
1 63
1 98
1 37
1 96
1 35
1 7
1 77
1 40
1 52
1 31
2 56
2 18
2 41
2 60
2 49
2 73
2 20
3 17
3 80
3 77
3 85
3 16
3 67
3 68
3 50
4 90
4 7
4 48
4 46
4 97
4 50
4 97
5 40
5 60
5 90
5 53
5 64
5 55
5 83
5 95
5 23
5 40
5 91
6 7
6 75
6 20
6 79
6 55
6 24
6 26
6 7
7 42
7 31
7 47
8 22
8 17
8 15
8 84
8 77
8 78
8 36
9 46
9 69
9 29
9 65
9 55
9 67
9 44
9 71
10 65
10 83
10 12
10 67
10 21
10 91
10 93
10 40
10 69
10 86
10 57
11 30
11 98
11 36
11 82
11 74
11 65
11 62
11 24
11 88
11 47
11 56
11 17
12 79
12 80
12 69
12 51
12 59
12 90
12 97
12 87
12 59
12 32
12 40
13 83
13 41
13 94
13 52
14 15
14 19
14 88
14 76
14 53
14 26
14 17
14 74
14 31
14 60
15 52
15 48
15 56
15 69
15 25
15 94
16 49
16 84
16 82
16 74
16 70
16 97
17 44
17 24
17 98
17 37
18 60
18 30
18 65
18 34
18 23
18 19
18 87
18 42
18 66
19 37
19 39
19 24
19 81
19 45
19 83
19 21
19 59
19 46
20 46
20 78
20 93
21 58
21 61
21 34
21 80
22 70
22 70
22 53
22 86
22 38
22 54
22 59
22 89
22 76
22 38
22 42
23 39
23 87
23 48
23 44
23 61
23 52
23 55
23 53
23 41
23 66
24 93
24 32
24 87
24 82
24 71
24 28
24 37
24 72
25 34
25 37
25 34
25 83
26 90
26 82
26 58
26 38
26 53
26 49
26 89
26 67
26 53
27 59
27 54
27 83
27 75
27 72
27 54
27 81
28 60
28 61
28 90
28 52
28 92
28 60
28 94
29 70
29 78
29 41
29 86
29 71
29 76
29 38
29 67
30 67
30 32
30 57
30 70
30 51
30 52
30 51
30 48
31 95
31 67
31 95
31 66
31 97
31 37
31 97
32 78
32 87
32 47
32 50
32 37
32 77
33 77
33 38
33 42
33 95
33 60
33 35
34 50
34 45
34 60
34 67
34 98
34 90
34 68
34 63
34 94
34 58
35 62
35 68
35 38
35 81
35 57
35 57
35 80
35 57
35 38
35 44
36 53
36 95
36 39
36 54
36 82
37 55
37 68
37 97
37 86
37 59
37 77
37 81
37 46
37 76
37 81
37 80
38 92
38 70
38 75
38 44
38 51
38 90
38 77
38 56
38 91
39 45
39 47
39 97
39 76
39 51
39 97
40 70
40 70
41 76
41 70
41 51
41 95
42 68
42 91
42 99
42 91
43 68
43 83
43 94
43 96
43 98
43 81
44 74
44 99
44 93
44 88
44 79
45 93
45 67
45 57
45 87
45 64
45 97
46 62
46 84
46 53
46 67
46 50
47 75
47 54
47 85
47 73
47 88
47 64
47 82
48 84
48 88
48 70
48 90
48 97
49 85
49 61
49 88
50 60
50 74
50 63
50 95
50 64
50 76
50 99
50 82
51 73
51 66
51 66
51 95
52 98
52 86
52 71
53 66
53 70
53 62
53 77
53 68
53 97
54 65
54 55
54 55
54 61
54 93
54 63
55 64
55 76
55 97
55 79
56 67
56 65
56 69
56 57
56 63
56 74
56 67
56 99
56 65
57 86
57 78
58 63
58 93
58 85
58 59
59 89
59 96
60 84
60 97
60 98
60 86
60 77
61 72
61 84
61 94
61 96
61 95
61 93
62 90
62 99
62 84
62 89
62 81
62 89
62 93
62 74
63 97
63 91
63 88
63 67
64 75
64 76
65 75
66 88
66 75
67 91
67 86
67 84
67 83
68 69
68 81
69 81
69 77
69 72
70 84
70 90
71 92
71 90
72 77
72 74
72 94
72 94
73 79
73 80
73 95
73 95
74 92
74 75
74 88
74 77
74 99
74 86
75 96
75 84
75 90
75 80
75 85
75 93
76 96
76 78
76 81
77 93
77 95
78 93
78 93
78 95
78 82
78 81
78 95
79 84
79 86
80 91
81 91
81 88
81 86
82 86
82 86
82 86
82 99
83 90
83 89
84 92
85 97
85 98
85 87
86 90
87 94
87 88
87 90
87 95
88 93
89 95
91 92
