0 18
0 79
0 20
0 70
0 64
0 50
0 74
0 17
1 44
1 67
1 70
1 63
1 97
1 33
1 19
1 10
1 42
1 44
1 21
2 45
2 98
2 50
2 63
2 75
2 81
2 20
2 40
2 18
2 70
2 32
2 65
3 32
3 25
3 67
3 71
3 7
3 77
3 36
3 64
3 58
3 60
3 12
3 7
3 22
3 60
3 29
4 58
4 35
4 18
4 59
4 53
4 53
4 81
4 55
4 88
4 9
4 78
4 96
5 69
5 8
5 50
5 36
5 21
5 73
5 26
5 20
6 43
6 34
6 13
6 59
6 48
6 75
6 85
6 86
6 92
6 58
7 49
7 11
7 83
7 25
7 26
7 64
7 88
8 38
8 90
8 78
8 26
8 32
8 20
8 44
8 13
8 11
9 86
9 88
9 49
9 65
9 79
9 96
9 78
9 64
9 97
10 95
10 76
10 28
10 16
10 32
10 24
10 67
10 18
10 20
11 18
11 92
11 18
11 14
11 27
11 21
11 19
11 18
11 28
12 62
12 27
12 96
12 41
12 46
12 35
13 28
13 64
13 86
13 53
13 97
13 80
13 77
13 70
13 43
13 20
13 61
14 84
14 34
14 25
14 67
14 21
14 21
14 58
15 25
15 75
15 54
15 74
15 95
15 35
15 74
15 31
15 47
15 41
15 70
15 34
15 28
15 99
15 86
16 80
16 87
16 51
16 27
16 50
16 22
17 76
17 24
17 78
17 28
17 65
17 43
18 64
18 29
18 94
18 86
18 54
19 24
19 91
19 44
19 91
19 43
19 23
19 51
19 40
19 57
19 52
19 98
20 81
20 50
20 41
20 44
20 59
21 63
21 54
21 74
21 24
21 53
21 73
21 39
22 42
22 58
22 89
22 77
23 54
23 27
23 38
23 38
23 80
23 43
23 48
24 88
24 85
24 84
24 65
24 77
24 62
24 77
24 79
24 81
24 58
24 51
24 79
25 68
25 83
25 44
25 67
25 79
25 94
26 53
26 78
26 47
26 48
26 71
26 27
26 65
26 51
26 98
26 90
27 70
27 57
27 77
27 95
27 69
27 60
27 92
28 62
28 33
28 65
28 36
28 55
28 43
28 84
28 51
29 53
29 30
29 61
29 87
29 70
29 49
29 33
29 72
30 49
30 82
30 97
30 39
30 77
30 52
30 83
31 86
31 67
31 44
31 52
31 70
31 43
31 65
31 84
32 69
32 46
33 50
33 48
33 66
33 98
34 47
34 53
34 75
34 74
34 52
34 44
34 62
35 43
35 64
35 91
35 82
35 77
35 55
35 65
35 37
35 91
35 66
36 54
36 75
36 65
36 71
36 88
36 64
36 48
36 91
36 48
36 77
37 70
37 39
37 79
37 84
37 43
37 47
37 54
38 41
38 81
38 53
38 58
39 98
39 93
39 53
39 96
39 77
39 93
40 67
40 71
40 71
40 41
40 54
40 86
40 70
40 66
40 44
40 81
41 82
41 86
41 94
41 89
41 83
41 67
41 84
41 97
41 68
41 95
41 59
42 49
42 77
42 99
42 45
42 88
42 59
42 48
43 76
43 55
43 50
43 89
43 47
43 49
44 45
44 60
44 58
45 96
45 88
45 58
46 90
47 61
47 81
47 55
47 91
48 82
48 56
48 70
48 82
48 49
49 71
49 57
49 53
49 92
49 88
49 52
49 86
50 81
50 60
50 52
50 69
50 73
50 61
51 69
51 73
51 57
51 79
51 81
51 72
52 65
52 87
52 71
52 62
53 75
53 66
53 99
53 70
53 80
53 63
53 63
54 89
55 72
55 69
55 69
55 57
56 95
56 65
57 60
57 79
57 86
57 98
57 65
57 87
58 73
58 85
58 91
58 90
58 95
58 88
59 77
60 69
60 86
61 69
61 63
61 93
61 66
61 71
61 78
61 92
61 87
62 98
62 78
62 91
62 66
63 70
64 86
64 90
64 67
64 89
64 76
64 87
65 91
65 66
65 97
66 83
66 76
67 94
68 89
68 92
68 88
69 75
69 83
69 74
70 82
70 94
70 72
71 98
71 85
71 89
71 94
71 81
72 96
72 82
72 87
72 99
73 75
73 84
73 77
73 98
74 89
75 98
75 92
76 84
76 91
77 82
78 82
79 96
84 93
84 87
84 98
85 93
85 91
87 94
87 96
88 92
89 94
90 97
92 94
92 95
92 98
93 95
94 98
96 97
96 99
98 99
