0 97
0 61
0 38
0 46
0 14
0 17
0 26
0 5
0 10
0 41
1 63
1 49
1 85
1 82
1 67
1 45
1 73
1 17
1 60
1 27
1 61
1 25
1 37
2 9
2 73
2 70
2 12
2 26
2 47
2 69
2 80
2 81
2 32
3 92
3 66
3 18
3 45
3 45
3 18
3 55
3 68
3 44
3 58
3 77
3 38
3 50
4 72
4 75
4 64
4 98
4 83
4 58
4 92
4 23
4 52
4 5
4 59
5 52
5 94
5 53
5 66
5 77
5 74
5 70
5 29
5 22
5 21
5 45
6 90
6 92
6 11
6 71
6 77
6 99
6 91
6 93
6 53
6 87
6 11
6 57
7 45
7 55
7 24
7 89
7 75
7 64
7 28
7 38
7 80
7 13
8 22
8 85
8 36
8 59
8 35
8 51
9 99
9 69
9 66
9 49
9 53
9 56
9 27
9 70
9 56
9 17
9 59
9 95
9 52
10 56
10 67
10 70
10 22
10 74
10 29
10 96
10 38
10 53
11 14
11 60
11 94
11 84
11 49
11 27
11 69
11 57
12 21
12 13
12 76
12 13
12 58
12 89
13 20
13 51
13 75
13 60
13 85
13 69
13 23
14 97
14 22
14 82
14 60
14 95
14 35
15 34
15 50
15 91
15 16
15 58
15 79
15 62
15 48
15 56
15 68
15 69
15 72
15 87
15 50
16 29
16 37
16 23
16 42
16 34
16 77
16 59
16 82
16 52
17 66
17 24
17 43
17 54
17 30
17 44
17 36
17 63
17 95
18 83
18 43
18 98
18 39
18 40
18 41
18 73
19 26
19 54
19 37
19 44
19 36
19 45
19 49
20 46
20 54
20 25
20 66
20 97
21 47
21 93
21 39
21 41
21 38
21 73
21 67
21 98
21 54
21 33
22 64
22 97
22 36
22 39
22 42
22 95
22 98
22 89
22 47
22 25
22 33
22 74
22 94
23 53
23 34
23 67
23 40
23 87
23 32
23 84
24 99
24 76
24 25
24 41
24 53
24 98
25 92
25 72
26 63
26 82
26 29
26 66
26 52
27 79
27 28
27 68
27 54
27 91
27 48
27 70
27 50
27 79
28 45
28 82
28 75
29 63
29 78
29 95
29 76
29 39
30 71
30 57
30 74
30 74
30 59
30 98
30 52
30 46
30 89
30 37
31 41
31 58
31 70
31 54
32 34
32 72
32 40
32 85
32 47
32 57
32 69
32 88
32 64
32 99
33 40
33 56
33 82
33 96
33 56
34 91
34 44
34 85
34 61
35 93
35 59
35 44
35 65
35 72
35 78
35 73
35 84
35 53
35 88
35 52
36 52
36 88
36 88
37 85
37 48
37 51
37 72
37 64
37 50
37 59
38 46
38 57
38 86
38 77
38 68
38 79
38 51
39 82
39 99
39 53
40 63
40 47
40 77
41 54
41 51
41 59
41 59
41 96
41 57
41 89
42 60
42 58
42 76
42 68
43 75
43 65
43 76
43 92
43 63
43 79
43 61
44 51
44 84
44 57
44 45
44 84
44 75
44 91
44 98
44 69
44 99
45 64
45 47
46 73
46 65
46 60
46 56
46 98
46 93
46 51
46 87
46 57
46 92
46 88
47 79
47 81
47 55
47 93
47 80
47 94
48 56
49 70
49 67
49 58
49 81
49 91
49 65
49 59
49 73
49 75
49 99
50 95
50 62
50 71
50 93
50 52
50 92
51 64
51 73
51 77
51 64
51 91
52 74
52 90
52 85
52 90
53 93
53 56
53 84
53 67
53 69
53 87
53 77
53 72
53 74
54 84
54 98
54 77
54 89
54 55
54 67
54 82
55 66
55 60
55 82
55 90
55 76
55 93
56 97
57 89
57 91
57 90
57 89
58 68
58 77
58 84
59 94
59 67
59 71
60 94
60 81
60 95
60 82
61 84
61 74
61 90
61 71
61 84
61 88
62 95
62 76
62 91
62 76
63 97
63 68
63 77
64 76
64 87
64 74
64 95
65 66
65 66
66 91
66 82
67 86
67 69
67 78
67 87
67 82
68 72
68 79
68 95
69 89
69 80
69 77
69 94
70 78
70 99
71 76
71 97
71 76
72 76
72 95
72 88
73 84
74 94
74 83
75 94
75 84
76 95
76 93
77 87
78 92
78 98
80 88
80 90
81 91
81 83
81 93
83 95
84 85
85 97
85 95
85 88
86 95
86 99
87 96
87 96
89 98
91 95
