0 82
0 36
0 76
0 77
0 34
0 85
0 84
0 1
0 73
0 26
0 98
0 2
0 55
1 3
1 24
1 79
1 56
1 81
1 22
2 82
2 51
2 46
2 16
2 76
2 3
2 99
3 65
3 93
3 89
3 22
3 99
3 9
3 75
3 74
3 96
3 52
3 51
3 28
4 28
4 20
4 60
4 20
4 82
4 97
4 23
4 88
4 62
4 23
4 15
4 38
5 81
5 97
5 93
5 18
5 39
5 85
5 95
5 93
5 27
5 73
5 12
6 8
6 31
6 52
6 11
6 69
6 38
6 94
6 24
6 84
6 76
7 30
7 87
7 61
7 28
7 35
7 41
7 55
7 82
7 15
7 85
7 26
7 21
8 40
8 30
8 53
8 9
8 95
8 94
9 95
9 59
9 79
9 46
9 60
9 59
9 41
9 91
9 67
10 47
10 20
10 59
10 33
10 86
10 91
10 37
10 39
10 93
10 41
10 85
10 45
10 23
10 16
10 21
10 18
10 65
11 95
11 74
11 57
11 75
12 57
12 82
12 80
12 71
12 89
12 59
12 72
12 20
12 42
12 33
12 93
13 50
13 72
13 39
13 67
13 50
13 32
13 62
14 17
14 56
14 39
14 97
14 32
15 83
15 39
15 83
15 23
15 51
15 71
16 88
16 43
16 86
16 78
16 37
16 68
16 89
16 76
16 55
16 62
17 33
17 35
17 44
17 18
17 54
17 83
17 54
17 32
17 44
17 52
17 83
17 67
18 55
18 72
18 54
18 89
18 64
18 77
18 61
18 55
18 55
18 26
19 21
19 72
19 34
19 35
19 20
19 79
19 21
19 32
19 60
19 20
20 42
20 33
20 97
20 90
20 59
20 46
20 51
20 34
20 41
21 87
21 68
21 50
21 82
21 83
22 85
22 74
22 77
22 34
22 28
22 87
23 29
23 74
23 52
23 53
23 38
23 47
23 78
23 26
24 91
24 38
24 37
24 70
24 83
24 83
25 28
25 34
25 75
25 53
25 33
25 82
25 72
25 40
26 54
26 86
26 74
26 79
26 43
26 54
26 85
26 64
27 77
27 38
27 66
27 87
27 82
27 45
27 39
28 62
28 96
28 39
28 65
28 33
28 37
28 79
28 90
28 48
29 64
29 92
29 53
29 33
29 58
29 70
30 41
30 49
30 56
30 90
30 92
30 87
31 99
31 63
31 79
31 82
31 45
31 87
31 66
31 69
31 53
31 99
32 42
32 92
32 56
32 80
32 77
32 88
32 90
33 83
33 97
33 64
33 75
33 90
34 67
34 54
34 54
34 91
34 46
34 61
34 45
34 92
35 99
35 39
35 80
35 45
35 69
36 69
36 62
36 93
36 95
36 66
36 49
36 79
36 65
37 67
37 46
37 61
37 97
37 50
38 39
38 53
38 57
38 73
39 46
39 98
39 49
39 89
40 71
40 48
40 93
40 50
40 60
40 47
41 47
41 48
41 51
41 83
41 60
42 93
42 92
42 81
42 61
43 90
43 76
43 79
44 51
44 80
44 93
44 77
45 56
45 95
45 97
45 89
46 68
46 49
46 52
46 61
46 62
47 64
47 77
47 60
47 77
47 86
47 67
48 66
48 79
48 69
48 95
49 54
49 57
49 98
49 62
49 59
50 64
50 85
50 87
50 77
50 73
50 87
50 87
51 70
51 70
51 74
51 65
51 97
51 84
52 76
52 88
52 63
53 90
53 61
53 56
53 59
53 84
54 63
54 91
54 91
54 88
55 91
55 91
55 96
55 80
55 89
55 93
56 66
56 71
56 83
56 78
57 65
57 82
57 86
57 74
58 95
58 61
58 85
58 92
58 94
58 97
59 77
59 70
59 84
60 97
60 80
60 81
61 74
61 84
61 64
62 88
62 97
62 96
62 75
62 64
62 76
62 97
63 75
63 70
63 86
64 90
64 66
64 66
64 84
65 92
65 69
65 69
65 74
66 98
66 79
66 80
66 88
66 82
66 75
67 97
67 80
68 83
68 91
68 97
69 85
69 71
70 93
70 78
70 92
70 91
70 81
71 83
71 93
72 91
72 93
72 96
72 97
72 82
72 95
72 89
72 80
72 87
73 82
73 82
73 98
74 89
74 81
74 86
74 88
75 79
77 88
77 93
80 93
80 82
80 90
80 98
81 85
82 96
83 85
86 89
87 97
88 89
88 95
91 97
92 99
92 97
93 95
93 94
93 96
94 99
95 99
