0 52
0 83
0 18
0 62
0 4
0 26
0 57
0 60
0 69
0 3
1 44
1 2
1 80
1 96
1 77
1 52
1 33
1 72
1 22
1 72
1 92
2 8
2 96
2 22
2 78
2 43
2 17
2 98
2 93
3 28
3 52
3 97
3 87
3 48
4 91
4 53
4 99
4 31
4 96
4 78
4 10
4 10
4 36
4 95
5 88
5 52
5 47
5 9
5 45
5 20
5 30
5 41
5 41
5 44
5 75
6 20
6 95
6 50
6 82
7 98
7 90
7 79
7 62
7 12
7 11
7 43
7 37
7 15
8 56
8 20
8 69
8 54
8 87
8 96
8 14
9 64
9 32
9 98
9 18
9 20
9 34
9 55
9 47
9 10
9 79
9 19
9 36
10 17
10 63
10 66
10 59
10 16
10 24
10 59
10 89
10 48
10 72
10 51
10 49
10 51
11 35
11 26
11 13
11 21
11 17
11 19
11 84
12 15
12 62
12 32
12 78
12 96
12 33
12 32
12 42
12 23
12 92
12 17
12 32
12 99
13 46
13 37
13 68
13 16
13 84
13 68
13 72
13 37
13 33
13 30
13 65
13 18
13 63
13 97
13 52
14 28
14 92
14 68
14 31
14 34
14 86
14 89
14 68
15 48
15 31
15 49
15 23
15 77
15 81
16 96
16 51
16 30
16 94
16 45
16 22
17 83
17 57
17 36
17 51
17 67
17 81
17 81
17 53
18 78
18 46
18 45
18 39
18 77
19 68
19 24
19 54
19 84
19 87
20 42
20 21
20 53
20 74
20 94
20 60
20 21
20 95
20 98
20 34
20 31
21 49
21 23
21 38
22 78
22 55
22 46
22 80
22 23
22 64
22 28
22 80
22 76
22 79
23 99
23 81
23 39
23 67
23 59
23 40
23 58
23 77
23 41
23 32
23 84
23 38
24 93
24 50
24 64
24 30
24 51
25 50
25 63
25 57
25 53
25 46
26 29
26 79
26 64
26 86
26 89
26 74
26 80
27 79
27 91
27 36
27 98
27 94
27 68
27 61
28 50
28 42
28 88
28 91
28 84
29 92
29 87
29 63
29 74
30 56
30 75
30 63
30 77
30 59
30 90
30 37
31 62
31 50
31 92
31 33
31 70
32 44
32 47
32 77
32 59
32 97
32 61
32 61
32 78
32 98
33 72
33 93
33 94
33 44
33 91
33 49
33 90
33 65
33 52
33 63
34 43
34 74
34 52
35 63
35 37
35 53
35 71
35 83
35 90
35 76
35 97
35 84
35 37
36 68
36 38
36 72
36 75
36 59
37 85
37 83
37 38
37 60
37 96
37 56
37 43
38 70
38 60
38 48
38 68
38 40
39 89
39 84
39 59
39 93
39 62
39 96
39 72
40 75
40 79
40 70
40 83
40 89
40 79
40 87
40 98
41 46
41 61
41 90
41 47
41 71
41 88
41 70
42 47
42 60
42 64
42 48
42 85
43 98
43 44
43 58
43 91
43 72
43 83
43 45
43 77
43 62
43 92
43 44
44 82
44 59
44 81
44 93
44 63
44 47
45 68
45 96
45 89
46 82
46 74
46 76
46 71
46 56
47 89
47 65
47 82
47 49
47 94
47 54
47 56
48 90
48 58
48 51
48 66
49 53
49 55
49 50
49 69
49 65
49 50
50 77
50 70
50 89
51 66
51 61
51 53
51 52
52 77
52 81
53 63
53 90
53 56
53 77
53 55
53 95
53 73
53 78
54 92
55 92
55 56
55 78
55 74
55 84
56 62
56 64
56 91
56 86
57 80
57 92
57 64
58 76
58 90
58 76
58 89
58 70
59 82
59 88
59 93
59 80
59 99
59 60
59 98
59 94
60 90
60 72
60 73
60 61
60 71
60 79
60 68
61 64
61 65
61 70
62 78
62 94
63 98
63 89
63 91
63 88
63 76
63 72
63 87
64 72
64 93
64 75
64 73
64 82
65 94
66 81
66 94
66 69
66 93
66 96
66 83
66 87
67 84
67 71
67 68
67 91
67 71
67 91
68 93
68 84
68 74
69 76
69 99
69 74
69 85
70 93
70 86
71 79
71 85
71 99
71 75
71 88
72 80
72 88
73 77
73 87
74 99
74 99
75 93
75 97
75 96
76 95
76 77
76 80
76 89
77 90
77 79
78 98
79 84
79 86
81 93
83 98
84 90
84 92
85 97
85 92
85 98
85 98
86 89
88 96
90 96
91 95
92 95
94 99
95 98
