0 31
0 18
0 32
0 10
0 68
0 24
0 65
0 28
0 98
0 42
0 60
0 94
1 95
1 87
1 42
1 85
1 23
1 8
1 28
1 82
1 54
1 94
1 26
2 54
2 16
2 29
2 18
2 36
2 7
2 80
3 92
3 68
3 91
3 97
3 29
3 98
3 20
3 87
3 71
4 22
4 79
4 66
4 87
4 77
4 63
4 24
4 61
5 73
5 22
5 23
5 63
5 87
5 53
5 75
5 7
5 12
5 78
5 61
6 65
6 81
6 62
6 44
6 95
6 10
6 90
7 11
7 38
7 62
7 63
7 23
7 69
7 59
7 84
7 72
8 87
8 22
8 61
8 94
8 83
8 28
8 86
8 67
8 67
8 23
8 96
8 94
8 63
9 57
9 87
9 16
9 87
9 42
9 61
9 62
9 79
9 94
9 80
9 83
9 57
9 46
9 99
9 76
9 37
10 65
10 22
10 49
10 16
10 58
10 69
10 64
10 74
10 95
11 16
11 32
11 68
11 70
12 35
12 99
12 54
12 99
12 78
12 73
12 41
12 20
13 26
13 74
13 89
13 89
13 21
13 35
13 35
13 14
13 22
13 22
14 18
14 75
14 15
14 32
14 75
14 75
14 46
14 23
14 32
14 29
14 24
15 52
15 21
15 24
15 93
15 48
15 39
16 99
16 68
16 48
16 83
16 94
16 43
16 53
17 42
17 40
17 76
17 62
17 88
17 72
17 59
18 81
18 23
18 98
18 22
18 99
18 63
18 31
18 26
18 19
19 64
19 41
19 22
19 62
19 81
19 42
19 23
20 74
20 51
20 69
20 62
20 75
20 43
20 78
20 99
20 29
20 33
20 76
20 30
21 44
21 42
21 83
21 73
21 50
21 33
21 35
22 83
22 99
22 37
22 49
22 51
22 70
22 79
22 46
22 77
22 86
22 66
22 92
23 65
23 70
23 51
23 32
23 74
23 56
23 61
23 77
24 25
24 63
24 56
24 57
24 72
24 80
25 83
25 89
25 98
25 64
25 99
25 57
25 64
25 91
25 65
26 62
26 54
26 96
26 74
26 62
26 53
26 54
26 54
26 77
26 96
27 98
27 34
27 96
27 37
27 75
28 73
28 65
28 43
28 99
28 35
28 82
28 71
29 62
29 99
29 44
29 90
29 46
29 64
30 46
30 71
30 47
30 56
30 48
30 52
30 39
30 62
31 47
31 90
31 60
31 50
31 96
31 66
31 86
31 52
32 99
32 47
32 58
32 43
32 63
32 53
32 65
32 58
33 37
33 90
33 55
33 79
33 38
33 39
34 85
34 43
34 50
34 67
35 40
35 53
35 80
35 89
35 52
35 40
36 61
36 62
37 61
37 78
37 50
37 48
37 60
37 98
37 69
37 84
37 88
38 45
38 46
38 39
38 99
38 59
38 51
38 56
39 64
39 62
39 95
39 88
39 49
39 68
39 99
39 69
39 79
39 58
40 78
40 60
40 67
40 92
41 96
41 82
41 78
41 55
41 75
41 97
41 60
41 72
42 84
42 98
42 64
42 58
43 70
43 87
43 52
43 62
44 54
44 46
44 62
44 73
44 76
45 84
45 65
45 88
46 79
46 92
46 85
46 63
46 98
47 75
47 97
47 70
47 77
48 82
48 98
49 98
49 51
49 87
50 68
50 83
50 84
50 67
50 76
51 65
51 74
51 94
51 96
51 90
51 60
51 59
52 70
52 93
52 99
52 85
52 95
52 97
52 72
52 75
53 94
53 57
53 60
53 60
53 76
53 97
54 95
54 69
54 66
54 77
54 85
54 79
54 73
54 82
55 66
55 76
56 96
57 92
57 87
57 73
57 83
57 93
58 66
58 62
58 90
58 86
59 67
59 79
60 80
60 98
61 65
61 70
62 83
62 64
62 84
63 69
63 97
64 76
64 74
64 66
64 67
64 75
64 84
65 93
65 71
65 71
66 92
66 86
66 86
66 83
67 81
67 80
67 79
67 79
68 91
68 82
68 78
69 81
69 84
70 99
70 71
71 83
71 74
71 78
71 76
72 88
72 81
72 90
73 79
73 89
73 82
73 89
74 76
74 89
75 85
75 87
76 81
76 90
76 92
77 83
77 90
77 86
77 78
78 84
78 82
78 92
78 82
79 83
79 91
79 80
80 86
81 93
82 92
82 98
83 97
83 86
84 87
84 88
84 97
84 89
87 93
88 99
89 90
89 97
91 95
94 99
95 96
