0 76
0 26
0 89
0 1
0 18
0 43
0 55
0 50
0 63
0 79
0 86
1 15
1 21
1 93
2 32
2 7
2 71
2 56
2 19
2 89
2 68
2 14
2 57
2 61
2 16
3 87
3 80
3 26
3 90
3 59
3 62
3 27
3 94
3 43
3 90
3 75
3 19
4 15
4 80
4 88
4 78
4 50
4 94
4 25
4 64
5 56
5 57
5 42
5 68
5 27
5 33
5 86
5 21
5 93
5 53
5 41
5 61
5 57
6 12
6 94
6 41
6 52
6 62
6 33
6 40
6 72
6 20
6 19
6 40
6 97
6 98
6 55
6 85
7 79
7 49
7 62
7 43
7 97
7 84
7 82
7 79
7 71
7 44
7 8
7 29
7 62
7 19
7 69
7 73
7 81
8 97
8 66
8 60
8 13
8 54
8 71
8 43
8 42
9 74
9 63
9 84
9 83
9 17
9 80
9 45
9 21
9 84
9 75
9 83
9 95
9 16
9 73
9 64
10 61
10 82
10 27
10 11
10 89
10 47
10 58
10 72
10 38
10 58
11 71
11 36
11 19
11 26
11 83
11 12
11 36
11 52
12 49
12 40
12 96
12 90
12 98
12 98
12 80
12 92
13 85
13 28
13 69
13 90
13 38
13 81
13 39
13 84
13 23
14 65
14 67
14 97
14 84
14 31
14 40
14 83
14 95
14 79
14 50
15 97
15 44
15 39
15 83
15 23
15 67
15 75
15 16
15 90
15 69
16 42
16 35
16 98
16 92
16 80
16 25
17 39
17 54
17 23
17 48
17 88
17 73
17 30
17 30
17 26
17 20
17 69
18 96
18 92
18 22
18 98
18 77
18 39
18 95
18 30
18 66
18 90
19 75
19 91
19 89
19 86
19 77
19 68
19 44
19 45
20 38
20 59
20 37
20 32
20 63
20 30
20 61
20 58
20 35
21 40
21 23
21 28
22 40
22 27
22 62
22 47
22 39
22 46
22 56
23 52
23 75
23 40
23 25
23 75
23 92
23 53
23 35
23 94
23 96
23 85
23 60
24 78
24 60
24 48
25 35
25 44
25 79
25 55
25 85
25 49
26 89
26 86
26 90
26 70
26 50
26 43
27 30
27 61
27 65
27 31
27 55
27 92
27 72
27 62
28 72
28 45
28 99
28 76
28 85
28 32
29 81
29 45
29 50
29 84
29 87
30 99
30 59
30 79
30 48
30 46
31 44
31 50
31 67
31 39
32 39
32 36
32 63
32 74
32 49
32 65
33 74
33 86
33 75
33 64
33 65
33 56
34 91
34 66
34 54
34 37
34 46
34 88
34 75
34 35
34 99
34 99
34 60
34 71
35 61
35 66
35 73
35 54
35 73
36 79
36 80
36 88
36 59
36 96
37 79
37 84
38 92
38 75
38 52
38 72
38 43
38 67
38 91
38 95
38 76
38 41
39 65
39 63
39 75
39 49
39 76
39 62
40 92
40 72
40 46
40 66
40 48
40 75
40 93
40 87
41 99
41 88
41 72
41 86
41 78
41 50
42 88
42 65
42 81
42 48
42 86
43 98
43 47
43 69
43 54
44 84
44 50
44 81
44 47
45 73
45 96
45 59
45 89
46 75
46 72
47 76
47 76
47 98
47 99
47 73
47 82
47 77
48 51
48 57
48 84
48 99
48 63
48 90
48 83
48 84
48 79
49 89
49 51
49 68
49 64
49 56
50 54
50 83
50 71
50 98
51 82
51 70
51 71
51 53
51 98
51 76
51 92
51 64
52 61
52 61
53 80
53 84
53 92
53 71
53 79
53 68
53 89
53 66
54 88
54 81
54 91
55 71
55 79
55 77
55 73
55 87
55 63
56 88
56 74
56 64
56 57
57 81
58 92
59 60
59 99
59 81
59 64
59 87
59 93
60 76
60 78
61 77
61 80
62 88
62 81
62 66
62 78
62 73
63 92
63 76
64 88
64 81
64 66
65 85
65 95
65 77
66 71
66 81
66 69
66 78
66 70
67 87
67 84
68 98
68 74
69 95
69 81
69 73
69 76
70 88
70 71
71 88
72 83
72 85
72 98
72 92
72 89
73 93
74 99
74 79
74 97
74 98
75 79
75 89
75 85
75 98
75 76
76 92
77 91
77 93
79 95
79 86
80 98
80 83
81 87
82 84
84 92
84 96
85 95
86 99
87 94
87 94
87 90
88 91
88 96
89 91
89 91
91 92
91 97
92 96
92 97
96 98
96 98
