0 83
0 51
0 67
0 36
0 12
0 82
0 60
0 24
0 78
0 3
0 31
0 43
0 74
0 77
0 72
0 96
0 49
0 86
1 75
1 28
1 32
1 58
1 21
1 42
1 48
1 66
1 48
1 16
1 66
1 68
1 20
1 38
2 8
2 72
2 58
2 51
2 27
3 38
3 18
3 65
3 9
3 57
3 56
3 29
3 69
3 36
3 33
3 85
3 61
3 34
4 39
4 48
4 74
4 89
4 62
4 84
5 54
5 42
5 26
5 27
5 48
5 79
5 21
5 87
5 18
6 93
6 90
6 69
6 35
6 44
6 27
6 29
7 22
7 37
7 13
7 61
7 91
7 58
7 26
7 92
7 16
7 98
7 64
8 73
8 32
8 21
8 39
8 37
8 79
8 97
8 46
8 98
8 84
8 87
8 93
8 86
9 34
9 22
9 98
9 87
9 81
9 34
9 99
9 96
9 36
9 14
9 17
9 94
9 84
10 98
10 53
10 86
10 59
10 67
10 60
10 60
10 35
10 23
10 61
10 64
11 68
11 48
11 54
11 35
11 65
11 60
11 96
11 97
11 84
12 20
12 69
12 72
12 57
12 39
12 96
12 84
13 40
13 33
13 23
13 87
13 95
13 32
13 85
13 84
14 76
14 23
14 63
14 66
14 45
14 77
14 30
14 34
14 31
15 52
15 16
15 94
15 67
15 98
15 29
15 66
15 53
15 77
15 52
15 77
16 76
16 87
16 39
16 91
16 78
16 80
16 62
16 43
17 82
17 38
17 22
17 20
17 66
17 74
17 44
17 80
18 25
18 86
18 86
18 27
18 51
18 35
18 41
18 45
19 65
19 83
19 92
19 97
19 58
19 42
20 49
20 96
20 62
20 61
21 32
21 56
21 22
21 95
21 74
21 56
22 39
22 85
22 37
22 60
22 44
23 62
23 75
23 99
23 97
23 27
23 58
23 25
23 71
23 56
24 51
24 40
24 94
24 34
24 72
24 55
24 47
24 31
24 93
24 79
25 86
25 46
25 90
25 56
25 61
25 84
25 63
25 48
26 88
26 88
26 97
26 57
26 80
26 33
26 98
26 54
26 30
27 55
27 29
27 99
27 86
27 48
27 77
28 62
28 92
28 57
28 50
28 76
28 70
28 94
28 36
28 48
28 59
29 49
29 50
29 61
29 58
29 78
30 51
30 77
30 92
30 80
31 52
31 99
31 56
31 51
31 79
31 77
31 48
31 88
31 93
32 75
32 35
32 83
32 75
32 63
33 45
33 40
33 56
33 43
33 59
33 61
34 79
34 73
34 85
34 41
34 79
34 91
34 36
34 77
34 75
34 91
35 49
35 65
35 94
35 97
35 81
36 87
36 89
36 42
36 87
36 78
36 91
37 61
37 58
37 73
38 72
38 99
38 46
38 68
38 74
39 68
39 87
39 67
39 89
39 73
40 45
40 50
40 66
40 93
40 53
40 96
41 89
41 46
41 45
41 46
41 76
42 70
42 67
42 54
42 93
42 94
42 44
42 95
42 45
42 78
42 84
42 69
42 85
43 63
43 86
43 66
43 82
43 48
43 61
44 90
44 49
44 65
44 84
45 66
45 65
45 94
46 67
46 88
46 70
46 62
46 70
47 90
47 72
47 69
47 60
47 65
47 48
47 91
47 64
47 63
48 59
48 91
48 82
48 79
48 69
48 86
48 51
48 90
49 78
49 90
49 67
49 74
49 52
50 79
50 82
50 77
50 94
50 75
51 96
51 69
51 54
51 58
52 78
52 94
52 76
52 80
53 57
53 90
53 70
54 76
54 90
54 57
54 84
54 92
55 58
55 58
55 60
55 86
56 75
56 60
56 87
56 79
57 72
57 77
57 98
57 82
57 94
57 99
58 75
59 88
59 96
59 60
59 82
60 63
60 63
61 86
61 85
61 78
62 96
62 66
63 67
63 70
63 66
63 81
63 76
64 68
65 87
66 99
66 72
66 77
67 69
68 86
68 80
69 97
69 72
70 79
70 92
70 89
70 94
71 90
71 77
71 92
71 80
72 91
73 75
73 80
74 79
74 89
74 99
74 84
75 79
75 88
75 90
75 98
75 85
76 84
77 88
78 97
78 79
78 84
78 88
79 91
79 92
80 86
80 92
80 86
80 90
80 86
80 92
81 88
81 93
81 90
81 96
82 84
82 88
82 94
83 93
84 85
84 89
84 91
87 94
89 94
91 94
94 95
95 98
95 99
