0 89
0 7
0 38
0 24
0 84
1 19
1 38
1 75
1 65
2 48
2 68
2 38
3 51
3 11
3 87
3 63
3 79
3 69
3 87
3 12
4 74
4 70
4 29
4 86
4 25
4 9
4 69
5 34
5 89
5 87
5 59
5 60
5 67
5 90
6 49
6 84
6 29
6 54
6 70
6 29
6 22
6 15
6 67
7 70
7 17
7 55
7 96
7 48
7 87
7 30
7 67
7 62
7 76
7 88
8 85
8 19
8 79
8 64
8 56
8 37
8 94
8 25
8 49
8 79
8 12
9 16
9 44
9 96
9 31
9 51
9 25
9 12
10 39
10 14
10 77
10 49
10 11
10 21
10 52
10 23
10 12
10 81
11 65
11 33
11 59
11 18
11 71
11 81
11 23
11 73
11 86
11 95
12 93
12 13
12 20
12 52
12 20
12 64
12 74
12 36
12 42
12 23
13 83
13 32
13 46
13 93
13 31
13 78
13 54
13 98
13 28
13 64
13 81
14 96
14 52
14 82
14 98
14 42
14 72
14 26
15 66
15 50
15 24
15 62
15 42
16 92
16 76
16 89
16 67
16 39
16 42
16 80
16 27
16 72
16 40
17 22
17 72
17 84
17 87
17 28
17 99
17 55
17 91
18 53
18 35
18 96
18 88
18 92
18 60
18 57
19 84
19 65
19 80
19 36
19 98
19 63
19 55
19 30
19 35
19 43
20 98
20 84
20 50
20 83
20 82
20 37
20 66
20 33
20 35
21 65
21 83
21 27
21 85
22 93
22 59
22 54
22 57
22 49
22 33
22 86
23 57
23 68
23 38
23 35
23 63
23 56
24 96
24 78
24 63
24 77
24 74
24 29
24 25
24 53
24 86
25 61
25 58
25 87
25 74
26 80
26 71
26 90
26 76
26 28
27 36
27 85
27 91
27 40
27 92
27 33
27 61
27 47
27 34
27 54
27 47
28 74
28 95
28 29
28 99
28 91
28 87
28 74
28 67
29 57
29 49
29 39
29 81
29 50
29 52
29 31
29 54
29 82
30 36
30 67
30 58
30 64
30 73
31 84
31 58
31 95
31 95
31 86
31 74
31 69
31 34
31 94
31 36
32 93
32 86
32 86
32 73
32 50
33 97
33 47
33 59
33 73
33 57
33 52
34 46
34 66
34 89
34 72
34 73
34 52
34 35
34 61
34 95
34 92
34 49
35 67
35 45
35 56
35 60
35 66
35 46
35 43
35 64
35 41
35 98
35 49
35 88
36 83
36 69
36 74
36 68
36 93
36 72
37 88
37 46
37 38
37 57
37 67
38 75
38 89
38 47
38 49
38 53
39 91
39 60
39 89
39 95
39 86
39 40
39 67
39 64
39 62
39 86
39 69
40 53
40 85
40 64
40 47
40 92
40 78
41 90
41 99
41 71
42 43
42 53
42 92
42 98
42 43
42 48
43 74
43 86
43 74
43 63
43 72
43 84
43 52
43 64
44 57
44 92
44 91
44 71
44 55
44 50
44 53
44 70
44 57
44 60
44 83
45 72
46 47
46 99
47 89
47 48
47 76
47 56
47 60
48 95
48 74
48 49
48 66
48 59
48 61
48 83
48 78
49 93
49 82
50 81
50 58
50 86
50 65
51 93
51 52
51 88
51 59
51 62
52 91
52 54
53 66
54 57
54 67
54 71
54 81
54 73
54 55
55 89
55 61
55 62
56 58
56 96
57 90
57 74
57 68
58 81
58 91
58 73
58 81
58 79
58 88
58 71
58 69
58 68
60 96
60 91
60 66
60 91
60 70
61 70
61 85
61 82
62 95
62 90
62 80
62 63
63 88
63 87
63 82
64 88
64 72
64 69
64 94
65 95
65 80
65 67
66 81
66 92
67 96
67 81
67 73
67 77
67 74
68 89
68 76
68 77
68 79
69 85
69 82
69 97
69 90
69 74
70 88
70 82
70 89
70 81
70 76
71 77
71 89
71 90
72 83
72 87
72 81
72 78
72 90
73 79
73 76
73 87
73 77
74 94
74 88
74 84
74 81
75 91
75 96
75 81
75 84
75 84
75 84
76 82
76 88
76 85
76 91
76 98
77 86
77 91
77 78
79 94
79 96
80 90
80 90
81 96
82 84
82 94
82 94
83 90
83 93
84 92
85 93
85 92
86 95
87 98
87 97
88 89
88 95
90 94
90 99
90 97
91 98
91 97
91 98
91 93
92 99
93 97
93 98
94 97
94 99
94 97
95 98
