0 59
0 4
0 57
0 53
0 22
0 27
0 98
1 88
1 91
1 61
1 27
1 62
1 47
1 88
1 16
1 60
1 88
2 28
2 5
2 58
2 70
2 78
2 36
2 96
2 49
2 54
2 47
3 12
3 98
3 10
3 29
3 22
3 92
3 53
3 29
3 95
3 90
3 26
3 41
3 55
4 59
4 92
4 84
4 50
4 55
4 95
4 87
4 27
4 5
5 95
5 22
6 33
6 31
6 42
6 71
6 45
6 75
6 91
7 83
7 21
7 50
7 87
7 56
7 22
7 34
7 52
7 40
7 91
8 59
8 71
8 10
8 97
8 97
8 35
8 11
8 55
8 64
8 15
9 51
9 61
9 33
9 29
9 19
9 86
9 43
9 95
9 28
10 21
10 91
10 79
10 95
10 32
10 37
11 61
11 62
11 80
11 28
11 91
11 69
11 45
11 67
11 75
11 59
11 42
12 91
12 72
12 40
12 46
12 52
12 51
12 24
12 62
12 62
12 85
13 74
13 30
13 61
13 88
13 56
13 54
13 94
13 89
13 67
14 87
14 23
14 42
14 44
14 34
14 68
14 28
14 63
14 38
14 33
14 23
15 47
15 56
15 80
15 33
15 31
15 22
16 51
16 69
16 63
16 92
16 24
16 56
16 41
16 91
16 44
16 99
16 54
16 55
17 72
17 75
17 77
17 99
17 21
17 49
17 76
17 55
17 83
17 73
17 93
17 85
17 77
17 84
18 63
18 87
18 75
18 47
19 71
19 54
19 89
19 63
19 33
19 42
19 26
20 60
20 44
20 57
20 86
20 35
20 83
21 56
21 89
21 60
21 51
21 68
21 59
21 55
22 35
22 41
22 88
22 30
22 43
22 89
22 44
22 67
22 56
22 34
22 60
23 77
23 83
23 45
23 56
23 28
23 54
23 64
23 37
23 57
23 44
24 50
24 86
24 33
24 71
24 66
24 39
24 25
24 63
24 30
24 40
25 91
25 26
25 83
25 81
25 99
25 89
25 47
25 85
25 49
25 80
25 60
25 30
25 76
25 41
25 68
26 42
26 76
26 65
26 63
26 40
26 60
26 65
26 78
26 57
26 91
26 90
27 31
27 79
27 85
27 78
27 59
28 99
28 96
28 80
28 44
28 35
28 37
29 58
29 71
29 67
29 75
29 57
30 55
30 68
30 54
30 54
30 42
30 96
30 68
31 71
31 62
31 72
31 89
31 84
32 54
32 43
32 66
32 48
32 80
32 67
32 68
32 56
32 74
33 86
33 55
33 52
33 70
33 85
33 40
33 46
33 55
33 57
33 97
33 35
33 58
33 58
33 54
34 83
34 87
34 69
34 65
35 86
35 71
35 69
35 60
36 55
36 98
36 59
36 50
37 92
37 54
37 90
37 65
37 65
37 69
37 46
37 73
37 55
37 69
38 98
38 45
38 72
39 60
39 74
39 81
39 58
39 63
39 41
39 75
39 91
39 72
40 69
40 83
40 81
40 49
40 76
40 43
40 52
40 99
40 45
40 91
41 66
41 72
41 60
42 79
42 44
42 88
42 43
42 88
42 77
43 55
43 47
43 76
43 58
43 60
43 74
43 97
43 65
44 59
44 50
44 69
45 82
45 73
46 71
46 67
46 59
46 86
46 91
46 48
47 95
47 82
47 70
47 76
47 90
47 49
47 93
48 67
48 54
48 52
48 65
48 65
48 64
48 72
48 60
49 68
49 94
49 55
49 55
50 62
50 56
50 93
51 78
51 99
51 55
51 71
52 55
52 93
52 62
53 99
53 60
53 67
53 92
53 96
53 81
54 88
54 75
54 96
54 67
54 74
54 76
55 99
55 68
55 97
55 64
55 90
56 58
56 74
56 92
56 82
57 70
58 86
58 97
58 83
58 92
58 83
59 78
59 97
59 67
59 88
59 94
60 74
60 81
60 85
61 70
61 63
61 91
61 62
62 73
62 77
62 88
63 86
64 77
64 72
64 87
65 95
65 68
65 80
65 93
65 94
66 93
66 98
66 72
67 82
67 70
67 92
69 79
69 85
70 94
70 93
70 75
71 95
71 93
71 79
72 93
72 79
72 75
73 81
73 93
73 96
73 98
75 93
75 80
76 81
76 86
77 90
77 97
77 99
77 85
77 98
77 79
77 90
79 81
80 83
80 89
80 84
80 85
81 93
82 91
83 87
83 91
84 90
85 99
87 99
88 94
89 92
90 92
91 99
92 96
97 98
