0 20
0 35
0 28
0 38
0 74
0 73
0 88
0 34
0 48
0 91
0 95
0 76
0 14
0 17
0 60
1 79
1 98
1 98
1 97
1 40
1 44
1 35
1 98
1 17
1 77
1 85
1 5
1 90
1 59
1 53
2 83
2 3
2 63
2 66
2 59
2 21
2 3
2 64
3 25
3 41
3 67
3 71
3 17
3 58
3 53
3 95
3 92
3 47
3 55
3 47
3 70
4 77
4 54
4 62
4 79
4 82
4 46
4 31
4 14
4 76
4 91
4 98
4 98
5 86
5 69
5 95
5 43
5 19
5 86
5 57
5 83
5 44
5 6
5 17
6 14
6 85
6 77
6 47
6 64
6 76
6 40
6 13
7 19
7 32
7 45
7 54
7 57
7 29
7 32
7 12
7 94
7 53
7 54
8 32
8 20
8 29
9 24
9 28
9 28
9 94
9 82
9 85
9 51
10 56
10 52
10 46
10 12
10 97
10 38
10 41
10 17
10 48
10 75
10 18
10 32
10 14
10 35
10 84
11 70
11 19
11 26
11 15
11 45
11 22
11 43
11 17
12 35
12 64
12 40
12 39
12 70
12 39
12 69
12 80
12 88
12 56
12 30
12 87
13 22
13 59
13 42
13 51
13 62
13 41
13 27
14 28
14 56
14 19
15 30
15 76
15 67
15 36
15 80
15 74
15 99
16 88
16 87
16 92
16 67
16 68
16 51
16 36
16 73
17 18
17 36
17 20
17 58
17 51
17 60
17 33
17 29
17 41
17 19
17 79
17 29
17 86
17 55
18 21
18 30
18 98
18 58
18 89
18 19
18 50
19 32
19 61
19 75
19 23
19 87
19 79
19 69
20 86
20 65
20 79
20 39
20 33
20 68
21 77
21 38
21 85
21 52
21 99
21 95
21 46
21 69
21 67
22 43
22 59
22 54
22 36
22 36
22 54
22 72
22 28
22 92
23 36
23 71
23 71
23 78
23 26
23 24
23 26
23 79
23 94
23 74
23 89
24 71
24 54
24 39
24 25
24 49
24 79
24 27
24 85
25 33
25 79
25 63
25 64
25 88
25 88
25 39
26 95
26 44
26 59
26 52
26 27
27 31
27 68
27 40
27 51
27 92
27 75
27 64
27 87
27 40
27 37
28 49
28 45
28 48
28 88
28 95
28 31
28 52
28 37
29 79
29 57
29 31
29 60
29 43
29 37
29 42
29 80
30 46
30 90
30 99
30 60
30 53
30 65
30 64
31 81
31 45
31 65
32 98
32 35
32 85
32 33
32 73
33 41
33 62
33 39
33 61
34 88
34 52
34 51
34 98
35 59
35 76
35 37
35 72
35 69
36 72
36 37
37 63
37 45
37 84
38 97
38 98
38 66
38 87
38 53
38 87
39 44
39 61
39 68
39 66
39 81
39 99
39 54
40 59
40 90
40 97
40 59
40 61
40 89
40 53
40 50
41 56
42 63
42 63
42 97
42 56
42 96
42 84
42 59
43 74
43 69
43 97
44 51
44 78
44 51
44 51
44 67
44 86
45 72
45 81
45 61
46 99
46 55
46 98
46 81
46 50
47 97
47 72
47 97
47 89
47 76
47 84
48 63
48 75
48 80
48 62
48 68
48 99
49 60
49 91
49 66
49 53
49 92
49 73
49 67
49 89
50 87
50 83
50 89
50 86
51 83
51 62
52 79
53 94
53 62
53 97
53 60
53 93
53 97
54 82
54 58
54 70
55 69
55 74
55 86
55 59
55 76
55 86
55 68
55 57
56 64
56 79
56 58
56 66
56 71
57 96
57 98
57 95
58 97
58 75
58 65
59 62
59 84
59 67
60 64
60 74
60 85
60 63
60 91
61 82
61 88
62 66
62 70
62 68
63 76
63 98
64 91
64 99
64 70
65 77
65 67
65 86
65 78
66 90
66 76
66 85
67 82
67 78
67 93
67 93
68 75
68 95
68 71
68 70
68 91
69 79
69 86
69 71
69 87
69 89
69 88
69 97
70 74
70 74
71 73
71 96
71 74
72 95
72 86
72 85
72 86
72 86
73 93
74 83
74 85
74 82
74 79
75 87
75 87
75 86
76 93
76 98
76 77
76 77
77 83
78 92
79 93
79 97
80 99
80 92
80 86
81 92
81 87
81 82
82 88
82 85
82 86
83 84
83 95
83 85
84 99
84 97
84 89
85 91
85 93
86 98
88 90
88 95
90 91
92 94
93 95
93 98
94 95
95 97
97 99
