0 89
0 44
0 74
0 45
0 37
0 44
0 45
0 47
0 47
1 87
1 68
1 2
1 85
1 15
1 38
1 42
2 24
2 54
2 22
2 89
2 35
2 50
2 79
2 59
2 18
2 49
2 55
3 81
3 15
3 24
3 66
3 66
3 99
3 48
3 9
3 6
4 43
4 20
4 29
4 42
4 50
4 77
4 60
4 83
4 37
4 12
4 50
4 89
5 21
5 6
5 96
5 75
5 36
5 32
5 8
5 23
5 96
5 86
5 35
5 53
6 54
6 17
6 75
6 17
6 43
6 20
6 40
6 23
7 91
7 51
7 97
7 8
7 9
7 41
7 60
7 80
7 26
7 49
7 65
8 48
8 99
8 41
8 99
8 68
8 93
8 50
8 94
8 20
8 85
8 98
8 81
9 23
9 36
9 34
9 57
9 24
9 34
9 97
9 51
9 80
10 51
10 24
10 20
10 82
10 48
10 99
10 84
11 96
11 92
11 83
11 79
11 13
11 62
11 45
11 45
12 89
12 91
12 77
12 32
12 41
12 97
13 61
13 64
13 33
13 89
13 16
13 63
13 46
13 36
13 98
13 50
13 76
13 64
14 45
14 93
14 52
14 24
14 49
14 38
15 73
15 44
15 38
15 40
15 85
15 70
15 77
15 34
15 47
16 26
16 62
16 58
16 83
16 25
16 22
16 67
16 25
16 96
16 85
17 48
17 99
17 71
17 99
17 30
17 92
17 54
17 88
17 49
18 24
18 47
18 50
18 57
18 24
19 84
19 62
19 20
19 91
19 28
19 23
19 71
19 66
19 68
19 96
19 26
19 23
19 43
20 60
20 92
20 25
20 63
20 55
20 60
20 63
20 67
20 34
21 93
21 77
21 78
21 76
21 34
21 44
21 40
21 43
21 93
22 55
22 67
23 59
23 46
23 41
23 60
23 84
23 69
24 43
24 27
24 44
25 44
25 54
25 45
25 52
25 53
25 90
25 44
26 61
26 45
26 68
26 87
26 51
26 64
26 66
26 84
26 28
26 32
26 99
26 78
27 97
27 51
27 72
27 70
27 74
27 89
27 48
27 47
28 73
28 79
28 94
28 73
28 60
28 62
29 76
29 88
29 82
29 92
29 85
29 68
29 65
29 43
29 74
29 85
30 38
30 58
30 35
30 66
30 91
30 78
31 48
31 86
31 69
31 56
32 63
32 95
32 55
32 81
32 41
32 52
32 67
33 57
33 69
33 58
33 55
33 45
33 62
34 60
34 88
34 40
34 90
34 55
34 58
35 81
35 39
35 93
35 38
35 39
35 48
35 46
36 59
36 56
36 94
36 77
37 43
37 54
37 45
37 54
37 83
37 73
38 67
38 70
38 96
38 97
38 39
38 87
38 79
38 68
39 86
39 43
39 90
39 92
39 61
39 40
39 65
40 86
40 56
40 65
40 60
40 46
40 98
41 80
41 74
41 73
41 66
42 71
42 84
42 96
43 81
43 77
43 52
43 57
44 98
44 58
44 50
44 63
44 58
44 71
44 87
44 60
45 90
45 82
45 84
45 80
45 59
45 91
46 80
46 51
46 61
46 80
46 60
47 54
47 68
47 83
47 84
47 94
47 52
48 64
48 64
48 61
48 92
49 51
49 69
49 70
49 73
49 51
49 63
49 50
49 92
49 51
49 64
49 52
50 84
50 74
50 84
50 98
50 51
50 77
50 54
51 70
51 52
51 99
51 65
51 78
51 53
51 56
52 88
53 86
53 74
53 81
53 72
53 54
53 75
54 76
54 78
54 94
54 64
54 80
54 94
54 92
54 69
55 84
55 97
55 90
55 82
55 60
55 84
55 67
55 76
56 86
57 78
57 69
58 94
58 95
58 68
59 79
59 76
59 82
60 76
60 85
61 90
61 92
61 64
62 79
62 71
62 63
62 72
62 95
62 88
63 73
63 80
64 72
64 90
64 71
64 70
64 72
65 79
66 94
66 70
66 72
66 97
67 83
67 75
67 85
67 71
67 73
68 86
68 71
69 73
69 95
70 85
70 80
70 84
70 85
71 97
71 98
71 94
72 74
73 82
74 83
74 97
74 90
74 86
75 90
75 95
75 78
75 93
76 95
76 88
76 83
76 96
76 79
77 91
78 82
78 92
79 89
79 93
79 90
79 81
80 86
80 95
81 86
81 91
82 89
82 91
82 91
83 86
84 87
85 86
85 94
87 88
88 91
89 95
89 93
91 92
95 99
95 99
