0 50
0 66
0 16
0 12
0 17
0 99
0 94
0 21
0 1
0 86
0 73
0 60
0 96
1 45
1 19
1 19
1 34
1 84
1 72
1 5
1 71
1 24
2 64
2 32
2 12
2 73
2 40
2 50
2 28
2 85
2 67
2 73
3 70
3 13
3 91
3 21
3 27
3 47
3 99
3 51
3 74
3 19
4 86
4 18
4 53
4 36
4 93
4 67
4 83
4 96
5 22
5 85
5 33
5 56
5 47
5 56
6 83
6 31
6 11
6 27
6 96
6 91
6 43
7 98
7 78
7 34
7 62
7 80
7 83
7 12
7 71
7 28
8 66
8 26
8 27
8 81
8 64
8 9
8 41
8 22
8 40
8 22
8 94
9 13
9 72
9 58
9 65
9 77
9 92
9 73
9 55
9 88
10 93
10 91
10 53
10 19
10 65
11 26
11 45
11 32
11 62
11 26
11 62
11 83
12 24
12 87
12 29
12 96
12 29
12 20
12 58
12 22
12 54
12 51
12 59
12 91
12 28
12 78
13 24
13 72
13 59
13 51
13 60
13 27
14 69
14 20
14 25
14 71
14 46
14 37
14 26
14 34
14 43
14 34
14 40
15 25
15 24
15 45
15 50
15 75
15 41
15 31
15 56
15 67
15 86
15 56
15 59
15 80
15 24
16 35
16 81
16 93
16 89
16 29
16 47
16 95
17 43
17 86
17 21
17 77
17 32
17 92
17 71
18 72
18 90
18 74
18 48
18 20
18 63
19 94
19 20
19 87
19 66
19 24
19 42
19 40
19 79
19 51
20 75
20 95
20 80
20 98
20 68
20 39
20 33
21 87
21 37
21 87
21 22
21 59
21 93
21 31
21 46
21 45
21 27
21 60
21 89
22 85
22 23
22 92
22 89
22 91
22 24
22 82
22 30
22 56
22 64
22 23
22 80
22 88
23 47
23 40
23 78
23 24
23 50
23 84
23 50
24 72
24 65
24 86
24 93
24 31
24 32
24 69
24 39
24 97
24 99
24 97
25 95
25 27
25 79
25 79
25 34
25 66
25 88
25 45
25 55
26 29
26 33
26 54
26 27
26 77
26 29
26 44
26 78
26 27
27 36
27 41
27 73
27 87
27 62
27 96
27 62
27 52
28 39
28 61
28 78
28 34
29 89
29 60
29 52
29 90
29 54
29 67
29 67
29 85
29 64
29 63
30 92
30 79
30 51
30 42
30 54
30 54
31 83
32 83
32 37
32 93
32 99
32 72
33 56
33 74
33 96
34 59
34 89
34 36
34 98
35 85
35 96
35 78
35 83
35 36
35 71
35 47
36 93
36 46
36 93
36 97
36 42
37 82
37 50
37 52
37 42
38 93
38 48
39 81
39 74
39 52
39 41
39 58
39 42
40 97
40 95
40 65
40 77
40 44
40 79
40 88
40 72
40 58
41 65
41 90
41 63
41 77
42 75
42 86
42 87
42 53
42 96
43 44
43 89
43 48
43 65
44 81
44 79
44 87
44 62
44 91
44 64
44 58
44 66
44 97
44 81
45 52
45 78
46 52
46 95
46 83
46 64
46 90
46 79
46 81
46 71
46 82
47 67
47 70
47 49
47 85
47 82
48 79
48 85
48 71
48 50
48 83
48 49
48 90
49 62
49 64
49 75
49 97
49 70
49 64
49 80
49 90
49 64
50 89
50 58
51 82
51 68
51 87
51 61
52 71
52 63
52 94
52 62
52 96
52 60
53 91
53 72
53 81
53 96
53 85
53 82
53 88
54 69
54 77
54 68
54 84
54 88
54 74
54 66
54 89
55 57
55 57
57 72
57 75
57 90
57 75
57 68
57 84
58 85
58 79
58 89
58 64
59 72
59 88
60 80
60 80
60 76
61 62
61 74
61 98
62 92
62 85
62 73
62 76
62 79
62 74
63 67
63 84
63 82
63 82
64 75
64 88
64 95
64 77
65 97
65 73
65 96
65 68
66 94
66 81
66 78
66 81
67 81
68 98
68 96
68 76
68 70
69 85
69 76
70 91
71 89
71 89
71 73
71 82
71 92
72 85
72 84
72 94
72 77
73 86
73 95
73 77
73 77
73 77
73 83
74 88
74 96
75 87
76 98
76 84
77 87
78 92
78 93
78 93
79 81
79 95
79 98
79 84
80 97
81 94
81 94
81 82
81 94
82 93
83 90
83 88
83 93
83 98
84 86
84 90
85 89
86 89
86 99
88 90
91 96
92 95
92 96
93 98
