0 75
0 74
0 68
0 62
0 25
0 82
1 36
1 63
1 15
1 94
1 46
1 99
1 51
1 83
1 47
1 34
1 99
1 91
1 89
1 39
1 43
2 50
2 37
2 10
2 90
2 20
2 67
2 36
2 50
2 42
2 31
2 85
2 15
2 66
2 55
2 69
2 17
3 80
3 57
3 38
3 23
3 88
3 48
3 62
3 16
3 30
3 96
3 95
4 5
4 41
4 93
4 42
4 25
4 41
4 86
4 89
4 85
4 42
4 75
4 44
4 92
4 97
4 48
4 52
5 75
5 75
5 76
5 64
5 23
5 17
5 35
5 56
5 84
5 18
6 32
6 39
6 34
6 51
6 49
6 90
6 58
7 27
7 92
7 79
7 78
7 19
7 99
7 23
7 27
8 47
8 11
8 50
8 89
8 42
8 30
8 48
8 88
9 64
9 77
9 32
9 86
9 47
9 83
9 36
9 82
9 83
10 46
10 35
10 69
10 59
10 48
10 41
11 82
11 64
11 75
11 27
11 95
11 59
11 96
11 53
11 85
11 39
11 35
12 77
12 97
12 76
12 58
12 19
12 49
13 65
13 55
13 53
13 16
13 35
13 94
13 57
14 95
14 21
14 70
14 94
14 58
14 82
14 80
15 25
15 50
15 73
15 34
15 49
16 74
16 46
16 48
16 21
16 17
16 17
16 83
16 53
17 87
17 30
17 57
17 58
17 77
17 42
17 61
17 64
17 81
17 92
17 18
17 38
18 29
18 96
18 42
18 33
18 49
18 22
18 49
19 85
19 65
19 54
19 76
19 70
19 83
19 66
19 77
19 42
19 30
19 63
19 97
19 50
20 37
20 25
20 70
20 41
20 89
20 75
20 90
21 80
21 53
21 50
21 73
21 70
22 56
22 93
22 39
22 69
22 91
22 73
22 25
22 50
22 98
22 50
22 39
23 80
23 96
23 80
23 30
23 54
23 81
23 61
23 50
23 85
24 69
24 46
24 96
24 74
24 84
24 81
24 51
24 90
24 86
24 32
24 38
25 85
25 82
25 32
25 53
25 39
25 51
26 78
26 40
26 62
26 35
26 76
26 90
26 90
26 71
26 90
27 34
27 77
27 89
27 92
27 98
27 42
28 31
28 72
28 54
28 81
29 58
29 59
29 85
29 90
29 81
29 75
29 81
30 41
30 79
31 84
31 97
31 43
31 73
31 98
31 95
31 58
31 88
31 78
31 60
31 80
32 53
32 60
32 76
32 88
33 82
33 41
33 72
33 88
33 84
33 81
33 62
34 49
34 67
34 98
34 77
34 44
35 72
35 91
35 45
35 82
35 97
36 71
36 96
37 75
37 43
37 43
37 70
37 53
37 46
37 65
37 58
37 79
37 47
38 52
38 87
38 63
38 45
38 99
39 82
39 77
39 94
39 53
39 64
39 87
39 77
40 59
40 93
40 41
40 68
40 98
41 88
41 92
41 57
41 57
41 73
42 56
42 94
42 82
42 46
42 86
43 73
43 96
43 86
43 82
43 72
43 71
43 58
43 90
44 58
44 84
44 77
44 57
44 67
44 50
44 93
44 92
44 57
45 57
45 49
45 47
45 91
45 76
45 87
46 84
46 55
46 51
47 75
47 98
47 87
48 63
48 92
49 96
49 62
49 54
50 69
50 96
50 96
50 91
50 68
50 67
50 63
50 54
51 57
51 89
51 83
51 82
52 96
52 53
52 84
52 65
53 92
53 74
53 71
53 87
53 79
53 60
53 59
53 77
54 59
54 59
54 83
54 92
55 79
55 58
55 67
56 93
56 63
56 73
56 61
56 77
57 75
57 67
57 59
57 73
58 93
58 89
58 70
58 94
58 92
58 71
58 86
58 69
59 92
59 60
59 96
59 99
59 98
60 96
60 98
60 83
60 73
61 66
62 85
62 91
62 89
63 91
63 79
63 75
64 79
64 96
64 94
64 85
65 86
65 86
65 69
65 87
65 91
66 93
67 92
67 72
68 82
68 73
68 75
68 85
68 91
68 84
68 89
69 74
70 87
70 91
70 83
70 75
70 77
70 95
70 86
71 86
71 80
72 91
72 80
73 95
73 75
73 89
73 76
73 95
74 88
75 78
75 91
75 94
75 89
75 84
76 83
76 82
77 95
78 84
78 85
79 96
79 86
80 81
80 97
81 85
81 85
83 87
83 97
84 98
86 90
87 91
87 93
88 93
89 91
89 96
90 98
91 98
93 98
95 97
