0 37
0 41
0 16
0 76
0 80
0 20
1 44
1 61
1 22
1 65
1 43
1 83
1 87
2 14
2 95
2 56
2 12
2 12
2 15
2 50
2 66
2 91
3 43
3 24
3 54
3 32
3 36
3 82
3 21
3 92
3 66
4 77
4 73
4 25
4 55
4 32
4 7
4 83
4 54
4 96
4 63
4 11
4 33
4 84
5 39
5 11
5 78
5 16
5 39
5 80
5 11
5 44
5 49
5 60
5 54
5 39
5 90
5 90
5 21
5 83
6 88
6 64
6 63
6 31
6 97
6 90
6 81
6 55
6 33
6 58
6 19
6 44
6 63
6 14
6 34
6 67
7 46
7 87
7 37
7 66
7 81
7 40
7 91
8 36
8 14
8 74
8 10
8 88
9 33
9 53
9 28
9 52
9 29
9 88
9 98
9 80
9 22
9 65
9 31
10 19
10 72
10 24
10 23
10 60
10 80
10 49
10 71
10 72
10 70
11 53
11 41
11 26
11 56
11 46
11 93
11 85
11 42
11 13
12 41
12 28
12 72
12 70
12 97
12 88
12 15
12 67
12 62
12 90
12 84
13 83
13 34
13 44
13 78
13 48
13 88
13 27
13 89
13 40
13 32
13 45
13 57
14 53
14 96
14 86
14 59
14 66
14 65
14 87
14 23
14 71
14 57
14 83
14 78
15 74
15 75
15 21
15 93
15 88
15 33
16 81
16 92
16 95
16 23
16 80
16 69
16 69
16 72
16 21
16 87
16 32
16 97
17 78
17 59
17 88
17 87
17 95
17 20
17 19
18 42
18 57
18 36
18 72
18 99
18 24
18 65
18 41
18 46
19 61
19 30
19 73
19 20
19 56
19 77
19 98
19 39
20 53
20 64
20 86
21 66
21 56
21 38
21 30
21 77
21 79
22 45
22 51
22 35
22 50
22 90
23 81
23 55
23 35
23 77
24 67
24 60
24 31
24 63
24 27
25 99
25 75
25 62
25 72
25 51
25 76
25 51
25 38
25 56
26 62
26 29
26 78
26 88
27 42
27 86
27 57
27 49
27 38
27 94
28 95
28 79
28 58
28 58
28 63
28 60
28 30
29 77
29 74
29 82
29 98
29 92
30 47
30 65
30 85
30 88
30 59
30 99
30 55
30 53
30 81
31 68
31 48
31 35
32 93
32 62
32 50
32 48
32 40
32 50
32 74
32 36
32 45
33 48
33 89
33 94
33 34
33 89
33 49
33 79
33 53
34 85
34 55
34 47
34 36
34 95
34 77
34 89
35 63
35 39
35 44
35 87
35 99
36 46
36 70
36 97
36 58
36 71
37 88
37 39
37 80
37 96
37 67
37 61
37 68
37 55
38 80
38 92
38 93
38 82
38 55
38 86
38 48
39 50
39 68
39 45
39 69
39 72
40 52
40 60
40 92
41 63
41 93
41 51
41 89
42 70
42 58
42 79
42 68
42 91
42 65
42 77
42 49
43 70
43 54
44 71
44 53
44 64
44 88
44 89
45 56
45 75
45 62
45 80
45 82
46 85
46 52
46 64
46 48
46 89
46 51
46 59
47 93
47 65
47 86
47 97
47 73
47 59
47 69
47 71
47 88
48 55
48 83
48 97
48 89
49 78
49 93
49 84
49 75
50 91
50 65
50 68
50 77
51 89
51 85
51 80
51 59
52 94
52 92
52 60
52 70
53 65
53 78
53 86
53 63
54 82
54 67
54 66
55 72
56 97
56 95
56 79
56 85
56 81
56 81
56 75
56 85
57 62
58 73
58 70
58 80
58 96
59 77
59 94
59 74
59 99
59 78
60 74
60 91
60 88
60 95
61 83
61 97
62 92
62 82
62 63
62 88
62 88
62 66
62 74
63 66
63 78
63 77
63 95
63 94
63 98
63 64
63 87
63 82
63 65
63 80
64 67
64 96
65 89
65 80
65 77
66 94
66 69
66 68
66 67
66 76
67 78
67 97
67 91
67 99
67 77
67 77
68 80
68 99
69 77
69 95
71 84
71 72
71 83
71 89
72 98
72 83
72 90
73 75
74 87
74 83
76 95
76 83
76 80
76 95
77 86
78 84
78 98
78 90
79 96
80 86
80 85
80 81
81 94
81 85
81 89
81 85
81 88
81 99
82 95
82 85
82 97
83 87
83 88
83 95
84 90
85 91
85 87
85 92
86 88
87 91
87 91
87 91
88 95
88 91
93 94
93 95
94 95
94 97
95 99
95 98
95 97
98 99
