0 78
0 39
0 69
0 27
0 55
0 78
0 81
0 62
0 5
0 46
0 2
1 68
1 6
1 98
1 6
1 97
1 76
1 67
2 97
2 81
2 68
2 55
2 88
2 86
2 78
2 46
2 86
2 50
2 10
2 61
3 16
3 65
3 82
3 43
3 30
3 65
3 97
3 54
3 75
3 92
3 66
3 72
3 5
3 90
3 64
3 78
3 5
3 6
4 26
4 8
4 45
4 97
4 77
4 29
4 59
4 28
4 94
4 88
4 85
4 88
4 78
5 96
5 42
5 41
5 16
5 27
5 7
5 41
5 42
5 66
5 28
5 35
6 44
6 66
6 13
6 11
6 82
6 19
6 30
6 18
6 35
6 71
6 33
6 38
6 57
7 31
7 19
7 85
7 10
7 39
7 36
7 25
7 97
7 33
7 39
8 83
8 89
8 40
8 90
8 73
8 11
8 23
9 17
9 69
9 28
10 65
10 62
10 43
10 90
10 75
10 59
10 76
10 34
10 96
11 21
11 29
11 60
11 54
11 17
11 39
11 31
11 45
11 56
11 37
11 33
12 14
12 22
12 65
12 28
12 77
13 62
13 98
13 43
13 28
13 81
14 47
14 36
14 96
14 58
14 21
14 65
15 63
15 38
15 63
15 59
15 92
15 64
15 45
16 17
16 50
16 18
16 36
16 36
17 76
17 56
17 52
17 88
17 43
17 84
18 28
18 98
18 38
18 75
18 54
18 34
19 65
19 84
19 53
19 66
19 73
19 64
19 35
19 33
19 97
19 87
20 90
20 47
20 76
20 36
20 96
20 67
21 40
21 55
21 33
21 77
21 46
21 25
21 97
21 65
21 99
21 70
21 40
22 98
22 76
22 83
22 48
22 79
23 47
23 89
23 78
23 68
23 93
23 69
23 78
23 88
23 55
23 30
24 34
24 59
24 91
24 49
24 61
24 33
24 82
25 85
25 54
25 31
25 92
25 52
25 64
25 66
25 53
26 61
26 57
26 63
26 82
26 64
27 64
27 87
27 60
27 95
28 61
28 33
28 89
28 43
28 78
28 60
28 68
28 43
29 48
29 85
29 66
29 44
29 65
29 38
29 85
29 94
30 94
30 85
30 62
30 66
30 88
31 85
31 70
31 89
31 44
31 79
31 38
31 49
32 48
32 82
32 47
32 45
32 52
32 58
32 52
32 52
33 58
33 83
33 99
33 99
33 93
33 78
33 36
33 53
33 41
33 87
34 94
34 50
34 42
34 61
34 71
34 39
34 84
35 63
35 66
35 44
35 53
35 74
36 46
36 72
36 43
36 72
36 72
37 52
37 47
37 48
37 78
37 48
37 57
37 76
37 77
37 67
38 80
38 83
38 81
38 75
39 79
39 51
39 85
39 60
39 68
40 50
40 84
40 50
40 47
40 54
41 71
41 51
41 66
41 47
41 94
41 87
41 42
42 54
42 90
42 44
43 93
43 89
43 71
43 92
43 56
43 70
44 78
44 47
44 62
44 53
44 52
44 73
44 57
44 53
45 93
45 75
45 66
45 54
45 53
46 51
46 65
46 99
46 72
46 72
47 61
47 49
47 79
47 80
47 98
48 96
48 95
48 57
48 66
48 51
49 63
49 77
49 70
49 73
49 51
49 55
50 64
50 54
50 58
50 58
50 93
51 74
51 96
51 58
51 62
51 58
51 81
51 87
52 88
53 67
53 64
53 86
53 85
53 60
54 66
54 82
54 73
54 58
54 91
54 67
54 74
55 62
55 91
56 85
56 95
56 94
56 83
56 72
56 62
56 66
57 91
57 66
57 94
57 71
59 63
59 63
59 88
60 76
60 79
60 95
60 93
61 72
61 71
61 72
62 73
62 63
62 81
62 83
62 82
62 97
62 72
62 71
62 99
63 66
64 81
64 66
64 94
65 82
65 95
65 73
65 90
65 76
65 79
65 87
66 98
66 75
66 78
66 83
66 84
67 71
67 89
67 87
67 80
68 96
68 84
68 94
68 79
68 92
68 87
69 78
69 95
69 72
69 78
69 83
69 76
70 93
70 85
70 87
71 78
71 87
71 95
71 76
72 82
72 94
73 75
73 82
74 77
74 77
74 95
74 98
75 96
75 78
75 94
75 89
76 99
76 87
77 79
77 87
77 85
78 92
80 87
81 95
82 84
83 93
83 98
84 87
84 87
85 97
86 94
87 91
87 96
87 88
88 89
89 96
90 96
90 95
91 93
92 96
93 97
