0 66
0 66
0 64
0 80
0 71
0 31
0 63
1 27
1 25
1 78
1 63
1 97
1 76
1 69
1 86
1 85
1 27
1 48
1 4
1 74
1 79
2 73
2 30
2 72
2 42
2 77
2 22
2 55
2 19
2 90
2 90
3 75
3 38
3 60
3 88
3 56
3 67
3 62
3 19
3 29
4 8
4 41
4 14
4 65
4 37
4 39
4 15
4 55
4 63
4 30
4 62
5 35
5 55
5 81
5 27
5 69
5 26
5 13
5 58
5 87
6 41
6 58
6 78
6 36
6 65
6 29
6 20
6 58
6 70
7 96
7 28
7 82
7 78
7 95
7 21
7 98
7 32
7 25
7 56
7 75
7 97
8 46
8 74
8 81
8 38
9 50
9 59
9 36
9 25
9 58
9 32
9 79
10 42
10 42
10 65
10 34
10 82
10 67
10 87
10 54
10 11
11 28
11 92
11 13
11 68
11 49
11 55
11 23
11 73
12 88
12 71
12 85
12 51
12 78
12 28
12 63
12 31
12 83
12 63
12 58
12 95
13 67
13 26
13 38
13 95
13 16
13 39
13 57
13 49
13 19
13 28
13 44
13 77
13 81
14 64
14 96
14 29
14 32
14 96
14 31
15 73
15 94
15 28
15 69
15 40
15 95
15 51
15 28
15 75
15 58
15 34
15 68
16 49
16 94
16 94
16 86
17 85
17 79
17 69
17 89
17 50
17 46
17 79
17 88
17 80
17 37
17 95
17 94
18 61
18 42
18 47
18 80
18 55
18 19
18 92
19 70
19 77
19 93
19 46
19 87
19 53
19 63
19 86
19 99
19 55
20 67
20 43
20 34
20 77
20 66
20 62
20 43
20 60
20 50
20 36
20 40
20 32
20 40
20 31
20 59
20 23
21 79
21 89
21 45
21 87
22 58
22 26
22 33
22 35
23 32
23 90
23 46
23 61
23 33
23 47
24 49
24 85
24 58
24 52
24 55
24 34
24 97
24 27
24 26
24 84
25 68
25 53
25 46
25 79
25 67
25 67
25 96
25 29
25 72
25 94
25 62
25 28
26 87
26 60
26 93
27 89
27 99
27 55
27 42
27 86
27 37
28 60
28 81
28 66
28 70
28 87
28 98
28 79
28 55
28 47
28 33
28 35
28 87
29 33
29 80
29 37
29 97
29 44
30 95
30 48
30 84
30 68
30 47
30 85
30 94
30 43
31 34
31 69
31 34
31 94
31 97
31 44
31 50
31 63
32 52
32 66
32 61
32 76
32 93
33 40
33 83
33 57
33 64
33 76
33 67
34 94
34 50
34 76
34 61
34 67
34 43
34 62
34 53
35 70
35 54
35 68
35 75
35 76
35 84
35 63
35 47
35 74
36 73
36 70
36 73
36 56
36 92
36 98
36 42
36 53
36 96
36 90
37 47
37 65
37 79
37 86
37 86
37 96
38 42
38 55
38 71
38 77
39 52
39 93
39 91
39 91
39 81
39 66
39 61
39 55
40 48
40 99
41 51
41 74
41 58
41 60
41 89
42 51
42 49
42 84
42 72
42 97
42 88
42 96
42 45
42 77
42 92
42 99
43 90
43 92
43 59
43 92
43 95
44 77
45 64
45 50
45 46
45 60
46 93
46 83
46 96
46 99
46 69
46 87
46 88
46 85
46 85
46 50
47 50
47 79
47 58
48 89
48 84
48 82
49 95
49 96
49 80
50 90
50 58
50 81
50 56
50 79
50 60
50 99
50 66
51 99
51 80
51 87
51 83
51 84
51 80
51 67
51 71
51 90
52 75
53 73
53 56
53 85
53 71
54 92
54 67
54 55
54 74
54 70
55 63
55 88
56 68
56 69
56 84
56 97
56 76
56 60
56 58
57 70
57 88
58 97
58 84
58 78
58 71
59 63
59 79
59 79
59 96
60 71
60 66
60 86
60 94
60 99
61 88
61 71
61 94
61 68
62 64
63 65
63 68
63 77
63 71
64 74
64 88
64 71
64 87
65 85
65 66
65 67
67 92
67 77
68 69
68 87
68 84
69 96
69 82
71 87
71 94
71 72
73 94
73 97
74 80
74 92
74 83
75 94
75 96
76 96
77 95
78 92
78 96
78 98
79 90
79 90
79 94
79 97
79 94
79 88
80 82
80 82
80 99
81 88
81 87
82 91
83 96
83 94
83 94
85 88
85 94
86 91
87 95
87 94
88 94
89 99
90 98
90 92
92 99
93 95
93 97
94 99
95 97
