0 3
0 45
0 2
0 29
0 84
0 34
0 62
0 61
1 91
1 66
1 71
1 51
1 11
1 9
2 65
2 38
2 18
2 72
2 49
2 71
2 39
2 74
2 60
2 48
3 49
3 73
3 39
3 22
3 92
3 96
3 18
3 95
3 52
3 19
3 98
4 27
4 53
4 24
4 28
4 18
4 10
4 13
4 86
4 47
4 39
4 32
4 10
4 12
4 74
4 77
4 24
5 69
5 86
5 44
5 46
5 82
5 46
6 77
6 7
6 12
6 13
6 36
6 79
6 94
6 37
6 35
6 32
6 29
6 52
7 99
7 35
7 33
7 28
7 36
7 88
8 43
8 45
8 33
8 69
8 34
9 12
9 22
9 26
9 98
9 78
9 88
9 78
9 45
9 79
9 22
9 75
9 27
9 31
9 61
9 72
9 76
9 18
10 74
10 40
10 90
10 19
10 37
10 48
10 97
10 61
10 51
10 84
10 99
10 67
11 99
11 46
11 84
11 48
11 15
12 74
12 85
12 44
12 23
13 16
13 58
13 23
13 64
13 84
13 35
13 33
13 98
14 93
14 35
14 78
14 84
14 64
15 72
15 17
15 95
15 68
15 36
15 90
15 52
16 77
16 27
16 32
16 27
16 47
16 69
16 58
16 72
16 91
17 28
17 35
17 99
17 80
17 76
17 96
17 77
18 87
18 86
18 47
18 65
18 65
18 45
18 52
18 64
18 68
18 62
19 49
19 65
19 82
19 57
19 98
19 36
19 39
19 22
19 69
19 79
20 72
20 81
20 27
20 71
20 38
20 68
20 32
20 46
20 96
20 90
21 31
21 68
21 76
21 26
21 39
21 52
21 46
22 67
22 61
22 41
22 37
22 93
22 76
23 70
23 46
23 44
23 69
23 36
23 89
23 50
23 95
24 35
24 95
24 64
24 71
24 82
24 89
24 82
24 60
24 77
25 70
25 98
25 94
25 70
25 70
25 89
25 38
25 70
25 59
26 91
26 99
26 83
26 72
26 99
26 38
26 80
26 63
26 71
26 58
26 89
27 44
27 68
27 50
27 49
27 93
27 56
27 29
27 67
27 47
28 84
28 75
28 43
28 61
28 54
28 83
28 67
28 92
28 61
28 70
28 96
29 75
29 78
29 71
29 31
29 43
29 33
29 93
29 64
30 52
30 82
30 69
30 80
30 60
30 37
30 42
30 55
30 82
30 64
30 46
30 93
31 84
31 49
31 79
31 40
31 93
31 75
31 92
31 43
31 41
31 96
32 72
32 83
32 56
32 83
33 64
33 40
33 49
33 60
33 99
33 42
33 34
34 39
34 45
34 71
34 92
34 51
34 58
35 77
35 64
35 38
35 42
35 65
36 73
36 74
36 95
36 52
36 93
37 73
37 55
37 43
37 88
37 84
38 41
38 72
38 47
38 60
39 95
39 57
39 57
39 72
39 72
40 74
40 70
40 78
41 62
41 75
42 49
42 88
42 81
42 81
42 58
43 95
43 95
43 59
43 84
43 68
43 68
44 59
44 98
44 84
44 62
45 90
45 69
45 67
45 94
45 56
45 80
46 86
46 89
47 62
47 55
47 93
47 61
47 79
47 99
47 98
48 52
48 49
48 68
48 68
49 53
49 58
49 99
49 87
49 71
49 75
49 70
49 55
49 92
49 51
49 91
50 89
50 88
51 80
51 73
51 59
51 54
51 72
51 91
52 70
52 84
52 54
52 90
52 76
52 91
53 65
53 77
53 92
53 68
53 64
53 79
53 77
54 73
54 63
54 83
54 94
54 85
54 85
55 68
55 64
55 75
55 94
55 77
55 69
55 80
56 62
56 78
56 97
56 69
57 85
57 72
57 75
57 95
57 65
58 61
58 96
58 68
58 76
58 84
58 72
59 89
59 78
59 85
59 83
59 66
60 92
60 84
60 99
60 63
61 83
62 82
62 64
62 80
63 86
63 80
63 81
63 74
63 82
63 66
63 87
63 87
64 74
65 87
65 85
65 88
66 78
66 99
66 75
67 89
67 80
67 72
67 83
67 74
68 79
68 76
68 72
68 75
69 96
70 80
70 72
71 78
71 87
73 75
73 93
73 84
73 94
74 97
74 79
74 98
75 93
75 83
75 95
76 79
77 99
78 79
78 92
78 97
78 84
78 87
79 98
80 95
81 82
81 88
82 90
83 92
84 95
85 91
85 93
85 99
88 96
88 92
91 93
91 92
91 94
92 96
94 99
