0 58
0 58
0 22
0 25
0 45
0 2
0 45
0 79
0 41
1 88
1 84
1 49
1 91
1 41
1 66
1 13
1 52
1 25
1 2
2 48
2 15
2 99
2 41
2 73
2 67
2 17
2 37
2 19
2 81
3 11
3 53
3 89
3 86
3 19
3 84
3 30
4 76
4 8
4 24
4 76
4 35
4 65
4 96
4 71
4 33
4 31
4 79
5 57
5 59
5 96
5 57
5 7
5 75
5 46
5 20
6 15
6 37
6 99
6 82
6 23
6 11
7 46
7 33
7 64
7 31
8 17
8 83
8 64
8 86
8 64
9 75
9 67
9 88
9 44
9 30
9 42
9 97
10 80
10 99
10 92
10 32
10 95
10 49
10 84
10 60
10 31
10 36
11 31
11 94
11 75
11 67
11 83
11 35
11 42
12 46
12 17
12 54
12 50
12 19
12 27
13 22
13 45
13 98
13 82
13 56
13 56
13 59
13 75
13 94
14 92
14 26
14 47
14 81
14 73
14 76
14 87
14 66
14 31
14 40
14 50
15 41
15 20
15 19
15 52
15 60
15 31
15 79
15 34
15 59
15 84
15 42
15 96
15 65
16 63
16 35
16 47
16 39
16 97
16 32
16 42
16 31
16 54
16 33
17 21
17 62
17 20
17 51
17 55
18 53
18 50
18 72
18 56
18 51
18 83
18 63
19 60
19 53
19 96
19 64
19 71
19 72
19 98
19 84
20 96
20 41
20 70
20 22
20 88
20 84
20 83
20 71
20 43
20 96
20 83
21 22
21 82
21 86
21 66
21 94
21 95
22 35
22 78
22 38
22 42
22 94
22 41
22 55
23 34
23 48
23 89
23 38
23 55
23 78
23 26
23 66
24 64
24 73
24 41
24 37
24 72
24 45
24 70
24 62
24 36
24 46
25 55
25 82
25 66
25 94
25 83
25 45
25 58
25 72
25 94
25 99
25 72
25 92
25 95
25 90
26 73
26 49
26 81
26 70
26 45
26 31
26 38
26 68
26 53
26 62
26 36
27 89
27 58
27 46
27 81
27 48
27 59
27 68
27 66
27 74
27 74
27 82
28 97
28 70
28 61
28 62
28 91
28 34
28 76
28 74
28 41
28 88
28 42
28 38
28 80
28 30
28 78
28 76
29 76
29 43
29 96
29 52
29 54
29 39
29 49
29 43
29 96
29 99
29 98
30 68
30 68
30 50
30 41
30 97
30 95
31 58
31 94
31 38
31 90
31 89
31 65
31 90
31 55
31 75
31 61
32 72
32 58
32 64
32 61
32 95
33 57
33 77
33 58
33 58
33 73
33 85
34 59
34 61
34 50
34 58
34 72
35 88
35 86
35 50
36 58
36 88
36 52
36 91
37 98
37 57
37 88
38 47
38 56
38 69
39 73
39 59
39 93
40 76
40 95
40 74
40 54
40 98
41 67
41 76
41 90
41 74
41 46
41 45
42 77
42 62
42 70
42 77
42 92
43 48
43 50
43 65
43 61
43 44
43 72
44 87
44 63
44 47
44 57
45 57
45 63
45 55
45 63
46 48
46 58
46 94
46 54
46 50
46 93
47 63
47 72
47 84
47 88
47 53
48 67
48 53
48 62
48 69
48 63
48 80
49 83
49 61
49 53
49 87
49 93
50 75
50 77
50 77
50 98
50 91
51 94
51 90
51 64
51 74
51 58
52 75
52 68
52 90
52 86
52 82
52 55
52 66
52 81
53 85
53 84
53 90
53 85
53 62
54 95
54 58
54 99
54 68
54 87
54 66
54 98
55 71
55 63
55 78
55 93
55 98
55 72
55 92
56 74
56 68
56 72
56 83
57 72
57 93
57 97
57 81
57 72
57 85
57 91
57 69
58 95
58 81
58 94
58 91
58 88
58 87
59 62
59 99
59 83
60 89
61 87
61 66
61 98
61 96
61 89
61 88
61 74
62 86
62 94
62 93
62 96
63 72
64 82
64 68
64 72
64 79
64 96
64 71
65 66
66 73
66 69
66 70
67 73
67 68
68 97
68 95
69 94
69 70
69 90
69 98
69 78
70 87
71 94
72 97
72 88
72 98
72 80
73 97
73 96
73 88
73 83
74 93
74 97
74 84
74 95
75 76
75 90
76 96
76 96
77 97
79 83
79 99
80 83
81 89
81 89
81 99
83 94
83 90
84 94
84 87
85 93
85 96
85 91
86 95
87 91
88 96
89 91
90 99
91 94
93 94
95 98
96 98
96 97
