0 49
0 96
0 14
0 84
0 74
0 16
0 70
0 42
0 84
0 2
0 21
0 73
0 23
0 67
1 70
1 11
1 74
1 24
1 94
1 96
1 24
1 23
1 63
1 62
2 76
2 12
2 66
2 40
2 59
3 46
3 15
3 38
3 94
3 35
3 91
3 96
4 24
4 42
4 52
4 57
4 40
4 82
4 32
5 20
5 36
5 19
5 90
5 99
5 31
5 26
5 28
5 68
6 82
6 13
6 26
6 70
6 75
7 97
7 55
7 17
7 87
7 72
7 99
7 26
7 35
7 76
7 97
7 56
7 34
7 64
8 30
8 79
8 11
8 62
8 87
8 75
8 54
9 48
9 24
9 15
9 73
9 98
9 40
9 20
9 35
9 78
9 49
9 28
9 29
9 98
9 53
9 96
10 73
10 54
10 91
10 60
10 51
10 66
10 86
10 82
10 81
10 84
11 30
11 29
11 51
11 13
11 67
11 76
11 90
11 47
12 26
12 64
12 76
12 21
12 19
12 13
12 65
12 42
12 51
12 29
12 39
12 51
13 78
13 39
13 30
13 62
13 64
13 68
13 54
13 77
13 16
14 47
14 26
14 29
14 77
14 32
14 98
15 27
15 85
15 69
15 19
15 44
15 91
15 53
16 32
16 66
16 85
17 78
17 68
17 71
17 73
17 33
17 50
17 99
17 68
17 83
18 65
18 22
18 61
18 62
18 61
18 57
19 30
19 55
19 47
19 84
19 65
19 49
20 41
20 46
20 22
20 42
20 56
20 81
21 58
21 32
21 97
21 88
21 86
21 43
21 59
21 48
21 85
21 73
21 51
21 38
21 23
21 33
22 30
22 57
22 37
22 33
22 62
22 53
23 53
23 39
23 54
23 45
23 31
23 38
23 67
23 54
23 82
23 80
24 69
24 64
24 53
24 93
24 84
24 38
24 87
24 44
24 41
24 77
24 39
25 74
25 26
25 66
26 44
26 28
26 28
26 73
27 62
27 66
27 49
27 69
27 89
27 88
27 36
27 86
27 97
28 86
28 89
28 31
28 75
28 95
28 55
28 51
29 79
29 51
29 51
29 69
29 70
29 49
29 47
29 84
29 56
29 77
30 43
30 37
30 53
30 55
30 58
30 34
30 38
30 66
30 53
30 61
30 69
30 35
31 95
31 80
31 41
31 38
31 63
31 48
31 50
31 75
31 46
32 97
32 76
32 44
32 33
32 97
32 96
33 80
33 65
33 65
33 97
33 63
34 82
34 52
34 95
34 55
34 56
34 74
34 97
34 51
34 63
34 70
34 53
35 49
35 52
35 49
35 83
35 84
35 93
35 71
36 88
36 60
36 96
36 78
36 61
36 68
36 69
37 62
37 62
37 90
37 91
37 44
38 70
38 45
38 86
38 41
38 47
38 58
38 94
39 62
39 53
39 52
39 68
39 60
39 60
39 68
39 44
40 59
40 63
40 69
41 88
41 92
41 42
41 74
41 44
41 81
41 90
41 71
41 43
42 67
42 47
43 89
43 73
43 98
43 61
43 62
43 56
43 82
43 60
44 70
44 87
44 48
44 79
44 98
44 46
44 78
45 75
45 73
45 92
46 54
46 78
46 72
46 73
46 51
47 50
47 60
47 92
47 78
48 74
49 90
49 64
49 81
49 85
49 55
49 90
50 62
50 59
50 60
51 54
51 65
51 59
51 59
51 67
51 54
52 66
52 97
52 79
52 56
52 86
52 57
52 55
52 84
52 66
52 94
53 69
54 92
54 64
54 80
54 85
54 98
55 63
55 94
56 77
56 78
56 66
57 98
57 76
57 83
57 71
57 81
58 76
59 99
59 95
60 73
60 83
60 77
61 81
61 65
61 75
61 78
61 84
61 64
62 99
62 98
62 63
62 98
62 70
62 79
62 69
63 84
63 79
63 86
64 81
64 93
64 99
65 74
65 99
65 92
65 87
66 80
66 84
67 81
67 94
68 97
68 77
68 98
68 86
69 80
69 88
70 76
70 84
70 91
70 92
70 78
71 82
71 95
72 89
72 77
72 78
72 94
72 92
73 87
73 96
73 76
74 79
74 91
74 75
75 83
75 91
75 76
75 82
76 90
77 99
77 83
78 87
79 89
79 82
79 99
79 97
79 83
79 98
80 90
80 87
80 84
81 85
81 87
81 87
82 86
83 98
83 84
84 89
84 91
88 95
88 90
89 91
89 93
90 99
90 91
91 98
92 94
93 97
95 99
