0 99
0 45
0 27
0 18
0 73
0 10
0 29
0 18
0 50
0 66
0 49
0 4
1 18
1 9
1 38
1 13
1 90
1 71
1 29
1 37
1 62
1 29
2 11
2 11
2 85
2 56
2 68
2 76
2 85
2 37
2 68
2 66
2 17
3 75
3 94
3 30
3 47
3 13
3 76
3 67
3 53
4 26
4 83
4 72
4 79
4 8
4 45
4 69
4 77
4 88
4 66
4 6
4 89
4 8
4 94
5 74
5 53
5 57
5 58
5 59
5 44
5 24
5 72
5 34
6 38
6 25
6 61
6 28
6 24
6 39
6 95
6 84
6 71
6 18
7 23
7 76
7 39
7 38
7 86
7 73
7 86
7 87
7 26
8 97
8 90
8 27
8 25
8 81
8 70
8 65
8 29
8 88
8 39
8 31
8 65
8 91
9 89
9 44
9 97
9 57
9 63
9 89
9 88
9 16
10 26
10 66
10 11
10 45
10 67
10 51
11 88
11 38
11 41
11 69
11 49
11 25
11 95
11 76
12 75
12 95
12 18
12 87
12 82
12 90
13 29
13 19
13 59
13 28
13 63
13 34
13 33
13 58
13 47
13 34
13 94
13 55
13 91
13 34
14 24
14 56
14 40
14 44
14 65
14 78
14 15
14 38
14 27
14 67
14 64
15 31
15 60
15 49
15 47
15 30
15 35
15 54
16 46
16 86
16 74
16 60
16 69
16 37
16 61
16 46
16 45
16 21
16 90
16 54
17 89
17 75
17 32
17 36
17 66
18 59
18 97
18 35
18 90
18 97
18 67
19 22
19 35
19 66
20 31
20 74
20 52
20 96
20 38
20 32
20 59
21 56
21 35
21 62
21 45
21 87
21 99
21 52
21 93
21 92
21 68
21 75
22 87
22 97
22 85
22 92
22 86
22 62
22 64
22 28
22 74
23 56
23 24
23 57
23 34
23 54
23 48
23 63
23 33
24 92
24 43
24 30
24 62
24 43
25 52
25 44
25 51
25 83
26 78
26 70
26 48
26 97
26 32
26 88
26 86
26 87
26 88
26 37
27 62
27 59
27 91
27 38
27 92
27 68
27 63
28 86
28 46
28 37
28 95
28 49
29 80
29 37
29 52
29 43
29 44
30 80
30 66
30 83
30 88
30 62
30 98
31 95
31 58
31 78
31 54
31 52
31 49
32 66
32 96
32 79
32 66
32 65
32 54
32 53
33 60
34 47
34 83
34 48
34 96
34 73
34 96
34 37
34 82
34 92
34 71
34 67
35 46
35 97
35 65
35 42
35 53
35 36
36 74
36 68
36 56
36 55
36 75
37 39
37 52
38 67
38 80
38 72
39 78
39 93
39 51
40 78
40 58
40 79
40 44
41 83
41 74
41 62
41 77
42 63
42 53
42 86
42 60
42 68
43 85
43 90
43 49
43 83
43 77
43 77
43 54
43 48
44 79
44 64
44 60
44 72
45 56
45 55
45 55
45 87
45 65
45 52
45 63
45 67
45 65
46 92
46 78
46 91
46 58
46 95
46 50
46 93
46 99
46 86
46 96
46 74
46 59
47 80
47 67
47 93
47 72
47 93
47 57
47 54
48 85
48 65
48 90
48 99
48 78
48 91
48 57
49 94
49 78
50 88
50 95
50 87
50 68
50 77
50 56
50 80
50 67
50 52
50 52
50 74
51 75
51 70
51 68
51 82
51 94
52 78
52 77
53 75
53 96
53 77
53 86
53 71
53 68
54 96
54 88
54 65
54 71
54 92
55 59
55 57
55 97
55 66
55 79
55 83
55 65
55 98
55 61
56 90
56 86
56 60
56 78
56 86
56 80
57 66
57 71
57 91
57 61
57 89
57 74
58 65
58 97
58 60
59 63
59 78
59 90
59 76
60 83
60 67
60 97
60 65
61 93
62 86
62 83
62 83
62 79
62 75
62 82
63 70
63 85
63 69
63 69
63 83
63 95
64 71
64 77
64 73
64 71
64 73
64 76
64 72
65 82
65 76
65 82
65 83
65 91
66 93
66 91
66 75
67 99
67 81
67 81
67 96
67 74
67 84
68 83
68 71
69 91
71 99
71 86
71 77
71 88
71 93
72 93
72 87
72 95
72 98
73 93
73 80
73 89
74 86
76 90
76 80
76 96
77 82
79 81
79 95
79 97
80 81
81 86
83 93
84 98
86 87
86 95
90 96
90 92
90 91
91 93
91 99
93 97
93 99
93 96
93 96
95 97
96 97
