0 31
0 81
0 95
0 14
0 64
0 77
0 81
0 92
0 98
1 53
1 36
1 92
1 70
1 43
1 89
1 66
1 38
1 20
1 31
1 62
1 81
1 28
1 80
2 59
2 69
2 59
2 67
2 7
2 90
2 57
2 95
2 72
2 26
2 99
2 46
2 37
2 88
2 54
2 22
3 22
3 57
3 68
3 46
3 48
3 85
3 53
3 59
3 54
3 60
4 93
4 93
4 28
4 98
4 8
4 95
5 91
5 61
5 77
5 39
5 54
5 8
5 60
6 45
6 63
6 19
6 19
6 80
6 61
6 93
6 95
7 50
7 59
7 63
8 58
8 39
8 31
8 54
8 12
8 23
8 99
9 53
9 37
9 83
9 88
9 49
9 89
9 54
9 30
9 45
9 18
10 35
10 17
10 78
10 72
10 71
10 22
10 12
10 31
11 32
11 83
11 24
11 81
11 35
11 21
12 98
12 39
12 13
12 31
12 29
12 77
13 51
13 54
13 62
13 16
13 72
13 43
13 69
13 33
13 54
14 27
14 51
14 97
14 61
14 61
14 21
15 85
15 33
15 49
15 57
16 58
16 88
16 21
17 91
17 43
17 58
17 72
17 87
17 30
17 63
17 73
18 88
18 74
18 93
18 34
18 36
18 65
18 60
18 44
18 39
19 77
19 30
19 69
19 65
19 56
19 98
19 45
19 58
19 73
19 29
20 28
20 63
20 48
20 46
20 43
20 56
20 82
20 28
20 48
21 91
21 73
21 88
21 39
21 89
21 69
21 52
21 38
21 83
21 82
21 92
22 95
22 42
22 99
22 44
23 27
23 48
23 28
23 71
23 89
23 96
23 34
23 24
24 82
24 50
24 94
24 32
24 78
24 63
24 94
25 87
25 78
25 47
25 99
25 39
25 54
25 95
25 49
25 72
25 78
25 52
26 49
26 60
26 28
26 61
26 54
26 98
26 96
26 28
26 69
26 78
26 32
26 57
27 81
27 76
27 37
27 30
27 38
27 83
28 51
28 95
28 84
28 39
28 77
28 54
28 73
28 56
28 38
28 58
29 49
29 94
29 57
29 52
29 80
29 68
29 30
29 72
29 89
29 31
29 61
29 98
30 33
30 77
30 73
30 69
30 94
30 62
30 42
30 68
31 95
31 92
31 41
31 90
31 98
31 72
31 77
32 34
32 48
32 82
32 55
32 78
33 51
33 47
33 34
33 75
33 52
33 53
33 35
33 64
33 53
33 62
34 50
34 35
34 80
34 90
34 57
34 93
34 61
34 56
34 64
34 51
35 98
35 70
35 68
35 90
35 71
35 85
35 65
35 66
35 68
35 95
35 62
35 83
36 82
36 81
36 51
36 96
36 90
36 48
36 75
37 84
37 72
37 60
37 42
37 96
37 59
37 93
37 48
38 40
38 40
38 82
38 58
38 52
38 54
39 71
39 95
39 98
39 49
39 69
39 41
40 75
40 47
40 80
40 82
40 84
40 62
40 65
41 76
41 67
41 74
41 90
41 94
41 77
42 88
42 49
42 80
43 46
43 46
43 71
43 57
43 78
43 61
43 64
44 84
44 97
44 89
44 65
44 97
44 54
44 63
44 63
45 86
45 71
45 71
45 80
45 55
45 48
45 71
45 69
45 85
46 65
46 77
46 67
46 49
46 68
46 85
46 71
47 94
47 55
47 93
47 81
48 57
48 78
48 57
48 53
48 91
48 77
48 68
49 83
49 50
50 78
50 77
50 85
50 73
50 56
51 92
51 81
51 92
51 66
52 83
52 84
52 87
53 89
53 59
54 84
54 59
54 85
54 60
55 98
56 81
56 83
56 76
56 74
56 88
57 80
57 62
57 69
58 87
58 91
59 68
59 84
59 61
59 89
59 87
59 65
59 63
59 83
59 92
59 78
60 62
60 79
61 76
61 65
61 72
62 68
62 67
62 98
63 98
63 72
63 80
63 64
63 84
64 97
64 96
64 71
64 67
65 73
65 78
65 88
66 97
67 99
67 88
67 88
68 81
68 99
68 70
68 89
68 96
68 85
69 75
69 94
69 85
69 78
69 73
70 91
70 87
70 87
71 93
71 98
72 88
72 95
72 85
72 96
73 82
73 95
75 92
75 96
75 91
75 81
76 89
77 84
77 81
77 97
78 92
78 85
78 79
78 96
78 87
79 84
79 92
80 89
81 91
81 87
84 87
84 91
85 99
87 96
88 91
90 93
93 99
94 99
96 98
