0 23
0 4
0 16
0 88
0 55
0 56
0 62
0 15
0 77
0 34
0 18
1 60
1 93
1 93
1 32
1 59
1 35
1 93
1 51
1 86
1 24
1 74
2 58
2 25
2 59
2 28
2 37
2 46
2 94
3 28
3 67
3 31
3 36
3 35
3 54
3 12
3 51
3 31
3 55
3 73
3 33
3 16
4 85
4 52
4 64
4 5
4 47
4 56
4 86
4 55
4 97
5 95
5 68
5 78
5 64
5 47
5 94
5 45
5 41
5 16
5 57
6 99
6 56
6 79
6 93
6 41
6 41
6 66
6 78
6 12
6 44
7 81
7 24
7 55
7 48
7 27
7 80
7 71
7 37
7 71
7 61
7 8
7 65
7 13
7 76
7 84
8 19
8 29
8 73
8 74
8 83
8 41
9 77
9 54
9 78
9 87
9 55
9 75
9 94
10 29
10 57
10 54
10 45
10 35
10 47
10 77
10 37
10 65
10 14
11 63
11 65
11 52
11 29
11 89
11 90
11 66
11 45
11 89
11 13
12 82
12 31
12 70
12 19
12 72
12 37
12 25
12 62
12 35
13 21
13 93
13 74
13 57
13 56
13 86
13 81
13 96
13 89
13 47
14 21
14 37
14 83
14 49
14 65
14 39
14 22
14 44
14 57
15 36
15 29
15 48
15 90
15 94
15 24
15 56
15 88
16 38
16 33
16 28
16 65
16 73
16 61
16 74
16 89
16 98
16 55
16 44
17 32
17 46
17 34
17 96
17 34
17 63
17 19
17 83
18 57
18 75
18 65
19 30
19 46
19 66
19 91
19 21
19 97
19 65
19 28
19 83
19 29
19 67
19 71
20 80
20 25
20 45
20 72
20 86
20 61
20 26
21 59
21 28
21 77
21 60
21 61
21 45
21 68
21 71
22 37
22 36
22 63
22 35
22 37
22 86
22 50
22 72
22 60
23 43
23 24
23 90
23 75
23 32
23 30
23 95
24 57
24 41
24 80
24 96
24 28
24 29
24 66
24 48
24 74
24 92
24 95
25 42
25 83
25 62
25 42
25 55
25 46
25 40
25 63
26 74
26 47
26 99
26 99
26 60
26 51
26 60
26 72
27 86
27 96
27 83
27 50
27 45
27 43
27 41
27 89
28 59
28 54
28 81
28 91
28 72
28 83
29 90
29 75
29 39
29 30
29 74
29 71
29 82
29 91
29 49
30 69
30 75
30 65
30 63
30 70
30 66
30 58
30 35
31 48
31 85
31 61
31 51
31 67
31 85
31 91
31 32
31 78
31 71
31 68
32 64
32 39
32 50
32 95
32 38
32 95
33 92
33 86
33 93
33 55
33 62
33 97
33 97
34 71
34 67
34 45
34 96
35 39
35 83
35 90
35 65
35 77
35 38
35 58
35 72
35 70
36 88
36 50
36 52
36 49
37 73
37 57
37 62
37 71
37 91
37 40
38 47
38 95
38 78
38 67
38 84
38 61
38 54
38 71
38 72
38 50
39 47
39 49
39 46
39 96
39 41
39 62
39 85
39 47
39 74
40 54
40 95
40 75
40 63
40 77
40 46
40 76
40 60
41 91
41 77
41 78
41 84
41 72
41 89
41 87
41 63
41 67
41 63
42 67
42 52
42 98
42 66
42 75
43 62
43 61
44 99
44 55
44 49
44 91
44 50
44 48
44 50
45 99
45 74
45 64
46 86
47 61
47 81
48 95
48 82
48 72
48 70
49 85
49 65
49 67
49 53
49 97
50 98
50 64
50 91
50 71
50 91
51 99
51 78
51 57
52 70
52 64
52 85
52 84
53 82
53 54
53 56
54 60
55 61
55 61
55 70
56 84
56 77
56 69
56 87
56 62
56 81
56 85
56 69
57 88
57 61
57 85
57 82
57 86
57 97
57 96
58 87
58 90
58 98
58 78
58 91
58 80
58 72
58 93
59 60
59 95
59 76
59 99
59 86
60 95
60 76
60 72
60 86
60 69
60 75
60 98
60 99
61 91
61 99
62 72
63 71
63 97
63 86
64 96
64 87
65 82
66 81
66 96
67 91
67 83
67 80
67 91
67 89
68 88
69 82
69 70
71 75
71 78
71 73
72 90
72 90
72 88
73 95
73 79
73 83
74 79
75 84
75 77
75 99
76 79
76 86
77 98
77 87
78 93
78 91
79 84
79 99
79 89
79 81
80 88
80 81
80 88
80 88
81 94
81 85
84 92
85 90
86 92
86 92
86 92
88 90
