0 61
0 20
0 24
0 68
0 90
0 10
0 33
0 68
0 20
0 19
1 23
1 71
1 76
1 50
1 97
1 8
2 71
2 15
2 41
2 97
2 66
2 89
2 84
3 25
3 8
3 90
3 12
3 96
3 83
3 21
3 49
3 28
3 30
4 30
4 91
4 29
4 86
4 87
4 5
4 23
4 56
4 7
4 37
4 35
4 6
5 20
5 84
5 18
5 20
5 68
5 63
5 45
5 73
5 70
5 8
5 60
5 71
6 75
6 15
6 21
6 59
6 85
6 62
6 85
6 29
6 65
6 11
6 26
7 54
7 87
7 14
7 40
7 72
7 77
7 93
8 98
8 71
8 50
8 66
8 79
8 76
8 71
8 96
8 95
8 46
9 78
9 88
9 78
9 54
9 90
9 30
9 92
10 34
10 90
10 55
10 76
10 11
10 55
10 75
10 65
10 82
10 11
10 69
10 83
10 38
10 30
10 15
11 49
11 95
11 66
11 19
11 70
11 40
11 29
11 12
12 31
12 30
12 85
12 83
12 64
12 86
12 91
12 61
12 79
12 70
12 49
12 98
12 16
13 74
13 91
13 36
13 26
13 68
13 54
13 66
13 32
13 28
13 41
13 24
13 50
13 57
13 37
13 79
14 23
14 57
14 59
14 96
14 24
15 37
15 62
15 80
15 44
15 41
15 31
15 28
15 47
15 85
15 34
16 89
16 66
16 58
16 98
16 69
16 96
16 59
17 74
17 56
17 86
17 19
17 41
17 31
17 38
17 58
17 35
17 36
18 29
18 72
18 97
18 41
18 63
18 52
18 75
18 99
18 82
18 58
19 29
19 75
19 43
19 82
19 65
19 85
19 74
19 77
19 33
19 66
19 84
20 48
20 54
20 29
20 42
20 90
20 33
20 84
20 42
20 53
20 36
20 75
20 73
21 38
21 81
21 83
21 87
21 97
21 47
21 47
22 57
22 83
22 93
22 72
22 47
22 28
22 49
22 41
23 33
23 93
23 29
23 91
23 31
23 68
23 95
23 63
24 27
24 34
24 47
24 85
24 65
25 87
25 63
25 60
25 70
25 43
26 53
26 39
26 29
26 67
26 75
26 81
27 69
27 98
27 98
27 40
27 72
28 42
28 88
28 65
28 77
28 48
28 43
28 72
28 65
29 73
29 82
29 84
30 50
30 57
30 81
30 75
31 90
31 90
31 58
31 88
32 35
32 69
32 72
32 37
32 69
33 71
33 64
33 44
33 93
33 97
33 51
33 78
33 55
33 84
34 63
34 35
34 41
34 91
34 82
34 44
35 56
35 36
35 71
35 83
35 59
35 48
35 45
37 39
37 58
37 69
37 60
37 39
38 97
38 74
38 71
38 81
38 67
38 68
39 86
39 62
39 64
39 50
40 53
40 56
40 83
40 99
40 58
40 97
41 68
41 57
41 54
41 69
41 42
42 91
42 96
42 66
42 55
42 62
43 93
43 90
43 64
43 71
43 92
43 72
43 77
44 97
44 47
44 71
44 51
44 66
44 47
45 47
45 77
45 62
45 80
45 68
45 91
45 75
46 94
46 57
46 82
46 52
46 59
46 71
46 54
46 67
47 82
47 90
47 93
47 88
47 78
47 89
48 89
48 77
48 86
48 85
49 60
49 67
49 88
50 69
50 69
50 57
50 82
51 68
51 94
51 65
51 91
51 71
51 90
52 70
52 57
52 94
52 72
52 71
52 62
53 79
53 96
53 68
53 71
53 58
53 61
54 58
54 66
54 97
54 95
54 59
54 96
54 55
54 62
55 87
55 61
55 70
56 79
56 84
56 79
57 77
57 88
57 58
57 70
57 70
58 89
58 68
58 67
59 85
59 63
59 61
59 66
60 85
60 74
60 95
61 91
61 80
61 88
61 98
61 72
62 94
62 84
62 97
63 67
63 90
64 89
64 70
64 97
64 90
65 68
66 96
66 93
66 82
67 95
67 87
67 99
67 68
67 97
68 70
68 82
68 71
69 77
69 83
69 95
69 89
69 93
69 80
69 85
69 84
69 74
70 82
70 95
70 73
70 71
71 78
71 74
72 77
72 96
72 87
72 88
72 76
72 75
72 79
73 77
74 85
74 99
75 87
75 91
76 89
77 78
79 83
79 97
79 90
79 93
79 80
79 94
79 85
80 89
80 91
80 98
81 94
81 98
81 92
82 95
84 94
84 91
85 89
86 90
87 88
89 97
89 94
89 98
91 98
97 99
