0 9
0 88
0 51
0 65
0 44
0 97
0 84
0 23
0 44
0 88
0 15
1 88
1 25
1 17
1 42
1 13
1 93
1 94
2 95
2 3
2 54
2 75
2 82
2 50
2 44
2 36
2 35
2 78
2 16
2 96
2 94
2 18
2 4
2 57
3 44
3 44
3 12
3 84
3 86
3 33
4 82
4 49
4 45
4 68
4 33
4 67
4 21
4 63
4 72
4 50
4 85
4 40
4 22
4 27
5 28
5 52
5 18
5 19
5 99
5 31
5 87
5 26
6 22
6 51
6 67
6 24
6 60
6 19
6 75
6 11
6 30
7 25
7 8
7 48
7 95
7 70
7 96
7 96
7 18
7 62
7 29
7 24
7 86
7 74
7 30
7 54
8 65
8 95
8 58
8 37
8 42
8 71
9 83
9 76
9 76
9 24
9 25
9 21
10 50
10 22
10 12
10 29
10 23
10 19
10 35
10 30
10 13
10 62
10 56
10 12
11 94
11 35
11 15
11 88
11 27
11 92
11 72
11 95
12 13
12 29
12 29
12 86
12 91
12 43
12 26
12 36
13 95
13 33
13 42
13 22
13 43
13 86
13 61
14 53
14 77
14 32
14 73
14 66
15 56
15 95
15 31
15 99
15 54
15 39
15 22
15 80
15 75
15 22
15 51
15 99
15 64
15 44
16 70
16 28
16 23
16 35
16 59
16 82
16 77
16 79
16 61
16 62
17 48
17 62
17 42
17 56
17 24
18 24
18 46
18 71
18 88
18 33
18 97
19 33
19 41
19 93
19 65
19 28
19 47
19 58
19 81
19 47
20 96
20 49
20 87
20 68
20 83
20 82
20 66
20 55
21 22
21 56
21 65
21 76
21 63
21 83
21 45
21 26
21 92
21 89
21 50
21 42
22 30
22 56
22 90
22 46
22 98
22 37
22 30
22 46
23 94
23 61
23 60
23 63
23 53
23 54
23 41
24 60
24 53
24 88
24 77
24 58
24 79
25 82
25 96
25 61
25 69
25 81
25 54
25 44
25 75
25 27
26 49
26 82
26 41
26 73
26 62
26 35
26 75
26 27
27 81
27 32
27 54
27 84
27 97
27 73
27 69
27 99
28 93
28 87
28 94
28 70
28 75
28 72
28 29
29 56
29 66
29 32
29 31
29 95
29 64
29 49
29 41
29 90
29 62
30 59
30 76
30 50
30 51
31 89
31 77
31 71
31 37
31 90
31 53
31 72
31 58
31 99
31 41
31 37
31 42
32 79
32 86
32 98
32 95
32 38
32 36
33 82
33 90
33 61
33 49
33 64
33 38
34 88
34 36
34 44
34 61
34 50
34 98
34 49
34 38
35 56
35 78
35 49
35 82
35 58
35 97
35 78
35 42
35 74
35 63
36 40
36 59
36 71
36 69
36 74
36 58
36 74
37 56
37 88
37 42
37 53
37 67
37 93
37 54
37 79
37 69
38 78
38 85
38 91
38 41
38 62
38 79
38 90
39 99
39 82
39 84
39 53
40 47
41 94
41 93
41 67
42 53
42 93
42 48
42 67
43 89
43 77
43 57
43 93
43 99
43 90
44 76
44 85
44 55
44 55
44 57
44 65
45 97
45 91
45 84
45 91
45 95
45 79
45 64
45 66
45 99
46 90
46 63
46 58
46 52
46 64
46 92
46 51
47 97
47 60
47 78
47 83
47 65
47 74
48 94
48 49
49 90
49 87
50 58
51 64
51 94
51 78
51 85
51 84
51 73
51 94
51 84
52 87
52 81
52 62
52 58
52 54
53 99
53 71
53 66
54 75
54 67
54 74
55 80
55 73
55 71
55 61
55 71
55 68
55 75
55 91
56 98
56 64
56 68
56 58
56 97
56 63
57 94
57 89
57 66
58 70
58 88
58 89
59 88
60 81
60 96
60 78
60 66
60 83
61 99
61 99
62 75
62 75
63 99
63 98
64 91
64 95
64 89
65 90
65 96
65 68
65 91
66 83
66 80
66 69
66 90
67 83
67 71
69 84
69 75
69 72
69 93
70 84
71 88
71 80
71 92
72 86
72 80
72 95
73 97
73 88
74 83
74 94
74 91
75 85
75 82
75 82
76 94
76 89
77 94
77 85
77 81
77 88
77 79
78 86
79 80
79 81
79 80
80 97
80 92
80 98
80 95
81 94
82 91
82 86
82 94
83 91
84 96
84 98
85 87
86 89
86 94
87 92
88 95
88 97
93 97
93 98
94 98
94 98
