0 49
0 8
0 79
0 10
0 12
0 7
0 92
0 13
0 18
0 22
0 89
0 47
0 85
1 81
1 54
1 91
1 68
1 21
1 4
1 46
1 41
1 87
1 22
1 94
1 26
1 3
1 50
1 54
2 39
2 6
2 8
2 19
2 82
2 39
2 63
2 74
2 80
2 89
2 52
2 78
3 44
3 69
3 45
4 22
4 21
4 59
4 71
4 42
4 87
4 31
4 86
4 62
4 45
5 12
5 8
5 89
5 90
5 44
5 83
5 52
5 17
5 17
5 48
5 42
6 7
6 36
6 87
6 17
6 42
7 28
7 74
7 35
7 73
7 65
7 65
8 82
8 89
8 69
8 17
8 46
8 75
8 15
8 98
9 85
9 21
9 96
9 90
9 12
9 26
9 56
10 29
10 12
10 15
10 47
10 53
10 67
10 52
10 62
11 37
11 64
11 14
11 91
11 31
11 29
11 50
11 20
11 88
12 73
12 67
12 73
12 90
12 42
12 73
12 54
12 55
12 89
13 96
13 76
13 73
13 78
13 23
13 45
13 58
13 39
13 56
14 22
14 67
14 36
14 75
14 15
14 45
14 85
14 71
15 58
15 26
15 21
15 66
15 42
15 84
15 84
15 82
15 98
15 51
15 38
15 19
16 54
16 57
16 71
16 38
16 43
16 93
16 72
16 74
17 25
17 76
17 78
17 67
17 29
17 81
18 37
18 31
18 23
18 58
18 27
18 89
18 63
18 55
18 95
18 76
18 80
18 98
18 33
18 59
19 74
19 21
19 89
19 68
19 60
20 72
20 69
20 27
20 70
20 90
20 95
21 62
21 58
21 65
21 82
21 60
21 53
22 52
22 27
22 59
22 63
22 73
22 34
22 48
23 30
23 76
23 83
23 97
23 94
23 87
23 72
23 25
24 46
24 38
24 39
24 50
24 25
24 59
24 54
24 66
24 99
24 97
24 80
24 33
24 26
25 97
25 83
25 67
25 45
25 34
25 80
25 84
25 80
25 97
25 70
26 47
26 63
26 64
26 27
26 68
26 31
27 89
27 35
27 89
27 52
27 80
27 61
27 79
27 62
28 34
28 69
28 33
28 43
29 42
29 92
29 35
29 96
29 79
29 50
29 77
29 67
29 45
29 51
29 63
29 93
30 69
30 44
30 64
30 61
30 77
30 38
31 63
31 77
31 37
31 43
31 81
31 47
31 70
31 37
31 34
31 94
31 74
31 38
32 62
32 98
32 64
32 97
32 86
32 38
32 87
32 58
32 98
33 70
33 37
33 39
33 97
33 59
33 56
33 43
33 47
34 83
34 51
34 60
34 58
34 89
34 59
34 71
35 71
35 49
35 78
36 53
36 72
36 43
36 70
36 80
36 90
36 91
36 63
37 70
37 84
37 48
37 68
37 77
38 53
38 86
38 86
38 43
38 65
38 50
38 47
38 49
38 67
39 47
39 42
39 45
39 77
39 94
39 96
39 48
40 77
40 74
40 73
40 49
40 91
40 61
41 66
41 87
41 62
41 68
41 55
42 53
42 59
42 93
42 66
42 73
42 80
42 48
42 81
42 94
42 58
43 85
43 73
43 74
43 55
43 92
44 56
44 47
44 94
44 81
44 72
45 52
45 82
45 81
45 76
45 98
45 73
45 75
46 98
46 52
47 54
47 49
47 66
47 73
47 84
48 97
48 71
48 55
48 92
48 52
49 78
49 93
49 74
49 80
49 73
49 99
49 80
50 76
51 93
51 69
51 95
52 68
52 53
52 95
53 75
53 85
53 62
53 57
53 73
53 55
53 98
54 55
54 88
54 78
54 97
55 77
55 83
55 65
55 76
56 84
56 87
56 98
56 88
57 77
57 79
57 89
57 89
57 84
57 77
57 75
57 86
58 97
58 90
59 83
59 94
60 63
61 69
61 86
61 79
61 65
61 73
62 66
62 75
62 64
62 71
63 67
63 69
63 64
64 67
64 75
64 72
64 87
64 70
65 80
65 72
66 74
67 89
67 76
67 72
68 78
69 96
70 82
70 93
70 72
70 77
70 85
70 93
70 80
71 81
71 94
71 96
71 93
72 97
72 74
73 77
73 96
73 79
74 79
74 87
74 85
74 99
75 85
76 87
76 96
76 78
77 93
78 84
79 98
80 86
80 86
81 92
81 93
82 83
83 91
83 88
83 98
83 96
84 98
84 94
88 99
89 95
89 93
90 92
90 96
91 99
91 97
91 98
92 99
