0 69
0 93
0 82
0 15
0 52
0 49
0 66
0 38
0 56
0 90
0 23
0 66
1 22
1 64
1 24
1 21
1 43
1 47
1 56
1 12
1 46
2 51
2 61
2 90
2 60
2 57
2 81
2 52
2 56
2 46
2 48
2 90
3 38
3 65
3 15
3 85
3 94
3 23
4 80
4 27
4 77
4 16
4 12
4 98
4 78
4 66
4 84
5 73
5 39
5 12
5 45
6 96
6 99
6 13
6 52
6 44
6 93
6 80
6 25
6 81
6 10
6 15
7 22
7 22
7 15
7 36
7 42
7 56
7 71
8 90
8 40
8 94
8 62
8 87
8 43
8 45
8 52
8 35
8 9
9 98
9 25
9 35
9 14
9 60
9 47
9 36
9 94
10 42
10 69
10 68
10 21
10 92
10 51
10 93
10 87
10 19
11 23
11 63
11 86
11 49
11 48
11 81
11 86
11 72
11 26
12 33
12 98
12 77
12 13
12 33
12 83
12 93
12 57
12 65
12 44
13 48
13 59
13 81
13 40
13 44
13 31
13 63
13 37
14 58
14 91
14 78
14 52
14 81
14 46
14 45
14 92
14 78
15 39
15 25
15 19
15 56
15 39
15 46
15 28
15 76
15 54
15 53
16 71
16 62
16 74
16 58
16 78
16 50
16 39
17 81
17 32
17 91
17 43
17 97
18 97
18 56
18 27
18 54
18 61
18 93
18 27
18 74
19 63
19 95
19 60
19 68
19 78
19 58
19 31
19 74
19 48
19 82
19 40
20 31
20 33
20 87
20 31
20 37
20 36
20 27
20 26
21 63
21 55
21 31
21 31
21 47
21 67
22 33
22 55
22 81
22 74
22 80
22 36
23 27
23 66
23 34
23 31
23 69
23 51
23 95
24 45
24 80
24 54
24 71
24 99
24 43
24 48
24 71
24 89
24 69
24 38
24 93
24 32
24 58
25 91
25 32
25 75
25 98
25 53
26 88
26 92
26 54
26 64
26 97
26 59
27 94
27 52
27 44
27 32
27 58
27 97
27 45
27 53
27 40
28 39
28 69
28 64
28 79
28 88
29 40
29 53
29 85
29 35
29 91
29 69
29 44
29 50
30 73
30 82
30 59
30 57
30 46
31 73
31 49
32 38
32 70
32 67
32 65
32 74
32 54
32 95
32 35
32 69
33 52
33 51
33 70
33 50
33 46
33 53
33 54
34 77
34 38
34 58
34 39
34 35
34 89
34 61
34 73
35 60
35 85
35 40
35 74
35 86
35 80
35 53
36 51
36 94
36 80
36 47
36 77
36 47
36 53
36 66
37 96
37 58
37 45
37 87
37 83
37 65
37 95
37 83
37 84
37 80
38 96
38 47
38 97
38 45
38 45
39 41
39 86
39 60
40 46
40 83
40 87
40 70
40 56
40 63
40 55
41 44
41 83
41 55
41 62
41 53
42 96
42 95
42 53
42 76
42 87
42 65
42 84
43 86
43 79
43 52
43 88
43 90
43 63
43 53
43 68
43 76
44 79
44 48
44 94
44 56
44 96
44 97
44 89
44 79
45 78
45 90
45 88
45 88
45 66
45 84
45 81
46 63
46 87
46 65
46 98
46 68
46 83
46 64
47 91
47 50
47 79
47 77
47 70
48 64
48 60
48 51
49 68
49 57
49 76
49 74
50 74
50 87
50 80
51 95
51 64
51 85
51 65
51 52
51 90
51 91
51 56
52 56
52 65
52 75
52 90
53 83
53 82
54 57
54 79
54 86
54 65
54 97
55 74
55 73
55 61
55 59
56 81
56 75
56 68
57 58
57 96
57 80
57 67
57 66
57 91
58 79
58 81
58 87
59 70
59 99
59 64
59 74
59 88
60 85
60 69
60 76
61 62
61 78
61 88
61 80
61 64
61 86
62 85
62 63
62 68
62 92
63 85
63 83
63 79
63 75
64 76
64 94
64 94
64 69
64 85
65 94
65 72
65 68
65 82
66 76
66 68
66 84
66 67
66 69
67 80
67 77
67 85
67 74
67 75
68 92
68 76
68 99
69 72
69 95
70 87
70 95
71 84
71 82
72 99
72 85
73 82
73 97
73 88
75 88
75 91
77 88
78 79
79 92
79 96
79 97
79 87
79 90
80 84
80 85
81 91
81 87
81 82
81 82
81 99
82 83
82 99
83 96
83 96
83 97
84 93
85 96
85 99
86 88
86 89
87 91
88 93
88 98
90 99
91 96
91 94
92 95
96 98
