0 81
0 28
0 51
0 17
0 9
0 7
0 62
0 33
0 17
0 15
0 35
0 27
1 16
1 84
1 53
1 81
1 20
2 19
2 83
2 34
2 43
2 57
2 72
2 41
2 85
2 17
2 16
3 65
3 5
3 49
3 25
3 86
3 63
3 32
3 70
4 76
4 57
4 51
4 34
4 95
4 88
4 70
4 97
4 28
5 29
5 50
5 76
5 62
5 18
5 12
5 47
5 76
5 57
5 83
6 39
6 56
6 11
6 87
6 76
6 80
6 28
6 64
7 74
7 25
7 12
7 31
7 16
7 64
7 71
7 55
7 97
7 90
7 47
8 31
8 26
8 28
8 31
8 59
8 33
8 81
8 19
8 77
8 78
8 14
9 45
9 91
9 78
9 15
9 54
9 40
9 25
9 85
10 58
10 76
10 31
10 22
10 43
10 65
10 65
11 78
11 52
11 50
11 41
11 23
11 56
11 86
11 70
11 55
11 51
12 15
12 87
12 92
12 84
12 37
12 65
12 32
12 26
13 15
13 39
13 73
13 17
13 37
13 43
13 60
13 45
13 24
13 88
13 93
13 84
13 28
14 34
14 37
14 62
14 88
14 83
14 94
14 50
14 74
15 90
15 67
15 87
15 38
15 90
15 86
15 32
15 44
15 89
15 56
16 98
16 37
16 59
16 95
16 24
16 85
16 42
16 46
17 45
17 34
17 91
17 19
17 52
17 99
17 68
17 28
17 79
17 46
17 33
18 24
18 64
18 59
18 99
18 38
18 45
19 34
19 69
19 68
19 61
19 21
19 23
19 55
19 61
19 46
19 43
19 79
20 70
20 29
20 68
20 30
20 25
20 59
20 91
20 45
21 90
21 56
21 29
21 85
21 26
21 99
22 63
22 80
22 24
22 91
22 33
22 93
22 71
22 65
23 59
23 25
23 65
23 30
23 40
23 29
23 36
24 69
24 96
24 67
24 72
24 51
24 89
25 71
25 52
25 69
26 53
26 66
26 83
26 45
26 43
26 35
26 66
26 51
26 71
26 86
26 59
26 34
26 38
26 99
27 87
27 34
28 84
28 54
28 30
28 74
28 76
28 41
28 42
29 68
29 56
29 34
29 97
29 72
29 73
29 96
29 92
29 62
29 49
30 86
30 70
30 56
30 69
30 56
30 65
30 68
31 33
31 73
31 38
31 51
31 60
31 58
31 35
31 90
32 74
32 78
32 81
32 48
32 44
32 68
33 94
33 78
34 76
34 41
34 52
34 78
34 93
35 53
35 55
35 64
35 92
36 51
36 97
36 53
36 96
36 59
36 71
36 59
36 73
36 90
36 52
37 99
37 76
37 38
37 98
37 53
37 96
38 77
38 85
38 58
38 91
38 42
38 99
38 43
38 57
39 45
39 99
40 95
40 50
40 81
40 94
40 56
40 95
40 78
40 78
40 81
40 49
41 98
41 49
41 66
42 60
42 53
42 91
42 52
42 77
43 49
43 53
43 88
43 69
44 73
44 50
44 82
44 61
44 45
44 76
44 80
45 68
45 70
45 53
45 95
45 69
45 86
45 61
45 49
45 93
46 92
46 59
46 58
46 66
47 68
48 59
48 61
48 94
48 74
48 63
48 72
48 56
48 82
48 65
49 77
49 53
49 85
49 84
50 78
50 82
50 98
50 78
50 80
50 58
50 54
51 78
51 91
51 90
51 79
51 88
52 62
52 75
52 94
53 82
53 67
53 79
53 54
53 98
53 70
54 85
54 69
54 81
54 75
55 75
55 85
55 88
55 79
55 88
55 58
56 75
56 64
56 70
56 94
56 79
56 99
56 88
56 62
57 95
57 74
57 66
57 92
58 71
58 84
58 99
58 72
58 82
59 73
59 97
59 62
59 80
60 94
60 83
60 74
60 90
60 85
61 62
62 78
62 78
62 94
63 95
63 93
63 97
63 91
64 74
64 85
65 94
65 67
65 91
66 95
66 97
66 86
66 96
66 73
67 83
67 98
67 70
68 98
68 93
68 94
68 82
69 83
69 99
69 95
69 82
70 97
70 93
70 95
70 81
71 74
72 75
72 86
72 95
74 91
74 82
74 98
75 85
75 95
76 99
76 81
77 99
77 96
77 81
78 95
79 91
80 96
80 87
80 86
80 99
80 97
81 92
81 87
82 89
82 89
84 88
85 90
85 93
87 98
88 95
88 89
88 95
89 99
89 94
90 99
91 98
92 99
92 93
92 95
94 98
95 96
