0 6
0 48
0 93
0 44
0 57
0 14
0 46
0 3
0 57
0 97
0 39
0 19
0 32
0 90
0 11
1 4
1 87
1 32
1 52
1 46
1 27
1 34
1 29
1 15
1 54
2 84
2 90
2 21
2 72
2 91
2 50
3 94
3 20
3 48
3 55
3 77
3 45
3 7
3 6
3 77
4 98
4 55
4 47
4 83
4 10
4 16
4 29
4 94
4 56
4 73
4 37
5 34
5 57
5 91
5 95
5 19
5 8
5 79
5 85
5 42
5 57
5 35
6 38
6 79
6 80
6 20
6 29
6 22
6 40
6 22
7 83
7 48
7 65
7 38
7 44
7 40
7 81
7 37
7 25
7 34
7 78
7 43
7 24
7 10
7 70
7 21
7 36
8 47
8 35
8 67
8 82
8 49
9 51
9 60
9 43
9 38
9 49
9 53
9 57
9 66
9 85
9 18
10 25
10 34
10 93
10 95
10 67
10 11
10 75
10 38
10 42
10 26
10 68
11 16
11 24
11 64
11 26
11 57
11 52
11 41
11 30
11 25
12 86
12 13
12 90
12 54
12 39
12 43
12 72
12 46
12 50
13 34
13 79
13 98
13 84
13 32
13 72
13 17
13 94
13 15
14 37
14 29
14 23
14 15
14 91
15 22
15 60
15 36
15 19
15 45
15 92
16 36
16 87
16 71
16 50
16 85
16 96
17 96
17 36
17 65
17 39
17 43
18 86
18 96
18 95
18 43
18 73
19 90
19 32
19 92
19 80
19 34
19 40
19 52
19 63
20 62
20 42
20 80
20 66
20 81
20 87
20 83
20 80
21 47
21 67
21 85
21 62
21 27
21 43
21 81
21 33
21 38
21 86
21 92
22 40
22 43
22 36
23 85
23 72
23 63
23 27
23 63
23 93
23 48
23 76
23 90
23 81
24 37
24 76
24 91
24 76
24 31
24 62
24 87
24 53
24 76
24 77
24 72
24 61
25 61
25 89
25 84
25 44
25 45
26 89
26 68
26 51
26 30
26 59
26 82
26 28
26 61
26 92
26 86
26 86
27 45
27 35
27 82
27 46
27 42
27 73
27 93
27 48
27 91
27 32
27 83
27 51
27 75
27 57
28 34
28 88
28 60
28 78
28 91
28 61
28 82
28 39
29 75
29 91
29 41
29 77
30 74
30 71
30 54
30 77
30 71
30 91
30 62
30 92
30 33
30 70
30 86
31 76
31 64
31 37
31 43
31 86
31 38
31 62
31 33
32 74
32 46
32 41
32 43
33 91
33 71
33 77
33 75
34 57
34 75
34 37
34 80
34 49
34 76
34 68
34 39
34 84
34 90
34 62
35 56
35 63
35 46
35 68
35 70
35 81
35 48
35 67
35 54
36 42
36 50
36 72
36 77
36 99
36 44
36 42
36 55
36 73
36 45
36 86
37 51
37 77
37 71
37 43
38 47
39 79
39 96
39 54
39 96
40 56
40 58
40 93
40 51
40 42
41 51
41 46
41 71
41 49
42 75
42 56
42 77
42 90
42 55
42 52
43 58
43 98
43 50
43 55
43 52
43 58
43 65
43 94
44 83
44 63
44 68
44 78
44 63
44 87
44 51
44 76
45 61
45 70
45 78
45 60
45 98
46 79
46 70
46 77
46 98
46 70
47 89
47 55
47 76
47 75
48 56
48 91
48 65
49 58
49 81
49 57
49 66
49 79
49 67
50 77
50 80
50 86
50 86
50 79
51 76
51 54
51 70
52 89
52 87
53 66
53 82
53 54
53 85
53 78
53 90
53 59
53 81
53 61
54 76
54 64
54 70
55 95
55 79
55 67
56 83
56 95
56 72
56 98
56 77
56 91
56 64
56 75
58 87
58 72
58 76
58 80
59 77
59 78
59 92
59 71
59 70
60 69
60 91
60 77
60 82
60 69
60 86
60 78
61 82
62 73
62 94
62 84
62 64
63 92
63 68
63 80
64 82
64 78
64 92
64 84
64 83
65 82
65 82
66 70
66 76
66 79
66 92
67 99
67 71
68 86
68 75
68 76
69 99
69 97
70 93
70 91
70 95
71 90
71 90
72 99
73 81
73 79
73 84
73 87
74 99
74 81
74 85
74 92
75 78
75 99
75 94
77 84
77 80
77 90
77 79
78 84
78 90
78 85
78 89
79 80
81 91
82 98
82 89
84 99
84 93
84 85
84 93
85 89
85 93
86 93
86 94
88 89
89 94
90 96
92 95
94 99
94 99
