0 41
0 95
0 88
0 82
0 80
0 56
0 6
0 29
0 40
0 38
1 76
1 10
1 7
1 47
1 50
1 62
1 33
1 66
1 98
1 20
1 31
1 17
1 46
2 46
2 38
2 19
2 79
2 18
2 63
2 31
2 18
2 88
2 68
2 10
3 69
3 4
3 34
3 47
3 68
3 96
3 69
3 16
3 24
3 49
3 75
4 72
4 48
4 18
4 78
4 35
4 29
5 39
5 98
5 97
5 96
5 15
5 82
5 14
6 26
6 47
6 91
6 28
6 65
6 86
6 55
6 30
6 61
6 75
6 12
6 49
7 8
7 57
7 86
7 57
7 70
7 47
7 21
8 20
8 73
8 44
8 82
8 85
8 20
9 23
9 95
9 99
9 97
9 58
9 73
9 13
9 29
10 65
10 91
10 55
10 63
10 79
10 82
10 18
10 59
10 35
10 59
10 68
10 59
10 72
10 52
11 62
11 93
11 96
11 89
12 80
12 14
12 26
12 64
12 68
12 95
12 66
12 45
13 68
13 30
13 21
13 95
13 14
13 78
14 20
14 85
14 39
14 40
14 26
14 29
14 52
14 72
14 95
14 99
14 28
14 95
15 25
15 36
15 53
15 30
15 76
15 79
15 49
15 81
15 37
15 83
15 30
16 97
16 40
16 26
16 48
16 65
16 37
16 94
16 38
16 24
16 41
16 87
16 22
16 39
17 94
17 37
17 50
17 52
17 45
17 88
17 71
17 98
17 82
17 43
17 74
17 21
18 45
18 22
18 27
18 75
18 40
18 64
18 48
18 43
19 67
19 83
19 27
19 46
19 83
19 77
19 34
19 65
20 21
20 73
20 70
20 50
20 44
20 78
20 39
20 23
20 49
20 63
20 34
21 52
21 96
21 90
21 75
21 99
21 62
22 34
22 84
22 85
22 70
22 25
22 46
22 84
23 26
23 68
23 82
23 26
23 73
23 59
24 61
24 41
24 84
25 34
25 41
25 66
25 44
25 30
25 93
25 93
25 54
25 86
25 95
25 86
26 99
26 52
26 80
26 46
27 45
27 72
27 60
27 50
27 83
27 90
27 28
27 64
28 46
28 83
28 70
28 61
28 76
28 70
29 62
29 32
29 49
29 70
29 31
29 99
29 65
29 75
29 74
29 84
29 36
29 31
30 74
30 90
30 47
30 99
30 95
31 95
31 44
31 97
31 75
31 43
32 66
32 52
32 80
32 69
32 78
32 34
32 69
32 98
32 41
33 95
33 79
33 70
33 49
33 37
33 36
34 65
34 92
34 48
34 48
34 91
35 38
35 75
35 53
35 96
35 60
35 40
35 45
36 65
36 50
36 75
36 82
36 73
36 62
36 56
36 48
36 39
37 73
37 83
37 57
37 90
38 75
38 61
38 68
38 73
38 51
39 90
39 71
39 48
39 83
39 45
39 61
39 72
39 94
40 83
40 93
40 65
40 89
40 47
40 61
40 63
40 44
40 94
41 65
41 94
41 90
42 93
42 84
42 79
42 59
42 57
43 87
43 86
43 51
43 90
44 49
44 57
44 49
45 59
45 85
45 76
45 48
46 94
46 94
46 59
46 61
46 53
46 61
46 60
47 82
47 81
47 67
47 67
47 53
47 80
48 60
48 88
48 99
48 99
48 86
48 57
48 59
49 76
49 57
49 99
49 78
49 53
49 50
49 92
50 65
50 55
50 73
50 59
50 80
50 60
50 69
51 60
51 79
51 70
51 70
52 93
52 93
53 62
53 78
53 85
53 77
53 59
54 91
54 64
54 59
54 69
55 72
55 97
55 59
55 88
55 87
56 82
56 69
56 87
57 77
57 78
58 92
58 74
58 85
58 80
58 89
58 76
59 80
59 79
59 93
59 89
60 76
60 85
60 99
60 69
61 76
61 81
61 96
61 71
61 96
62 86
62 85
62 63
62 78
63 70
63 68
63 95
63 74
64 91
65 78
65 80
65 76
65 71
66 68
66 86
66 95
66 81
67 92
67 91
68 69
69 72
69 71
69 77
69 97
69 82
70 99
70 88
70 96
70 87
71 84
71 99
71 83
72 97
72 75
73 91
73 95
75 79
75 93
75 77
75 87
76 88
77 93
78 92
78 91
78 82
78 99
78 88
79 95
79 86
79 86
79 99
79 90
80 97
80 99
80 97
81 89
81 96
82 99
82 95
83 98
84 91
85 95
85 89
85 94
87 96
88 91
88 90
90 97
91 97
93 95
