0 58
0 9
0 46
0 85
0 66
0 54
0 91
0 23
0 7
0 46
1 54
1 32
1 16
1 80
1 28
1 38
1 13
1 51
1 36
1 76
1 31
2 69
2 92
2 27
2 32
2 76
2 25
2 97
2 59
2 3
2 17
2 44
2 49
2 85
2 83
2 41
2 60
3 86
3 49
3 70
3 91
3 33
3 50
3 59
3 38
3 70
4 50
4 17
4 44
4 9
4 6
4 22
4 94
4 78
5 18
5 25
5 45
5 26
5 42
5 7
5 19
6 24
6 24
6 99
6 18
6 41
6 76
6 30
6 46
6 60
6 96
6 53
7 25
7 95
7 79
7 36
7 53
7 18
7 92
7 97
7 31
7 42
7 61
7 53
8 11
8 86
8 72
8 81
8 44
8 91
8 58
8 13
8 50
8 24
9 29
9 33
9 17
9 52
9 22
9 84
9 40
9 30
9 43
10 97
10 33
10 45
10 36
10 78
11 23
11 36
11 64
11 45
11 59
11 93
11 39
12 68
12 73
12 78
12 88
12 90
12 13
12 91
12 25
12 33
12 92
13 40
13 22
13 78
13 64
13 92
13 74
13 63
13 40
13 58
14 18
14 17
14 88
14 54
15 44
15 99
15 61
15 54
15 87
15 25
15 36
16 99
16 56
16 72
16 25
16 85
16 63
16 37
16 23
16 49
17 65
17 36
17 83
17 22
17 55
18 43
18 69
18 47
18 84
18 37
18 94
18 51
18 51
18 92
18 97
18 91
18 37
19 34
19 35
19 36
20 51
20 93
20 37
20 88
20 85
20 46
20 25
20 39
20 71
21 74
21 36
21 33
21 67
21 86
21 79
21 38
21 37
21 65
21 22
21 84
22 55
22 40
22 55
22 96
22 45
22 65
22 68
22 35
22 97
23 83
23 61
23 66
23 68
23 24
23 41
23 81
23 54
23 70
23 68
24 36
24 31
24 50
24 81
25 48
25 71
25 44
25 37
25 98
25 74
26 92
26 84
26 94
26 84
26 28
26 49
26 96
26 42
27 60
28 65
28 42
28 62
28 79
28 55
29 51
29 87
29 35
29 90
29 88
30 61
30 60
30 72
30 43
30 83
30 81
30 39
30 68
30 66
30 71
30 57
31 82
31 51
31 84
31 45
31 76
31 44
31 84
31 61
31 81
32 81
32 52
32 79
32 86
32 42
32 95
33 55
33 35
33 71
33 49
33 66
33 52
33 68
34 42
34 46
34 39
34 58
35 87
35 46
35 84
35 58
35 86
35 97
36 62
36 91
36 65
36 78
36 80
36 70
36 64
37 66
37 40
37 71
37 72
37 52
37 93
37 95
38 76
38 53
38 39
38 79
38 89
38 60
38 88
38 85
38 82
39 43
39 98
39 57
39 42
39 71
39 67
39 51
39 91
40 63
40 95
40 95
40 48
40 70
40 72
41 58
41 56
41 58
41 68
41 94
41 80
41 55
42 99
42 60
42 48
42 62
42 80
42 54
42 53
42 75
42 92
43 95
43 70
43 72
43 79
43 79
43 50
43 56
44 94
44 99
44 46
44 69
44 80
44 89
45 88
45 73
45 83
45 88
45 96
45 97
46 88
46 56
46 68
46 69
47 94
47 97
47 78
47 64
47 87
47 53
47 78
47 66
48 64
48 95
48 78
48 50
48 49
48 69
49 53
49 83
49 96
49 83
49 63
50 73
50 77
50 67
50 71
50 93
51 54
51 64
51 91
52 79
52 73
52 58
52 81
52 61
52 71
52 94
53 68
53 78
53 79
53 84
53 94
54 61
54 99
55 69
55 69
55 71
55 77
55 82
55 91
55 72
55 76
55 70
55 92
56 90
56 83
56 83
56 91
56 72
56 89
56 84
57 94
57 62
57 70
58 84
58 91
58 86
58 95
59 70
59 86
59 88
59 70
59 60
59 94
59 83
60 97
60 93
61 96
62 67
62 83
63 83
64 93
64 98
65 75
65 70
65 85
65 88
65 83
66 92
67 93
68 79
68 80
69 91
69 81
70 72
70 78
71 75
71 78
71 88
71 79
71 81
72 94
72 96
72 83
73 90
73 74
73 85
74 90
74 95
75 78
75 91
76 96
76 94
77 97
78 81
78 80
78 82
78 89
78 96
79 89
79 82
80 90
81 90
81 91
81 91
83 90
83 98
84 97
84 92
85 98
85 87
85 97
85 94
85 86
88 98
89 95
90 92
93 96
94 96
94 98
95 99
97 99
