0 90
0 44
0 71
0 14
0 20
0 45
0 38
0 9
0 80
0 15
0 10
0 83
0 22
0 19
0 75
1 87
1 18
1 49
1 21
1 51
1 79
1 52
1 26
1 72
2 59
2 22
2 28
2 75
2 51
2 21
2 7
2 26
2 22
3 49
3 42
3 63
3 19
3 96
3 29
3 63
3 48
3 35
3 44
3 7
3 38
3 46
3 56
3 58
4 19
4 38
4 52
4 36
4 91
4 53
4 74
4 94
4 92
4 5
4 38
4 52
4 13
4 85
5 47
5 45
5 76
5 59
5 79
5 33
6 14
6 50
6 94
6 55
6 64
6 45
6 18
6 67
6 17
6 17
6 46
7 33
7 27
7 18
7 96
7 73
7 87
7 93
7 27
7 48
7 42
7 57
7 46
8 25
8 38
8 28
8 76
8 37
9 39
9 12
9 31
9 97
9 22
9 34
9 99
9 72
9 94
10 19
10 99
10 83
10 34
10 38
10 51
10 78
10 11
10 36
10 84
11 81
11 26
11 48
11 54
11 20
11 56
11 16
11 32
11 71
12 65
12 78
12 56
12 74
12 29
12 20
12 43
12 88
12 20
12 46
12 74
13 20
13 90
13 45
13 76
13 26
13 71
13 78
13 86
14 74
14 92
14 66
14 79
14 87
14 94
14 96
14 37
14 42
14 62
14 31
15 48
15 40
15 37
15 59
15 78
16 19
16 69
16 75
17 97
17 87
17 72
17 66
17 26
17 36
18 29
18 25
18 29
18 21
18 57
18 72
18 63
18 75
18 35
18 44
19 71
19 53
19 22
19 38
19 76
19 37
19 23
19 71
19 58
19 49
19 80
19 32
19 30
19 92
19 72
20 55
20 97
20 21
20 33
20 96
20 30
21 28
21 68
21 76
21 75
21 74
21 22
22 78
22 91
22 33
22 99
22 62
22 55
22 72
22 92
23 55
23 31
23 95
23 59
23 65
24 46
24 80
24 69
24 95
24 79
24 89
24 91
24 58
24 85
25 28
25 27
25 58
25 60
25 44
25 99
26 33
26 32
26 29
26 50
26 95
26 53
26 65
26 76
26 27
27 85
27 49
27 76
27 53
27 53
27 49
27 35
27 36
28 59
28 40
28 63
28 41
28 92
28 65
29 71
29 68
29 79
29 49
29 85
29 90
29 53
29 30
30 47
30 78
30 53
30 40
30 45
30 82
30 75
30 68
30 97
30 88
31 64
31 80
31 63
31 78
31 52
31 38
31 62
31 81
32 66
32 73
32 71
32 57
32 90
32 33
32 98
32 78
33 58
33 70
33 96
33 68
33 82
33 35
33 52
34 40
34 95
34 62
34 58
34 99
35 84
35 92
35 43
35 75
35 36
36 84
36 91
36 47
36 68
36 83
36 48
37 49
37 80
37 62
37 93
37 76
37 68
37 52
37 49
37 38
37 91
37 50
37 87
38 87
38 78
38 98
39 70
40 59
40 55
40 67
41 67
41 84
41 91
41 57
41 64
41 79
42 74
42 66
42 70
42 56
42 89
42 88
43 92
43 60
43 75
43 75
44 63
44 96
44 49
44 73
44 97
44 82
45 89
45 82
45 88
45 71
46 48
46 90
46 92
47 91
47 69
47 60
47 92
47 97
48 49
48 84
48 76
49 66
49 88
50 62
50 54
50 66
50 57
50 94
50 75
51 91
51 64
51 91
51 64
51 75
52 86
52 63
53 70
53 88
53 92
53 81
53 97
53 74
54 83
54 58
54 72
55 91
55 96
55 75
56 58
56 75
56 66
57 86
57 80
57 74
57 85
57 67
57 95
58 83
58 65
58 61
58 78
58 96
58 84
58 72
59 60
59 85
59 88
60 67
60 71
60 66
60 70
61 92
61 87
61 97
61 95
62 79
62 75
62 71
62 72
63 88
63 95
63 68
63 80
64 92
65 95
65 80
65 78
66 76
66 83
67 83
67 86
67 83
68 91
68 72
68 98
69 77
69 91
69 79
69 74
69 86
69 89
70 78
70 93
70 78
71 86
71 73
71 79
72 80
72 81
72 80
73 84
73 81
73 97
73 80
73 97
74 98
74 86
75 93
75 84
75 90
76 86
76 88
76 78
77 82
77 97
78 97
79 84
79 99
80 98
80 91
81 95
81 98
82 94
82 98
82 91
82 86
83 98
83 93
83 92
83 92
85 89
85 91
87 98
88 97
88 96
88 96
88 97
90 92
91 93
92 97
96 97
98 99
