0 19
0 44
0 1
0 61
0 47
0 51
0 45
0 61
0 76
0 37
0 47
1 39
1 20
1 16
1 69
1 21
1 30
1 51
1 82
1 10
2 42
2 72
2 38
2 77
2 57
2 59
2 62
2 14
2 83
2 89
2 28
3 79
3 15
3 15
3 84
3 48
3 71
3 63
3 9
3 99
4 56
4 34
4 63
4 24
4 77
4 88
4 69
5 74
5 28
5 92
5 7
5 63
5 97
5 41
5 39
5 22
5 67
5 99
5 55
5 97
6 68
6 73
6 72
6 98
6 47
6 20
6 88
6 53
6 51
6 55
6 24
6 80
7 63
7 22
7 56
7 46
7 31
7 91
7 56
7 88
8 65
8 51
8 34
8 29
8 99
8 47
8 38
9 79
9 54
9 51
10 94
10 57
10 55
10 52
10 93
10 40
10 33
10 65
11 71
11 49
11 67
11 65
11 42
11 31
11 94
11 38
12 53
12 18
12 58
12 56
12 34
12 72
12 22
13 85
13 21
13 46
13 73
13 25
13 79
13 47
13 99
13 71
13 50
14 87
14 77
14 62
14 31
14 96
14 75
14 99
14 36
14 74
14 62
14 87
14 37
14 53
14 37
14 56
15 17
15 51
15 76
15 93
15 87
15 56
15 79
15 84
15 40
15 40
15 45
16 87
16 81
16 17
16 75
16 67
17 27
17 38
17 85
17 22
17 70
17 69
18 80
18 29
18 42
18 63
18 85
18 33
18 84
19 47
19 79
19 51
19 77
19 38
20 26
20 60
20 63
20 92
20 84
20 93
20 81
21 81
21 71
21 71
21 28
21 95
21 45
21 29
21 87
22 27
22 93
22 42
22 83
22 89
22 23
22 63
23 69
23 46
23 36
23 91
23 98
23 60
23 90
23 29
23 64
23 90
23 84
24 99
24 62
24 96
24 49
24 31
25 53
25 31
25 87
25 28
25 91
25 68
25 48
25 33
25 57
25 39
25 70
25 46
26 70
26 47
26 59
26 32
26 37
26 42
26 85
26 39
27 55
27 79
27 88
27 80
27 60
27 79
27 80
27 57
27 36
27 32
28 82
28 71
28 67
28 42
28 51
28 93
29 69
29 83
29 96
29 45
29 75
29 60
29 64
29 50
30 36
30 59
30 41
30 46
30 69
30 95
30 51
31 48
31 44
31 45
31 59
31 96
31 79
31 98
31 54
31 91
31 59
32 38
32 77
32 60
32 46
32 71
32 85
32 65
32 64
32 71
32 68
33 40
33 85
33 51
33 88
33 65
33 83
33 78
33 44
33 64
34 38
34 90
34 79
34 77
34 83
34 91
34 55
34 55
35 63
35 80
35 52
36 82
36 54
36 49
36 74
36 59
37 67
37 65
38 78
38 42
38 47
38 59
38 40
39 90
39 72
39 77
39 99
40 58
40 48
40 42
41 83
41 78
41 94
41 72
41 82
42 51
42 99
42 43
42 92
42 87
42 74
42 48
43 49
43 59
43 59
43 71
43 80
44 70
44 51
44 88
44 54
44 96
45 83
45 76
45 54
46 82
46 77
46 53
47 87
47 60
47 84
48 81
48 67
48 50
48 77
48 55
48 89
48 74
49 65
49 65
49 77
49 64
50 78
50 71
50 79
50 85
50 83
51 57
51 85
51 92
51 87
51 73
51 69
51 76
51 82
51 59
51 52
51 95
52 73
52 97
52 96
52 82
52 81
52 58
53 71
53 63
53 88
54 96
54 93
54 79
54 64
55 68
55 72
55 74
55 73
55 74
55 63
55 64
56 82
56 86
56 59
56 57
56 88
56 97
57 91
57 90
57 59
57 96
58 71
58 93
58 83
58 72
58 87
58 96
58 75
58 59
59 88
59 84
59 60
59 71
60 94
60 88
60 83
60 62
61 82
62 89
62 82
63 95
63 89
63 73
63 85
63 78
63 75
63 66
64 86
64 95
64 88
64 67
64 69
65 98
65 95
65 75
65 87
66 76
66 93
66 93
66 73
67 80
67 94
68 89
68 77
68 95
69 80
69 87
71 93
71 89
72 76
72 86
72 77
72 80
73 84
73 99
73 74
74 76
74 85
74 78
76 82
76 77
77 88
77 81
77 81
78 89
79 85
79 95
79 80
79 88
79 96
79 91
79 82
80 96
80 82
81 84
83 84
83 95
84 88
84 95
84 85
84 98
85 93
86 87
87 94
87 98
88 91
88 95
88 99
89 98
90 92
91 95
93 99
93 96
