0 9
0 52
0 84
0 6
0 91
0 23
0 32
1 44
1 71
1 28
1 26
1 10
1 40
1 62
1 49
1 89
1 54
1 38
2 62
2 62
2 32
2 28
2 89
2 36
2 34
2 29
2 92
2 60
2 79
3 19
3 85
3 90
3 86
3 15
3 49
3 76
3 74
3 37
3 31
4 54
4 98
4 65
4 30
4 65
4 85
4 20
4 41
4 45
4 98
4 44
5 92
5 23
5 27
5 35
5 88
5 48
5 29
5 13
5 15
5 48
5 16
5 23
6 99
6 53
6 92
6 59
6 55
6 52
6 11
6 8
6 67
6 65
7 26
7 44
7 99
7 19
7 8
7 43
7 12
7 12
7 61
7 26
7 84
8 49
8 24
8 56
8 66
8 87
8 50
8 83
8 32
9 38
9 53
9 25
9 93
9 77
9 75
9 66
10 41
10 41
10 45
10 38
10 99
10 61
10 85
10 30
10 74
10 78
10 92
11 87
11 13
11 68
11 98
11 39
11 18
11 54
11 94
11 36
11 39
11 92
12 73
12 17
12 50
12 34
12 67
12 31
12 43
12 16
12 79
13 86
13 85
13 59
13 91
13 14
13 45
13 96
13 99
13 30
13 51
14 21
14 72
14 78
14 57
14 93
14 91
14 88
14 80
14 95
14 84
14 42
15 22
15 85
15 91
15 18
15 60
16 96
16 87
16 97
16 52
16 57
16 44
16 93
16 68
16 80
16 73
16 36
17 21
17 59
17 86
17 72
17 27
17 65
17 62
17 85
18 43
18 66
18 60
18 37
18 49
18 24
18 84
19 90
19 79
19 33
19 92
19 93
19 50
19 26
19 24
19 77
19 85
20 96
20 90
20 93
20 84
20 85
20 50
20 90
20 53
20 60
20 64
20 56
21 75
21 84
21 76
22 29
22 37
22 85
22 61
22 44
22 38
23 24
23 60
23 93
23 48
23 57
23 52
23 85
23 25
23 45
24 65
24 91
24 85
24 99
24 65
24 56
24 27
24 73
25 41
25 30
25 45
25 39
25 54
25 28
25 38
25 27
25 99
25 56
26 51
26 38
26 74
26 95
26 35
26 58
26 50
26 78
27 44
27 67
27 64
27 56
27 32
27 44
27 71
27 44
27 49
28 65
28 88
29 60
29 79
29 39
29 86
29 56
29 73
29 67
29 91
29 68
29 38
29 68
29 75
30 84
30 49
30 36
30 69
30 40
30 88
31 77
31 75
31 55
31 91
31 38
31 68
31 74
31 99
31 47
32 53
32 64
32 49
32 77
32 75
32 95
32 83
32 76
32 59
32 46
33 38
33 79
33 38
33 65
33 71
34 36
34 92
34 39
34 89
34 58
35 39
35 43
35 46
35 82
35 93
35 65
36 62
36 51
36 78
36 55
37 78
37 97
37 93
37 66
38 84
38 56
38 40
38 66
38 87
38 76
38 62
38 43
38 72
39 93
39 40
39 57
39 43
40 85
40 66
40 59
40 95
40 56
40 78
40 76
40 46
40 45
41 42
41 88
42 99
42 98
42 76
42 73
43 60
43 60
43 60
43 60
43 49
43 66
43 45
43 51
44 54
44 47
44 47
44 56
44 83
44 89
45 53
45 99
45 82
45 96
45 92
45 89
46 62
46 53
46 75
46 95
46 87
46 68
46 71
47 78
47 50
47 93
48 87
48 91
48 82
49 60
49 74
49 57
49 71
50 51
50 86
50 94
50 66
51 59
51 53
51 99
51 77
51 69
52 59
52 92
52 96
52 59
52 87
53 95
53 65
53 69
53 54
53 75
53 81
54 96
54 84
54 59
54 76
54 76
55 57
55 91
55 65
55 61
55 65
55 95
55 78
56 70
57 84
57 63
57 94
58 71
58 93
58 71
58 89
58 62
58 82
58 60
58 83
58 77
59 79
59 83
59 60
59 67
59 85
60 93
60 84
60 70
60 95
60 72
60 93
61 92
62 94
63 70
63 93
63 81
63 89
63 66
63 85
64 66
64 90
64 87
64 97
65 87
65 69
66 84
66 79
66 99
67 94
67 93
67 79
67 86
67 93
68 99
69 86
69 70
70 83
70 96
70 79
70 76
70 91
70 97
72 79
72 83
73 81
73 89
74 83
74 87
74 98
74 85
75 97
75 92
76 92
76 84
77 92
78 88
78 95
78 80
79 81
79 81
79 86
79 91
79 80
79 81
80 92
80 83
81 91
81 91
82 93
86 90
88 90
89 94
