0 38
0 6
0 29
0 28
0 42
0 29
0 20
0 29
0 78
0 64
0 32
0 62
0 7
0 37
1 33
1 27
1 76
2 77
2 38
2 24
2 24
2 6
2 67
2 15
2 4
2 20
2 93
2 77
2 73
2 82
3 49
3 46
3 71
3 64
3 62
3 78
3 13
3 60
3 87
3 14
3 94
3 83
3 74
3 64
4 98
4 39
4 40
4 64
4 90
4 50
4 74
4 81
4 87
4 19
4 88
4 13
4 74
4 75
4 13
5 39
5 39
5 83
6 97
6 84
6 81
6 57
6 46
6 68
6 17
6 23
6 16
6 87
6 19
7 26
7 37
7 31
7 29
7 21
7 43
7 22
7 57
7 61
7 86
7 16
7 63
7 80
7 14
8 20
8 13
8 46
8 53
8 24
8 67
8 67
8 89
8 27
8 58
8 52
9 77
9 56
9 68
9 63
9 62
9 72
9 63
9 55
9 31
9 45
9 87
9 31
9 10
9 67
10 99
10 12
10 95
10 65
10 21
10 13
10 38
10 17
10 68
10 71
11 36
11 39
11 34
11 33
11 20
11 19
11 39
11 26
12 23
12 31
12 61
12 16
12 69
12 93
12 15
12 99
12 77
12 62
12 54
12 45
12 17
13 96
13 77
13 81
13 65
13 40
14 29
14 76
14 42
14 48
14 73
14 26
14 65
14 95
14 97
14 39
14 31
15 28
15 41
15 99
15 49
15 29
15 93
15 48
15 96
15 97
16 39
16 66
16 33
16 36
16 97
17 70
17 62
17 83
17 75
17 45
17 19
17 89
18 66
18 51
18 27
18 56
18 40
18 94
18 44
18 23
18 45
18 94
18 49
18 37
19 73
19 27
19 36
19 88
19 81
19 83
19 88
19 79
20 81
20 68
20 48
20 99
20 86
20 88
20 45
20 46
20 56
20 99
20 58
20 60
20 45
20 74
21 34
21 47
21 84
21 68
21 72
21 94
21 70
21 93
21 97
21 59
21 56
22 88
22 80
22 85
22 64
22 52
22 81
22 50
22 78
23 72
23 44
23 87
23 48
23 66
23 29
23 26
24 99
24 99
24 74
24 89
24 34
24 65
24 78
24 45
24 76
25 96
25 70
25 52
25 34
26 57
26 53
26 70
27 78
27 40
27 87
27 92
27 45
27 34
28 69
28 88
28 43
28 87
28 68
28 65
28 38
28 92
29 46
29 67
29 86
29 98
30 89
30 96
30 96
30 81
30 88
30 73
30 36
30 39
30 91
31 92
31 96
31 33
32 48
32 98
32 77
32 37
32 90
32 82
32 72
32 67
33 35
33 38
33 81
33 87
33 58
33 82
33 57
33 84
33 60
34 79
34 89
35 85
35 71
35 51
35 59
35 83
35 60
35 69
36 48
36 52
36 67
36 95
36 92
37 45
37 78
37 48
37 66
38 87
38 64
38 43
38 42
38 67
38 86
38 40
39 86
39 60
39 45
39 82
40 55
40 92
41 63
41 86
41 88
41 74
41 43
41 64
41 72
42 94
42 70
43 73
43 82
43 51
43 70
44 70
44 96
45 77
45 86
45 92
45 79
45 70
45 67
45 53
45 89
46 77
46 84
46 71
46 97
46 63
47 53
47 87
47 83
48 51
48 62
48 56
48 71
49 60
49 76
49 86
49 76
49 79
49 94
49 96
49 69
50 86
50 81
50 86
50 94
50 94
51 66
51 90
51 99
51 80
52 57
52 94
52 96
52 55
52 83
53 60
53 88
53 57
53 73
53 90
53 93
53 88
53 59
53 77
53 78
54 70
54 96
54 94
55 70
56 63
56 76
57 93
57 96
57 77
58 81
58 65
58 99
58 78
58 87
58 98
58 74
59 81
59 93
59 83
59 69
60 64
60 66
60 78
60 91
61 80
61 64
61 63
61 98
62 98
62 85
62 82
63 80
63 78
63 85
63 93
63 89
64 79
64 92
65 69
65 68
65 86
65 67
66 76
66 88
66 72
66 89
66 74
67 86
67 91
67 91
67 93
67 89
68 80
68 97
68 82
68 90
68 82
68 99
69 85
69 85
70 78
70 88
71 77
72 80
72 97
73 86
73 83
73 94
73 92
74 84
74 90
74 87
75 89
75 99
75 96
75 84
75 82
76 97
77 96
78 93
79 87
79 82
80 82
80 94
80 83
82 88
82 94
82 92
83 90
84 88
86 88
86 97
87 93
87 92
88 99
89 96
89 92
89 91
96 98
