0 96
0 33
0 43
0 56
0 57
0 99
0 39
0 93
0 3
0 25
0 31
0 78
0 79
0 66
1 52
1 51
1 41
1 63
1 49
1 26
1 54
1 57
2 20
2 48
2 56
2 84
2 42
2 67
2 36
2 97
3 71
3 5
3 61
3 95
3 67
3 53
3 35
3 59
3 36
4 65
4 75
4 73
4 37
4 99
4 7
4 63
4 60
4 28
5 12
5 6
5 19
5 30
5 42
5 49
5 42
5 29
5 97
6 71
6 35
6 18
6 61
6 46
6 92
6 36
6 91
6 28
6 73
6 61
6 89
6 60
7 67
7 69
7 87
7 61
7 88
7 40
7 85
7 86
7 17
7 53
8 40
8 53
8 71
8 66
8 39
8 79
9 30
9 23
9 70
9 82
9 85
9 72
9 73
9 84
9 82
9 38
9 42
10 68
10 72
10 42
10 51
10 58
10 37
10 36
10 33
11 53
11 94
11 88
11 59
11 89
11 32
11 50
11 76
11 56
12 74
12 56
12 92
12 32
12 45
12 43
12 33
12 97
12 62
12 55
13 59
13 68
13 23
13 82
13 41
13 71
13 99
13 60
13 19
13 82
14 57
14 55
14 50
14 41
14 63
14 41
15 89
15 35
15 90
15 96
15 50
15 79
15 65
15 45
16 98
16 91
16 79
16 41
16 38
16 87
17 96
17 34
17 50
17 91
17 61
17 49
17 78
17 49
18 48
18 80
18 84
18 55
18 84
18 78
18 41
18 87
18 57
18 20
18 27
18 68
18 69
19 42
19 40
19 97
19 63
19 20
19 72
19 38
19 96
19 77
20 24
20 65
20 49
20 89
20 95
20 92
20 72
20 52
20 49
20 62
21 93
21 86
21 77
21 75
21 77
21 76
21 30
22 79
22 70
22 48
22 86
22 99
22 65
23 67
23 93
23 42
23 71
23 97
23 90
23 37
24 42
24 89
24 73
24 99
24 56
24 35
24 88
25 92
25 70
25 99
25 54
25 36
26 39
26 92
26 41
26 31
26 49
26 70
26 48
26 73
26 73
26 89
26 72
26 64
26 56
27 82
27 70
27 47
27 78
28 80
28 29
28 56
28 74
29 77
29 59
29 50
29 50
29 65
29 85
29 44
29 46
29 93
29 35
29 85
29 86
29 89
30 78
30 97
30 90
30 67
30 58
31 45
31 92
31 86
31 67
31 50
31 92
31 89
31 41
31 90
31 63
31 76
32 69
32 47
32 50
32 84
32 94
32 79
32 39
33 95
33 74
33 53
34 92
34 53
34 53
35 93
35 47
35 88
35 56
35 91
35 97
35 84
35 73
35 59
36 48
36 65
36 89
36 42
36 71
36 90
36 86
37 62
37 59
37 45
37 50
37 68
37 89
37 63
37 63
38 99
38 88
38 89
38 46
38 88
38 67
38 91
38 92
38 60
39 67
39 87
39 90
39 57
39 40
39 88
39 48
39 74
39 70
40 62
40 68
40 48
40 48
40 73
40 55
40 77
40 43
40 87
41 54
41 96
41 84
41 93
41 68
41 61
41 43
42 92
42 87
42 71
42 97
42 46
43 72
43 84
43 72
43 98
43 49
43 92
44 61
44 84
45 66
45 98
45 48
45 65
45 67
46 66
46 77
46 98
46 83
46 70
47 61
47 99
47 90
47 56
47 49
48 53
48 90
48 58
48 93
48 67
48 54
48 61
49 82
49 87
49 55
50 95
50 70
50 51
50 78
50 75
51 72
51 93
51 85
51 95
51 82
52 55
52 94
52 59
52 67
53 84
53 84
53 72
53 89
53 67
54 72
54 78
54 99
54 83
54 79
54 97
55 86
55 78
56 84
57 76
57 98
57 76
58 66
58 61
58 94
59 73
59 98
59 93
59 94
60 86
60 87
60 99
61 88
61 71
61 66
61 73
62 84
62 68
63 81
63 85
64 65
65 89
65 87
65 99
67 68
67 79
67 69
68 71
68 73
68 86
68 71
68 97
69 84
69 90
69 96
69 92
70 92
70 94
71 96
71 77
72 91
72 92
74 76
74 89
74 76
74 90
75 85
75 86
75 79
76 99
76 88
76 98
76 95
76 82
76 88
76 93
77 87
77 92
77 83
77 84
77 95
77 88
78 95
78 99
79 84
79 99
79 96
81 95
81 98
82 94
82 88
82 99
85 91
86 96
88 98
89 99
89 94
89 92
89 99
92 97
92 93
92 99
93 99
94 98
95 98
98 99
